=== Intel RKD sift

4	0.807421	64	42.003223	0.365876	0.097819	0.050381	0.036041	0.028066	
4	0.036142	128	55.650116	0.707400	0.196596	0.105971	0.073985	0.056253	
4	0.036132	256	68.929398	1.392279	0.374533	0.200049	0.144410	0.122281	
4	0.035987	384	76.185921	2.028180	0.562506	0.307596	0.205448	0.161969	
4	0.036404	512	80.627457	2.759503	0.773422	0.403946	0.283712	0.217111	
4	0.036157	640	83.769760	4.172165	0.951077	0.496415	0.337942	0.279159	
4	0.036492	768	86.066071	4.050085	1.118676	0.592016	0.428324	0.323231	
4	0.035959	896	88.110580	4.664516	1.265067	0.683039	0.495696	0.393523	
4	0.036127	1024	89.550812	5.607668	1.498243	0.776113	0.551558	0.427309	
4	0.036140	1152	90.799675	6.000441	1.683437	0.889354	0.620259	0.479970	
4	0.035897	1280	91.706116	6.710961	1.861523	0.982855	0.705623	0.533720	
4	0.036655	1408	92.446365	7.316166	2.054884	1.102911	0.750744	0.587344	
4	0.035910	1536	93.025482	8.085921	2.238504	1.175438	0.825489	0.640535	
4	0.036042	1664	93.599556	8.692107	2.446728	1.290932	0.914805	0.705836	
4	0.036078	1792	94.108170	9.388167	2.590576	1.378702	0.963282	0.747277	
4	0.036004	1920	94.546280	10.016981	2.831144	1.487094	1.041840	0.808380	
4	0.036161	2048	94.929001	10.975108	2.943962	1.586967	1.109959	0.867812	
4	0.036546	2176	95.246246	11.376727	3.192259	1.678850	1.167521	0.914735	
4	0.036756	2304	95.508110	15.058865	3.426968	1.790188	1.247840	0.976384	
4	0.035883	2432	95.860611	12.761081	3.606482	1.948582	1.369203	1.036270	
4	0.036831	2560	96.198006	16.799792	3.804087	1.998236	1.393220	1.093623	
4	0.036245	2688	96.419579	14.046466	3.948599	2.064420	1.454112	1.131700	
4	0.036370	2816	96.605904	14.848554	4.161530	2.186700	1.549443	1.200619	
4	0.036009	2944	96.787193	15.430374	4.331346	2.233257	1.587228	1.234587	
4	0.036248	3072	96.983582	16.207560	4.459557	2.372668	1.660237	1.297137	
4	0.035909	3200	97.149765	16.625052	4.665096	2.449988	1.722588	1.340248	
4	0.035914	3328	97.265587	17.295153	4.813251	2.570837	1.787660	1.399825	
4	0.036253	3456	97.421692	17.905927	5.108017	2.686701	1.886570	1.458798	
4	0.035866	3584	97.512344	18.729533	5.148984	2.759136	2.014315	1.526930	
4	0.036069	3712	97.663406	19.307897	5.412821	2.857599	2.006713	1.568919	
4	0.036154	3840	97.794342	25.021153	5.776175	2.985726	2.096788	1.647873	
4	0.036541	3968	97.945412	25.702582	5.860070	3.079883	2.156050	1.698647	
4	0.035888	4096	98.056198	21.794658	5.907108	3.153430	2.243946	1.750319	
4	0.035926	4224	98.146843	21.898612	6.225272	3.288861	2.299002	1.796255	
4	0.035925	4352	98.277771	22.740794	6.469221	3.374398	2.371945	1.861182	
4	0.035936	4480	98.338196	23.200704	6.648764	3.487556	2.436578	1.906941	
4	0.036048	4608	98.393593	24.190108	6.812442	3.578796	2.585952	1.973625	
4	0.035918	4736	98.484238	24.740460	7.059980	3.712141	2.602579	2.045758	
4	0.036356	4864	98.544670	25.545276	7.183846	3.807474	2.692271	2.089503	
4	0.036217	4992	98.650421	33.036990	7.492745	3.957186	2.759984	2.174889	
4	0.035804	5120	98.695740	27.476551	7.654701	4.057780	2.872301	2.235264	
8	1.610449	64	45.850540	0.432376	0.121380	0.062999	0.044260	0.034421	
8	0.071982	128	60.454224	0.841494	0.241486	0.124721	0.087144	0.069074	
8	0.071646	256	74.086014	1.630517	0.452873	0.253262	0.172963	0.133809	
8	0.071445	384	81.040390	2.417377	0.689190	0.363454	0.254134	0.197255	
8	0.072652	512	85.084099	3.203215	0.917398	0.498626	0.348763	0.263207	
8	0.071562	640	87.863831	3.996839	1.147033	0.611763	0.420167	0.332282	
8	0.071335	768	90.014099	4.791826	1.362932	0.724544	0.518909	0.394595	
8	0.071638	896	91.514755	5.570115	1.625594	0.842419	0.591918	0.457485	
8	0.071701	1024	92.703194	6.445588	1.834001	0.974844	0.694086	0.528918	
8	0.071363	1152	93.644882	7.265584	2.052857	1.075813	0.776515	0.592941	
8	0.071426	1280	94.354919	8.010918	2.279041	1.215124	0.850889	0.655101	
8	0.071534	1408	95.009567	8.843284	2.565778	1.334838	0.930376	0.723678	
8	0.071791	1536	95.583641	12.272299	2.797219	1.461927	1.004223	0.801651	
8	0.071697	1664	96.041901	10.462867	3.011398	1.585083	1.121833	0.855795	
8	0.071771	1792	96.626045	11.306469	3.244717	1.707565	1.191517	0.927591	
8	0.071408	1920	96.948334	12.089832	3.453378	1.819179	1.276355	0.993810	
8	0.071490	2048	97.174942	12.978768	3.764381	1.959270	1.394445	1.067954	
8	0.071357	2176	97.431770	13.925286	3.862963	2.072989	1.451309	1.131763	
8	0.071326	2304	97.623123	14.711469	4.229252	2.222622	1.534767	1.195924	
8	0.071457	2432	97.794342	15.484097	4.458090	2.312310	1.661787	1.274129	
8	0.071541	2560	97.950447	16.316914	4.676173	2.426430	1.758897	1.338316	
8	0.071429	2688	98.066269	17.242227	4.997647	2.650676	1.822524	1.415612	
8	0.071510	2816	98.207268	18.065820	5.194260	2.734017	1.911153	1.490573	
8	0.070807	2944	98.318062	18.883316	5.425030	2.834438	1.978068	1.548788	
8	0.071316	3072	98.398628	19.742714	5.627951	2.977970	2.099557	1.625214	
8	0.071650	3200	98.519485	20.668448	5.924733	3.106076	2.169293	1.705971	
8	0.071412	3328	98.605095	21.514194	6.177736	3.208756	2.271177	1.782332	
8	0.071948	3456	98.685669	22.327387	6.268821	3.370483	2.364271	1.841710	
8	0.070787	3584	98.761208	23.215515	6.665801	3.473043	2.457543	1.920697	
8	0.072206	3712	98.851845	24.152981	6.918465	3.652095	2.560675	2.003145	
8	0.071625	3840	98.922348	24.971727	7.144844	3.767877	2.664969	2.092370	
8	0.071539	3968	99.002922	25.849475	7.449384	3.926925	2.773799	2.161622	
8	0.072875	4096	99.048248	26.883846	7.704009	4.021767	2.835870	2.252744	
8	0.071411	4224	99.098602	27.798014	7.878076	4.173866	2.944934	2.310174	
8	0.071486	4352	99.133850	28.693631	8.199736	4.274904	3.052462	2.387205	
8	0.071974	4480	99.179169	37.010134	8.516388	4.409995	3.128609	2.458758	
8	0.071262	4608	99.224495	30.426305	8.524567	4.569783	3.209810	2.532364	
8	0.071816	4736	99.259743	39.350249	8.955717	4.671050	3.315524	2.635703	
8	0.071320	4864	99.305061	32.156367	8.906048	4.876477	3.430459	2.698524	
8	0.071407	4992	99.335281	33.066057	9.405400	4.941402	3.503925	2.747384	
8	0.071324	5120	99.370537	33.998152	9.797530	5.187573	3.599053	2.847808	
16	3.215069	64	48.806526	0.510305	0.147572	0.074501	0.052722	0.041155	
16	0.143259	128	63.984287	1.015501	0.299329	0.156636	0.109126	0.085437	
16	0.142388	256	77.888008	1.940981	0.565113	0.307432	0.215093	0.163290	
16	0.142172	384	84.328735	2.872257	0.856934	0.440314	0.317055	0.241982	
16	0.142434	512	88.196198	3.827384	1.101757	0.591012	0.411544	0.321883	
16	0.143039	640	90.693924	4.776046	1.402953	0.728599	0.510286	0.401793	
16	0.142237	768	92.239906	5.720150	1.683214	0.875033	0.626647	0.478215	
16	0.142286	896	93.559273	6.682032	1.931362	1.020903	0.734717	0.566029	
16	0.144725	1024	94.692314	7.673225	2.249229	1.174544	0.841995	0.641010	
16	0.142492	1152	95.432571	8.636057	2.564552	1.343915	0.944766	0.718989	
16	0.142940	1280	96.062042	12.419034	2.848701	1.485040	1.038533	0.808021	
16	0.142720	1408	96.485046	10.636680	3.119928	1.615485	1.138299	0.887082	
16	0.142598	1536	96.862724	11.594893	3.423795	1.799045	1.242240	0.968184	
16	0.142205	1664	97.169907	12.636904	3.718736	1.949851	1.348502	1.059402	
16	0.143289	1792	97.482124	13.655218	4.035089	2.132837	1.463510	1.139090	
16	0.142496	1920	97.728874	14.651943	4.330345	2.251489	1.564683	1.225718	
16	0.142995	2048	97.975632	20.251894	4.700875	2.443066	1.691581	1.326400	
16	0.144354	2176	98.182091	16.865625	4.918372	2.606670	1.804494	1.411253	
16	0.143174	2304	98.378487	17.800527	5.253829	2.749851	1.886444	1.485855	
16	0.143770	2432	98.469131	18.826720	5.535258	2.922650	2.035574	1.578776	
16	0.143715	2560	98.605095	19.893720	5.737411	3.065501	2.125985	1.664326	
16	0.140869	2688	98.730988	21.074058	6.145964	3.227881	2.232359	1.768461	
16	0.142367	2816	98.871994	22.001089	6.511651	3.378664	2.365220	1.855152	
16	0.143022	2944	98.967674	23.188965	6.806279	3.565785	2.484907	1.957719	
16	0.142431	3072	99.058311	24.160374	7.060377	3.735401	2.612989	2.034986	
16	0.142429	3200	99.128815	25.254922	7.435974	3.872516	2.713303	2.120904	
16	0.142351	3328	99.224495	26.349916	7.803062	4.056877	2.838721	2.235840	
16	0.142402	3456	99.279884	27.426624	8.046257	4.215296	2.937647	2.332662	
16	0.142346	3584	99.330246	28.658184	8.176365	4.389642	3.055830	2.436943	
16	0.142611	3712	99.370537	29.572732	8.572234	4.484994	3.168675	2.487603	
16	0.142564	3840	99.385635	30.253923	8.821413	4.626574	3.294743	2.576691	
16	0.159188	3968	99.446068	31.291075	9.105762	4.810714	3.389109	2.679340	
16	0.142137	4096	99.491386	32.802183	9.426818	4.957764	3.497912	2.750863	
16	0.142154	4224	99.511536	33.797978	9.833504	5.160838	3.569909	2.867164	
16	0.143390	4352	99.551819	44.095213	10.089746	5.188025	3.758120	2.969855	
16	0.142423	4480	99.602173	35.958312	10.393786	5.540604	3.853646	3.084630	
16	0.142452	4608	99.622322	36.733323	10.757797	5.686858	4.007621	3.177477	
16	0.142746	4736	99.632385	38.189950	11.112751	5.911839	4.123078	3.279649	
16	0.141956	4864	99.652534	38.970202	11.344539	5.920975	4.241764	3.350634	
16	0.143648	4992	99.677711	40.186109	11.649720	6.215638	4.340454	3.450384	
16	0.143443	5120	99.692825	41.312771	11.946967	6.348079	4.521873	3.558646	
32	6.436014	64	52.054588	0.608523	0.175251	0.091327	0.064253	0.050402	
32	0.285279	128	66.552528	1.249566	0.368549	0.195808	0.139350	0.113729	
32	0.283535	256	80.149063	2.386205	0.699311	0.378095	0.263940	0.201327	
32	0.283743	384	86.881866	3.482708	1.040791	0.549013	0.390100	0.296913	
32	0.283373	512	90.457245	4.639718	1.388344	0.726580	0.504531	0.393361	
32	0.283750	640	92.542046	5.745815	1.710706	0.890643	0.639329	0.487839	
32	0.283389	768	94.193771	6.926735	2.069939	1.083711	0.746150	0.584426	
32	0.291381	896	95.437607	8.092860	2.285793	1.253669	0.901034	0.688905	
32	0.284031	1024	96.192970	9.335943	2.800318	1.469056	1.021796	0.784156	
32	0.283324	1152	96.696541	10.489766	3.167870	1.642710	1.141726	0.881849	
32	0.305947	1280	97.094368	11.641862	3.487406	1.823811	1.273677	0.992468	
32	0.283713	1408	97.477081	12.868866	3.855441	2.019381	1.390091	1.080418	
32	0.286424	1536	97.839661	14.138851	4.235869	2.194789	1.533337	1.193109	
32	0.283984	1664	98.151878	15.336465	4.568989	2.393402	1.656658	1.290294	
32	0.284158	1792	98.353310	16.562632	4.952617	2.593183	1.791709	1.401842	
32	0.285457	1920	98.554733	23.085998	5.242971	2.741436	1.922791	1.494555	
32	0.285439	2048	98.705811	24.930147	5.699684	2.963557	2.068953	1.618853	
32	0.283657	2176	98.816597	20.414345	6.095137	3.216029	2.225731	1.735468	
32	0.284568	2304	98.927383	21.743648	6.356669	3.360170	2.363468	1.830162	
32	0.283840	2432	99.038170	23.083114	6.877267	3.573984	2.510350	1.941724	
32	0.286233	2560	99.169098	31.364601	7.128004	3.721833	2.596629	2.047752	
32	0.283599	2688	99.234566	25.715207	7.575560	3.999202	2.770337	2.146106	
32	0.284927	2816	99.279884	26.931460	7.804344	4.199498	2.897369	2.267977	
32	0.284158	2944	99.355423	28.332084	8.402031	4.405904	3.081739	2.391263	
32	0.283434	3072	99.415848	29.631421	8.772149	4.564175	3.214673	2.510801	
32	0.284060	3200	99.476280	30.931187	9.264396	4.801144	3.343763	2.638124	
32	0.283760	3328	99.521599	32.142051	9.564885	4.986852	3.502218	2.745636	
32	0.283698	3456	99.556854	34.240105	9.916684	5.173385	3.630113	2.850540	
32	0.283664	3584	99.602173	34.917194	10.314064	5.401179	3.791299	2.974842	
32	0.283939	3712	99.622322	36.289289	10.615100	5.655266	3.955077	3.084860	
32	0.284213	3840	99.642464	37.577189	11.094875	5.835522	4.101673	3.241050	
32	0.283650	3968	99.667641	39.048783	11.496455	6.035832	4.262015	3.367340	
32	0.283524	4096	99.687782	40.829744	11.941266	6.295206	4.442263	3.473033	
32	0.283790	4224	99.707924	42.058507	12.190077	6.575687	4.533086	3.630229	
32	0.285338	4352	99.723038	55.455145	12.727875	6.703137	4.821015	3.767181	
32	0.283999	4480	99.758286	57.481143	13.246164	6.928287	4.833673	3.927991	
32	0.291258	4608	99.763321	58.839724	13.657832	7.069347	5.055300	4.002044	
32	0.283602	4736	99.788498	47.826516	14.084649	7.440375	5.220172	4.160876	
32	0.283546	4864	99.808640	48.849107	14.240029	7.618416	5.376419	4.272929	
32	0.285436	4992	99.823746	64.420138	14.711166	7.701815	5.521123	4.444444	
32	0.285508	5120	99.838860	52.006268	15.448071	8.102872	5.763215	4.554810	
64	12.860403	64	53.676098	0.966412	0.226095	0.114592	0.080015	0.062275	
64	0.578970	128	68.803505	1.566664	0.473566	0.247781	0.171708	0.134984	
64	0.569966	256	81.644676	2.952660	0.923385	0.474128	0.327325	0.257778	
64	0.565950	384	88.040085	5.761838	1.323950	0.692466	0.480419	0.373176	
64	0.570349	512	91.605400	5.746475	1.737837	0.915734	0.635788	0.495710	
64	0.570798	640	93.634811	7.131280	2.154627	1.134552	0.786595	0.614921	
64	0.569330	768	95.064964	8.602269	2.607860	1.360291	0.970877	0.740334	
64	0.569778	896	96.092255	9.995833	3.070906	1.596879	1.107460	0.854664	
64	0.569793	1024	96.777115	11.594683	3.460846	1.837441	1.275101	0.992916	
64	0.570869	1152	97.431770	13.035183	3.886723	2.059697	1.424547	1.107525	
64	0.569323	1280	97.869881	14.557516	4.398903	2.303589	1.613899	1.238550	
64	0.571684	1408	98.177055	16.076975	4.873287	2.537703	1.779270	1.373698	
64	0.570605	1536	98.469131	17.619624	5.331217	2.787192	1.933538	1.505084	
64	0.571118	1664	98.660484	19.162421	5.643482	3.015748	2.095758	1.639476	
64	0.570195	1792	98.831711	20.783507	6.172114	3.303732	2.267608	1.767196	
64	0.581455	1920	98.997887	22.301437	6.795907	3.526412	2.446179	1.904115	
64	0.571018	2048	99.143921	24.185886	7.294021	3.824699	2.659579	2.085964	
64	0.571683	2176	99.224495	25.817786	7.585610	4.085168	2.822445	2.220002	
64	0.575366	2304	99.274849	27.402706	8.298702	4.350011	3.023387	2.350585	
64	0.570183	2432	99.365494	29.027357	8.529631	4.583074	3.203273	2.511137	
64	0.569251	2560	99.410812	30.664428	9.306849	4.866176	3.401870	2.640925	
64	0.569307	2688	99.486351	32.351037	9.765685	5.117893	3.554528	2.812843	
64	0.570122	2816	99.516571	34.147033	10.371697	5.416751	3.754965	2.971531	
64	0.572005	2944	99.556854	35.751153	10.782970	5.672784	3.950415	3.092076	
64	0.570660	3072	99.587074	37.853653	11.235817	5.920755	4.180910	3.284266	
64	0.569661	3200	99.617287	39.359897	11.680715	6.203437	4.335485	3.433094	
64	0.572964	3328	99.652534	41.132567	12.255131	6.513084	4.552279	3.594966	
64	0.571072	3456	99.682747	42.866696	12.861211	6.785577	4.760984	3.755165	
64	0.569381	3584	99.723038	57.832287	13.473344	7.117372	5.001283	3.938602	
64	0.565586	3712	99.743179	59.876903	13.880496	7.299423	5.217977	4.058570	
64	0.566695	3840	99.778427	62.251914	14.639620	7.708480	5.401126	4.255338	
64	0.570390	3968	99.783463	50.047034	15.080293	7.982724	5.565875	4.389768	
64	0.569687	4096	99.808640	52.402148	15.639611	8.320820	5.903121	4.592693	
64	0.569998	4224	99.823746	54.024768	16.336770	8.529035	6.039134	4.766280	
64	0.575699	4352	99.833824	56.176591	16.688005	8.890215	6.169237	4.929332	
64	0.566388	4480	99.838860	74.298639	17.442782	9.041027	6.489210	5.129964	
64	0.570067	4608	99.848923	59.901674	17.638109	9.405403	6.719765	5.320285	
64	0.575997	4736	99.859001	61.581584	18.371422	9.858009	7.019779	5.864239	
64	0.578108	4864	99.874107	65.439447	18.933268	10.498680	7.492330	5.957987	
64	0.570903	4992	99.874107	67.027826	20.339030	10.545698	7.394369	5.906019	
64	0.578356	5120	99.879143	69.283434	20.249073	10.613214	7.724639	6.122569	
