=== Intel RKD sift

4	0.834475	64	42.003223	0.446194	0.100823	0.051809	0.038287	0.036844	
4	0.036859	128	55.650116	0.933712	0.205673	0.106128	0.073920	0.066264	
4	0.036696	256	68.929398	1.794823	0.406812	0.209453	0.149441	0.126455	
4	0.036664	384	76.185921	2.111889	0.608790	0.314018	0.220410	0.236741	
4	0.036316	512	80.627457	2.837968	0.810873	0.426089	0.295467	0.315432	
4	0.036616	640	83.769760	3.458396	1.013495	0.515052	0.362298	0.358911	
4	0.036942	768	86.066071	4.187483	1.238723	0.645921	0.448744	0.437188	
4	0.037258	896	88.110580	4.799804	1.441293	0.735202	0.510827	0.510423	
4	0.036400	1024	89.550812	5.616888	1.588773	0.807715	0.570559	0.542400	
4	0.036469	1152	90.799675	6.123303	1.781076	0.932009	0.643876	0.530807	
4	0.037075	1280	91.706116	7.183704	1.920705	0.992682	0.713480	0.669840	
4	0.036291	1408	92.446365	7.536140	1.963808	1.132890	0.780561	0.701939	
4	0.036672	1536	93.025482	8.693082	2.246190	1.181406	0.824828	0.772769	
4	0.036261	1664	93.599556	12.090321	3.039353	1.340418	0.925154	0.863533	
4	0.037014	1792	94.108170	10.068481	2.695170	1.393121	0.985272	0.833809	
4	0.037260	1920	94.546280	10.710201	2.809308	1.540591	1.065471	0.994005	
4	0.037206	2048	94.929001	11.326948	3.129464	1.631197	1.138277	0.936490	
4	0.036894	2176	95.246246	12.259000	3.286810	1.706275	1.214369	1.107284	
4	0.036833	2304	95.508110	15.611191	3.655488	1.905763	1.296554	1.030955	
4	0.036201	2432	95.860611	13.526991	3.706443	1.929310	1.367636	1.095529	
4	0.036951	2560	96.198006	18.933428	4.233719	2.130225	1.452766	1.317085	
4	0.036971	2688	96.419579	15.157625	3.976655	2.125444	1.481148	1.317477	
4	0.037037	2816	96.605904	15.779780	4.268597	2.197632	1.560848	1.448375	
4	0.036648	2944	96.787193	16.116661	4.683102	2.479336	1.643954	1.317120	
4	0.037076	3072	96.983582	17.574544	4.694240	2.464669	1.756252	1.351422	
4	0.037441	3200	97.149765	18.120977	4.751659	2.501844	1.772337	1.456710	
4	0.036441	3328	97.265587	24.491118	6.134963	2.644297	1.871001	1.686107	
4	0.036179	3456	97.421692	18.569896	5.349441	2.764263	1.922203	1.615670	
4	0.036512	3584	97.512344	24.330151	6.335783	2.844010	2.023626	1.763572	
4	0.037436	3712	97.663406	20.826242	5.924351	2.958048	2.070310	1.642401	
4	0.036364	3840	97.794342	25.971657	5.891587	3.141426	2.136712	1.755611	
4	0.036456	3968	97.945412	21.190600	6.377872	3.249936	2.293383	2.048557	
4	0.037183	4096	98.056198	22.346665	5.901349	3.308508	2.344506	1.974709	
4	0.037149	4224	98.146843	23.858955	6.429436	3.364567	2.424409	1.946942	
4	0.036072	4352	98.277771	31.396590	7.271927	3.709603	2.514006	2.147953	
4	0.036600	4480	98.338196	25.636913	7.006652	3.596078	2.547646	2.220611	
4	0.036885	4608	98.393593	25.448211	7.560661	3.921517	2.719100	2.107129	
4	0.037400	4736	98.484238	27.085065	7.862540	3.967626	2.817758	2.312313	
4	0.036980	4864	98.544670	28.132821	7.600773	3.863533	2.785366	2.292432	
4	0.036217	4992	98.650421	37.397599	8.488223	4.328428	2.916304	2.510497	
4	0.037246	5120	98.695740	38.317943	8.487447	4.357795	3.029500	2.404623	
8	1.654147	64	45.850540	0.541020	0.127402	0.065467	0.044580	0.040383	
8	0.073127	128	60.454224	0.900993	0.263081	0.132341	0.090696	0.096564	
8	0.072265	256	74.086014	1.666593	0.440961	0.265319	0.179837	0.189637	
8	0.072643	384	81.040390	2.471351	0.755134	0.386763	0.267963	0.251563	
8	0.072260	512	85.084099	3.288552	1.009728	0.513386	0.360128	0.339505	
8	0.072202	640	87.863831	4.087188	1.244922	0.658810	0.445393	0.432686	
8	0.072255	768	90.014099	6.289651	1.475325	0.743388	0.510650	0.435767	
8	0.072838	896	91.514755	7.406498	1.725161	0.891542	0.605493	0.506435	
8	0.073336	1024	92.703194	8.503292	1.985742	1.039721	0.706760	0.612857	
8	0.072179	1152	93.644882	7.426774	2.248873	1.159606	0.804972	0.741977	
8	0.074063	1280	94.354919	8.633536	2.235673	1.219622	0.880706	0.836404	
8	0.072650	1408	95.009567	11.623312	2.640391	1.373171	0.970290	0.800723	
8	0.072542	1536	95.583641	9.898331	2.929818	1.485099	1.059603	1.034189	
8	0.072503	1664	96.041901	10.811239	3.282242	1.667719	1.159311	1.046471	
8	0.072205	1792	96.626045	11.853258	3.408190	1.810869	1.248685	0.982242	
8	0.071676	1920	96.948334	17.009817	3.746693	1.892629	1.325770	1.160576	
8	0.071833	2048	97.174942	18.271763	4.180054	2.056558	1.429566	1.142592	
8	0.072908	2176	97.431770	14.258173	4.265967	2.239988	1.536291	1.353409	
8	0.072462	2304	97.623123	15.117575	4.714114	2.354936	1.596867	1.277390	
8	0.074164	2432	97.794342	16.584533	4.592086	2.420426	1.683902	1.339219	
8	0.073112	2560	97.950447	21.967652	5.696606	2.633045	1.773455	1.535344	
8	0.071704	2688	98.066269	22.730530	5.362391	2.743093	1.905824	1.540227	
8	0.072279	2816	98.207268	19.235337	5.362991	2.794691	1.947991	1.548334	
8	0.072937	2944	98.318062	19.469748	5.681802	2.915011	2.034813	1.614643	
8	0.073151	3072	98.398628	21.110337	5.839602	3.063881	2.140478	1.710818	
8	0.073026	3200	98.519485	22.090051	6.145462	3.188194	2.215568	1.798551	
8	0.071693	3328	98.605095	22.843141	6.461028	3.308215	2.341844	1.863187	
8	0.072656	3456	98.685669	29.108173	6.688723	3.454222	2.401330	1.906367	
8	0.072630	3584	98.761208	24.854895	7.181165	3.729130	2.580054	2.077629	
8	0.072216	3712	98.851845	33.569294	8.019009	3.847562	2.682000	2.331823	
8	0.073277	3840	98.922348	26.544003	7.210784	3.744269	2.715872	2.370395	
8	0.072968	3968	99.002922	26.916710	7.723001	4.041963	2.871945	2.288843	
8	0.074381	4096	99.048248	28.791488	7.796361	4.129155	3.003797	2.315209	
8	0.074010	4224	99.098602	29.738477	8.151583	4.241209	3.036312	2.375201	
8	0.071848	4352	99.133850	39.989154	10.225371	4.606421	3.191342	2.614238	
8	0.072382	4480	99.179169	40.938717	9.163361	4.705641	3.246150	2.879660	
8	0.073155	4608	99.224495	32.278445	9.080150	4.934256	3.334062	2.627790	
8	0.071820	4736	99.259743	43.568424	9.686993	5.007189	3.486187	2.724606	
8	0.072392	4864	99.305061	33.137228	9.787644	5.217821	3.629675	2.828337	
8	0.071458	4992	99.335281	45.870438	11.791917	5.423878	3.700555	3.243406	
8	0.073801	5120	99.370537	36.415009	10.192444	5.248721	3.767707	2.923063	
16	3.308371	64	48.806526	0.537770	0.148466	0.076382	0.054255	0.047024	
16	0.144076	128	63.984287	1.027640	0.322433	0.163296	0.114659	0.123219	
16	0.142757	256	77.888008	1.985595	0.619998	0.315787	0.220466	0.188348	
16	0.143575	384	84.328735	2.949286	0.908322	0.466724	0.324511	0.298483	
16	0.142802	512	88.196198	3.891818	1.218321	0.638729	0.431904	0.339340	
16	0.144453	640	90.693924	5.055793	1.471766	0.783287	0.533301	0.431312	
16	0.144997	768	92.239906	5.959524	1.814751	0.920154	0.649726	0.563812	
16	0.143069	896	93.559273	7.082436	1.967854	1.084694	0.748576	0.596637	
16	0.145397	1024	94.692314	8.157300	2.334559	1.218027	0.849619	0.696561	
16	0.144456	1152	95.432571	8.852199	2.725015	1.388731	0.966789	0.886276	
16	0.144996	1280	96.062042	9.865704	3.080459	1.574832	1.080737	1.008237	
16	0.142978	1408	96.485046	11.220490	3.278095	1.692639	1.184826	0.920624	
16	0.144650	1536	96.862724	16.309130	3.759734	1.912979	1.303315	1.146147	
16	0.143518	1664	97.169907	12.913207	3.981626	2.093885	1.421101	1.256295	
16	0.143203	1792	97.482124	13.960489	4.324385	2.200251	1.529536	1.319475	
16	0.143445	1920	97.728874	14.980812	4.623803	2.380099	1.652843	1.278180	
16	0.144075	2048	97.975632	22.087606	5.104315	2.544238	1.763928	1.554377	
16	0.144083	2176	98.182091	17.883968	5.144765	2.739138	1.885144	1.439872	
16	0.145315	2304	98.378487	18.953527	5.367864	2.807848	1.967192	1.574126	
16	0.144370	2432	98.469131	24.772688	5.768780	3.066663	2.066209	1.636421	
16	0.143159	2560	98.605095	20.288763	6.310601	3.250331	2.251183	1.706291	
16	0.146941	2688	98.730988	21.425770	6.658751	3.430768	2.368419	2.032785	
16	0.144521	2816	98.871994	29.562035	7.021006	3.511688	2.501658	1.967111	
16	0.143529	2944	98.967674	31.955173	7.255481	3.822147	2.594469	2.009543	
16	0.146234	3072	99.058311	31.297549	7.387128	3.828039	2.594087	2.045012	
16	0.144108	3200	99.128815	25.410956	7.761989	4.200723	2.800451	2.235245	
16	0.143457	3328	99.224495	33.989097	7.828956	4.057329	2.823844	2.265212	
16	0.145990	3456	99.279884	28.392787	8.471495	4.282709	3.072914	2.529185	
16	0.144175	3584	99.330246	28.724348	8.823533	4.492319	3.143994	2.669471	
16	0.144765	3712	99.370537	41.006848	9.174443	4.658663	3.242984	2.761154	
16	0.145012	3840	99.385635	39.738339	9.424719	4.782981	3.408079	2.604681	
16	0.142990	3968	99.446068	32.006345	9.458192	5.051598	3.520028	3.167829	
16	0.145343	4096	99.491386	33.469008	10.231452	5.311015	3.691300	2.883564	
16	0.144552	4224	99.511536	35.466306	10.064548	5.174246	3.733475	2.923992	
16	0.145893	4352	99.551819	47.165575	10.709081	5.463968	3.907491	3.256994	
16	0.144029	4480	99.602173	38.579083	11.432160	5.797279	4.072666	3.178695	
16	0.144960	4608	99.622322	50.375088	11.784660	6.245997	4.260542	3.666786	
16	0.146020	4736	99.632385	51.526507	12.390431	6.343008	4.338645	3.645859	
16	0.142878	4864	99.652534	40.632526	12.619625	6.860107	4.623757	3.455038	
16	0.145391	4992	99.677711	43.514971	12.464922	6.555903	4.610876	3.570892	
16	0.144390	5120	99.692825	57.011604	13.654165	7.162903	4.860910	3.761368	
32	6.603159	64	52.054588	0.664051	0.180581	0.095279	0.065180	0.056070	
32	0.290487	128	66.552528	1.337128	0.398886	0.202029	0.140147	0.114270	
32	0.289935	256	80.149063	2.523500	0.745408	0.385912	0.267734	0.218333	
32	0.287938	384	86.881866	4.976109	1.128756	0.578671	0.395505	0.373771	
32	0.286842	512	90.457245	4.889702	1.380299	0.744964	0.519162	0.528852	
32	0.285627	640	92.542046	5.895926	1.850203	0.954283	0.656347	0.593523	
32	0.285663	768	94.193771	7.102513	2.202476	1.132838	0.794591	0.660964	
32	0.286254	896	95.437607	8.252464	2.571774	1.316766	0.911900	0.804326	
32	0.290862	1024	96.192970	12.436328	3.278456	1.539093	1.050902	0.825039	
32	0.284976	1152	96.696541	10.730941	3.407672	1.765358	1.198039	0.948929	
32	0.288252	1280	97.094368	12.374596	3.243761	1.871118	1.308203	1.017392	
32	0.287997	1408	97.477081	17.313617	4.101478	2.119744	1.458273	1.159539	
32	0.284946	1536	97.839661	14.394428	4.517277	2.309784	1.592269	1.345294	
32	0.287263	1664	98.151878	15.720649	4.236156	2.360446	1.744087	1.462825	
32	0.285806	1792	98.353310	16.953956	5.287492	2.741442	1.886435	1.515194	
32	0.290653	1920	98.554733	18.901882	5.545544	2.880405	2.039093	1.713362	
32	0.287567	2048	98.705811	25.592397	6.019059	3.127522	2.144898	1.991634	
32	0.289205	2176	98.816597	21.663784	6.393086	3.287476	2.295772	1.796199	
32	0.288217	2304	98.927383	22.384230	6.972683	3.550472	2.495572	2.193592	
32	0.287338	2432	99.038170	23.682567	7.081226	3.772040	2.637108	2.241217	
32	0.290074	2560	99.169098	33.878684	8.774443	4.173373	2.768064	2.295197	
32	0.287349	2688	99.234566	27.091086	7.995322	4.107430	2.964490	2.257131	
32	0.296106	2816	99.279884	28.411312	8.460847	4.543803	3.109967	2.418807	
32	0.286750	2944	99.355423	29.343875	9.097908	4.719423	3.274237	2.578316	
32	0.285778	3072	99.415848	30.388234	9.544568	4.940900	3.411979	2.874206	
32	0.287069	3200	99.476280	32.190437	9.507078	5.037899	3.512997	2.783794	
32	0.288990	3328	99.521599	34.146659	10.007893	5.182867	3.709136	3.136290	
32	0.291771	3456	99.556854	45.663851	12.321790	5.627762	3.904929	3.403094	
32	0.285718	3584	99.602173	36.000957	11.335684	5.880041	4.074596	3.079858	
32	0.289219	3712	99.622322	49.161127	11.759392	6.120037	4.181520	3.413368	
32	0.288706	3840	99.642464	50.918508	12.358954	6.256962	4.398797	3.580048	
=== Intel RKD sift

32	6.517871	3968	99.667641	38.797139	10.428145	5.470320	3.837079	2.982443	
32	0.288964	4096i	99.687782	41.299479	11.944974	6.405775	4.487265	3.607989	
32	0.285881	4224i	99.707924	42.518600	12.272829	6.653132	4.669552	3.711138	
32	0.285785	4352i	99.723038	44.035150	13.029570	6.866569	4.851880	3.842421	
32	0.283019	4480i	99.758286	58.032916	13.457043	7.099807	4.990388	4.001860	
32	0.286570	4608i	99.763321	47.059550	13.787466	7.331429	5.171845	4.090013	
32	0.285519	4736i	99.788498	48.328496	14.085082	7.587205	5.305738	4.195600	
32	0.285386	4864i	99.808640	49.832749	14.675176	7.741154	5.515845	4.341902	
32	0.287040	4992i	99.823746	51.357619	15.371403	8.181941	5.778705	4.540672	
32	0.285609	5120i	99.838860	52.802019	15.539917	8.378802	5.895370	4.676996	
64	12.856840	64	53.676098	0.760248	0.229717	0.119548	0.081072	0.063098	
64	0.570501	128	68.803505	1.566267	0.465768	0.250048	0.173588	0.134837	
64	0.573804	256	81.644676	2.952397	0.857672	0.482628	0.329448	0.254059	
64	0.566066	384	88.040085	4.318385	1.308288	0.703104	0.488787	0.372683	
64	0.567153	512	91.605400	5.749219	1.736673	0.908174	0.636652	0.493796	
64	0.571227	640	93.634811	7.140165	2.182769	1.139828	0.792927	0.617857	
64	0.566257	768	95.064964	8.570256	2.609152	1.366239	0.946945	0.734160	
64	0.568350	896	96.092255	10.048599	3.058353	1.583798	1.104196	0.866649	
64	0.566654	1024	96.777115	11.577934	3.467195	1.823853	1.270134	0.986596	
64	0.566342	1152	97.431770	13.001176	3.970844	2.075038	1.428640	1.113184	
64	0.567520	1280	97.869881	14.547871	4.289095	2.293364	1.586334	1.237837	
64	0.567595	1408	98.177055	16.093061	4.865107	2.567355	1.770467	1.371758	
64	0.569516	1536	98.469131	17.720727	5.330294	2.788731	1.935267	1.504669	
64	0.566229	1664	98.660484	19.114927	5.858392	3.065727	2.113741	1.632889	
64	0.567643	1792	98.831711	20.724202	6.230617	3.298899	2.283185	1.769455	
64	0.572838	1920	98.997887	22.321500	6.584139	3.530497	2.464029	1.924379	
64	0.566839	2048	99.143921	24.155500	7.150686	3.781751	2.637565	2.063598	
64	0.567436	2176	99.224495	25.749275	7.751715	4.022830	2.825342	2.205724	
64	0.573111	2304	99.274849	27.404297	8.285189	4.323078	3.003555	2.355740	
64	0.567746	2432	99.365494	29.007799	8.847555	4.662071	3.212280	2.494808	
64	0.580097	2560	99.410812	30.749355	9.354230	4.863605	3.389411	2.650923	
64	0.567015	2688	99.486351	32.329690	9.877732	5.133860	3.583702	2.807352	
64	0.567504	2816	99.516571	34.181316	10.045405	5.385529	3.734874	2.969463	
64	0.573308	2944	99.556854	35.866584	10.754703	5.703992	3.952381	3.112244	
64	0.572833	3072	99.587074	37.585179	10.819262	5.868309	4.131016	3.280625	
64	0.569187	3200	99.617287	39.427756	11.952874	6.342979	4.419259	3.448469	
64	0.572676	3328	99.652534	41.049537	12.158171	6.498270	4.543402	3.710105	
64	0.569170	3456	99.682747	42.934292	12.828272	6.649230	4.732182	3.726968	
64	0.566462	3584	99.723038	44.541420	13.382807	7.000039	4.921861	3.889624	
64	0.566360	3712	99.743179	46.374867	13.513864	7.324593	5.149989	4.047920	
64	0.569709	3840	99.778427	47.700757	14.095640	7.423840	5.242846	4.188293	
64	0.566660	3968	99.783463	49.525701	14.606568	7.747065	5.534645	4.291569	
64	0.566508	4096	99.808640	67.229853	15.646839	8.197427	5.778917	4.520754	
64	0.569215	4224	99.823746	68.863461	15.981545	8.310083	5.821443	4.692534	
64	0.572616	4352	99.833824	55.530752	16.438034	8.730215	6.230036	4.887647	
64	0.568958	4480	99.838860	73.313395	16.855428	8.995393	6.327105	5.055906	
64	0.567760	4608	99.848923	58.678983	17.552644	9.220654	6.466592	5.172895	
64	0.569160	4736	99.859001	77.795910	17.861022	9.208606	6.666408	5.361927	
64	0.567010	4864	99.874107	62.668837	18.675048	9.840502	6.942437	5.494520	
64	0.569012	4992	99.874107	64.573464	18.950193	10.045709	7.187118	5.705519	
64	0.567181	5120	99.879143	66.795684	19.648245	10.531872	7.399099	5.820475	
