=== AMD RKD gist

4	0.221506	64	50.199997	0.116123	0.019977	0.010244	0.006881	0.005625	0.004366	0.003829	0.003511	0.003122	
4	0.003310	128	63.450005	0.227476	0.037052	0.018195	0.012273	0.009926	0.008060	0.006759	0.005809	0.005561	
4	0.003874	256	76.099998	0.443327	0.063412	0.032176	0.021818	0.018757	0.013979	0.011277	0.010113	0.009204	
4	0.004237	384	82.500000	0.662202	0.091478	0.048605	0.032847	0.023934	0.018832	0.016140	0.014040	0.012851	
4	0.004151	512	87.900002	0.882615	0.120016	0.062710	0.040743	0.031744	0.025015	0.021194	0.018690	0.016747	
4	0.003381	640	90.900002	1.108625	0.149186	0.076153	0.051844	0.039521	0.031816	0.027867	0.025088	0.023096	
4	0.004295	768	93.699997	1.336483	0.179247	0.089963	0.060670	0.046285	0.037293	0.032177	0.028578	0.025874	
4	0.004048	896	95.349998	1.567312	0.207397	0.106889	0.072676	0.055130	0.045114	0.039174	0.034805	0.031968	
4	0.004232	1024	96.750000	1.797443	0.232750	0.118695	0.079940	0.060523	0.049452	0.042544	0.036944	0.033553	
4	0.004113	1152	97.549995	2.030396	0.265373	0.136039	0.092240	0.069896	0.056857	0.048844	0.043533	0.039029	
4	0.004133	1280	98.049995	2.283051	0.301984	0.151107	0.101529	0.076519	0.062331	0.053363	0.046907	0.041820	
4	0.003986	1408	98.650002	2.508954	0.328292	0.167214	0.111320	0.085713	0.069241	0.059288	0.051650	0.046278	
4	0.003961	1536	98.949997	2.762610	0.359424	0.183817	0.123418	0.094961	0.077160	0.066658	0.059393	0.053926	
4	0.004073	1664	99.150002	3.015836	0.396380	0.201502	0.135949	0.102780	0.084838	0.073193	0.064959	0.059426	
4	0.004191	1792	99.400002	3.274034	0.425595	0.220176	0.148579	0.113228	0.093453	0.081790	0.073503	0.068156	
4	0.004225	1920	99.650002	3.536579	0.466117	0.233507	0.158278	0.120049	0.099023	0.085013	0.075374	0.068495	
4	0.004111	2048	99.750000	3.806327	0.495490	0.253639	0.172079	0.131053	0.109096	0.095477	0.085281	0.079171	
8	0.438726	64	54.650002	0.131027	0.022491	0.011116	0.007838	0.006155	0.005242	0.004727	0.004599	0.004253	
8	0.008025	128	67.949997	0.240705	0.037985	0.018285	0.013043	0.010335	0.009042	0.008158	0.007434	0.007196	
8	0.007993	256	80.199997	0.475210	0.068680	0.036275	0.024035	0.019447	0.016288	0.014338	0.013146	0.012554	
8	0.008100	384	87.500000	0.717325	0.099148	0.051002	0.034459	0.026837	0.021762	0.019230	0.017894	0.016883	
8	0.006513	512	91.599998	0.959849	0.129038	0.068027	0.047267	0.036301	0.028773	0.025474	0.023209	0.022331	
8	0.007910	640	93.949997	1.255635	0.168616	0.083876	0.057611	0.045104	0.036598	0.032665	0.030693	0.029129	
8	0.008287	768	96.000000	1.467607	0.195496	0.102474	0.068637	0.053046	0.044264	0.039633	0.037241	0.035973	
8	0.006800	896	96.699997	1.734119	0.229304	0.117093	0.079689	0.061060	0.050532	0.044662	0.040949	0.038325	
8	0.007931	1024	97.549995	1.995439	0.265068	0.134611	0.092241	0.071034	0.058940	0.052220	0.047723	0.045094	
8	0.008061	1152	98.349998	2.280279	0.298585	0.153888	0.104566	0.081075	0.074945	0.061898	0.056574	0.055249	
8	0.006360	1280	98.949997	2.581580	0.339892	0.175453	0.118293	0.091072	0.076492	0.067603	0.062526	0.059013	
8	0.007823	1408	99.400002	2.864078	0.375222	0.192241	0.130458	0.099855	0.083120	0.073173	0.066632	0.062880	
8	0.006775	1536	99.599998	3.160603	0.409249	0.209863	0.142272	0.107862	0.088693	0.076956	0.067765	0.061006	
8	0.008102	1664	99.650002	3.484317	0.450481	0.230912	0.156910	0.119237	0.099348	0.086004	0.076906	0.071270	
8	0.008115	1792	99.650002	3.822081	0.497068	0.255045	0.174077	0.133890	0.112717	0.100915	0.092377	0.088249	
8	0.007982	1920	99.750000	4.167416	0.540943	0.279077	0.190325	0.147955	0.126386	0.115124	0.109077	0.103977	
8	0.008180	2048	99.900002	4.577082	0.604474	0.310698	0.211829	0.163144	0.139238	0.124893	0.115710	0.109711	
16	0.879713	64	58.200001	0.133683	0.023802	0.011986	0.008289	0.007027	0.005924	0.005819	0.005362	0.005214	
16	0.015581	128	70.650002	0.260446	0.044762	0.022642	0.015829	0.012706	0.011745	0.010829	0.010562	0.010378	
16	0.016039	256	83.350006	0.516264	0.073372	0.037775	0.027115	0.022783	0.020611	0.019166	0.018043	0.017525	
16	0.015594	384	89.500000	0.780736	0.105254	0.059113	0.038349	0.030619	0.023676	0.020843	0.019435	0.018577	
16	0.012154	512	93.250000	1.053242	0.144263	0.075544	0.050382	0.039801	0.033885	0.032480	0.030883	0.030683	
16	0.013506	640	95.300003	1.345971	0.178923	0.093966	0.065482	0.054045	0.048965	0.046925	0.045989	0.044914	
16	0.015913	768	96.800003	1.633565	0.219843	0.114810	0.080437	0.065989	0.067762	0.058547	0.055592	0.054223	
16	0.015520	896	97.649994	1.954005	0.260203	0.134029	0.092710	0.072205	0.061946	0.057176	0.054533	0.052021	
16	0.016129	1024	98.349998	2.263329	0.305941	0.155956	0.107161	0.083701	0.072079	0.066336	0.062662	0.060347	
16	0.015909	1152	98.549995	2.610801	0.346819	0.179132	0.122968	0.097705	0.085740	0.080076	0.077895	0.076917	
16	0.015271	1280	98.750000	3.042541	0.389623	0.202032	0.139767	0.111878	0.099350	0.094632	0.091752	0.089292	
16	0.013210	1408	99.000000	3.333100	0.435170	0.227757	0.156914	0.125770	0.113245	0.107691	0.104360	0.100789	
16	0.015695	1536	99.449997	3.695549	0.480423	0.247654	0.169222	0.129260	0.108337	0.096561	0.087644	0.083497	
16	0.013175	1664	99.599998	4.125344	0.536993	0.278304	0.190359	0.148257	0.129531	0.121106	0.117254	0.118436	
16	0.016057	1792	99.849998	4.541898	0.601457	0.310921	0.216993	0.177008	0.162873	0.158622	0.153715	0.152841	
16	0.015879	1920	99.900002	5.011769	0.667397	0.342078	0.239679	0.197387	0.183532	0.177211	0.170806	0.167699	
16	0.015921	2048	99.949997	5.728000	0.755706	0.384436	0.265617	0.207759	0.183491	0.170639	0.161896	0.154845	
32	1.758121	64	60.549999	0.145768	0.024684	0.013331	0.010193	0.008642	0.007849	0.007606	0.007203	0.006807	
32	0.031866	128	74.250000	0.288727	0.044624	0.022370	0.017677	0.016388	0.015883	0.015443	0.014917	0.014228	
32	0.030039	256	85.599998	0.569001	0.080611	0.042375	0.032806	0.029261	0.027350	0.025560	0.024783	0.023901	
32	0.030881	384	91.199997	0.862710	0.120217	0.063128	0.043302	0.033595	0.029184	0.028064	0.027897	0.027440	
32	0.024589	512	93.750000	1.171593	0.161153	0.084135	0.058961	0.050687	0.047880	0.047699	0.046745	0.045825	
32	0.032004	640	96.050003	1.502677	0.207554	0.109501	0.082144	0.074813	0.070854	0.067646	0.068253	0.066018	
32	0.031934	768	97.449997	1.836428	0.253271	0.132541	0.100735	0.090991	0.085797	0.082412	0.081146	0.078727	
32	0.026971	896	98.199997	2.216767	0.299416	0.156130	0.109276	0.089434	0.081629	0.078377	0.076110	0.075319	
32	0.025707	1024	98.849998	2.573569	0.349616	0.181840	0.129927	0.111261	0.105417	0.101966	0.099783	0.095692	
32	0.026236	1152	99.099998	3.001152	0.402398	0.211057	0.156247	0.134184	0.127343	0.127990	0.126177	0.125329	
32	0.032193	1280	99.349998	3.420427	0.465671	0.239760	0.173113	0.149545	0.135834	0.138249	0.132396	0.132699	
32	0.031408	1408	99.599998	3.866212	0.507057	0.262885	0.180365	0.140599	0.123249	0.116052	0.115294	0.115557	
32	0.031573	1536	99.650002	4.315267	0.567975	0.295841	0.208934	0.177041	0.168560	0.171951	0.174194	0.172069	
32	0.029952	1664	99.699997	4.890725	0.649576	0.344026	0.255396	0.230759	0.224781	0.221806	0.218438	0.216646	
32	0.031462	1792	99.750000	5.392632	0.716493	0.381200	0.287011	0.260568	0.255405	0.246840	0.243633	0.238597	
32	0.032198	1920	99.800003	6.043395	0.808251	0.417989	0.290495	0.238734	0.222941	0.211893	0.207309	0.207978	
32	0.030762	2048	99.900002	6.808526	0.909614	0.482871	0.362282	0.326806	0.313882	0.307349	0.305872	0.299471	
64	3.525955	64	62.500000	0.159782	0.028711	0.014718	0.011132	0.010268	0.009685	0.009432	0.009037	0.008968	
64	0.061249	128	74.349998	0.315373	0.048550	0.027487	0.022229	0.020233	0.018854	0.017535	0.016760	0.015953	
64	0.061522	256	86.250000	0.633969	0.093494	0.052321	0.037433	0.033606	0.031962	0.031289	0.030977	0.030647	
64	0.061825	384	91.949997	0.964246	0.136999	0.074633	0.057945	0.053026	0.050365	0.047835	0.045198	0.043845	
64	0.052236	512	95.349998	1.320026	0.187132	0.102226	0.080393	0.074104	0.072293	0.071472	0.069310	0.067323	
64	0.050785	640	96.550003	1.708909	0.238593	0.127480	0.096287	0.086195	0.082038	0.079420	0.076660	0.075748	
64	0.049426	768	97.549995	2.084048	0.291232	0.147361	0.103554	0.086291	0.081231	0.080642	0.080243	0.080747	
64	0.061446	896	98.150002	2.513509	0.348482	0.180570	0.133485	0.119681	0.118667	0.118360	0.125686	0.110051	
64	0.060931	1024	98.500000	2.950965	0.404179	0.223880	0.180333	0.168220	0.163240	0.161186	0.157690	0.154492	
64	0.048437	1152	99.000000	3.466240	0.473003	0.259815	0.210425	0.196654	0.189923	0.184208	0.183136	0.176832	
64	0.060721	1280	99.250000	3.934499	0.553665	0.293671	0.238556	0.221287	0.214162	0.211442	0.207753	0.201459	
64	0.051981	1408	99.500000	4.500642	0.612324	0.323950	0.231813	0.203197	0.196061	0.194973	0.195539	0.196676	
64	0.061040	1536	99.599998	5.032969	0.696253	0.363457	0.272468	0.246817	0.245824	0.236474	0.228323	0.220569	
64	0.055908	1664	99.699997	5.746005	0.780891	0.416572	0.320274	0.290087	0.288904	0.292586	0.289991	0.284721	
64	0.051307	1792	99.900002	6.366559	0.869753	0.462078	0.344795	0.306945	0.308262	0.298000	0.297278	0.294281	
64	0.051163	1920	99.900002	7.089563	0.940238	0.487499	0.340322	0.278645	0.271498	0.269268	0.270776	0.274864	
64	0.060462	2048	99.900002	8.121526	1.082041	0.567358	0.410424	0.364957	0.365468	0.371598	0.361373	0.350524	
