=== AMD RKD har

4	0.584312	64	45.385136	0.359883	0.059742	0.035330	0.030958	0.028475	0.027365	0.025767	0.024678	0.024335	
4	0.009747	128	58.500172	0.700977	0.103863	0.058670	0.046378	0.045155	0.043636	0.043165	0.042785	0.042518	
4	0.009960	256	71.649132	1.383668	0.199792	0.119915	0.111469	0.107310	0.100252	0.093868	0.089510	0.085933	
4	0.009905	384	78.333893	2.088224	0.306276	0.191461	0.177227	0.167012	0.152987	0.143708	0.137887	0.132287	
4	0.009498	512	82.643364	2.785087	0.401214	0.271683	0.265013	0.252334	0.235313	0.215259	0.206723	0.196628	
4	0.008246	640	85.646423	3.505819	0.500006	0.338936	0.327320	0.315891	0.294587	0.271407	0.254919	0.240040	
4	0.008208	768	88.259247	4.250547	0.607644	0.335102	0.285551	0.273947	0.258748	0.251116	0.244939	0.240711	
4	0.008253	896	90.634544	4.978156	0.704990	0.414219	0.376790	0.370137	0.328996	0.301495	0.280442	0.269480	
4	0.007900	1024	92.144554	5.722626	0.800506	0.491755	0.453684	0.444337	0.450388	0.399965	0.374155	0.352524	
4	0.008267	1152	93.332199	6.476589	0.903235	0.595662	0.565735	0.544242	0.508084	0.477997	0.453799	0.423200	
4	0.009943	1280	94.248390	7.261791	1.009034	0.561232	0.465672	0.444916	0.423984	0.412942	0.405843	0.396332	
4	0.009952	1408	95.096710	8.012841	1.105638	0.653976	0.581150	0.557768	0.521187	0.472575	0.442731	0.420773	
4	0.010118	1536	95.945030	8.788605	1.215300	0.746734	0.678548	0.668311	0.648177	0.594175	0.570907	0.536255	
4	0.009320	1664	96.369186	9.576667	1.333890	0.805659	0.713694	0.673084	0.631980	0.587395	0.559138	0.541649	
4	0.008373	1792	96.878181	10.336442	1.403185	0.761975	0.593329	0.574298	0.556313	0.541696	0.531933	0.519456	
4	0.007574	1920	97.217514	11.126218	1.511105	0.875602	0.791293	0.808401	0.770767	0.707474	0.658939	0.621352	
4	0.007546	2048	97.607735	11.977253	1.679552	1.010871	0.896526	0.842562	0.789747	0.748048	0.708209	0.679792	
4	0.007677	2176	97.981003	12.737900	1.728393	0.937972	0.735109	0.707917	0.682754	0.671462	0.660741	0.645598	
4	0.008413	2304	98.303360	14.042456	1.847876	1.069137	0.976882	0.979498	0.955870	0.850501	0.794823	0.757243	
4	0.009888	2432	98.557854	14.384702	2.013641	1.240901	1.116415	1.082342	1.037501	0.958637	0.947673	0.881795	
4	0.008180	2560	98.778419	15.243655	2.142465	1.299004	1.149047	1.078975	1.021231	0.949295	0.904867	0.868201	
8	1.164621	64	48.710552	0.390242	0.063379	0.037671	0.032892	0.031487	0.028946	0.027437	0.026910	0.026667	
8	0.015212	128	61.961319	0.767169	0.117895	0.068905	0.060154	0.059825	0.056215	0.053654	0.051671	0.051307	
8	0.016209	256	74.244995	1.532589	0.229049	0.158275	0.148747	0.140266	0.133244	0.125675	0.118573	0.114160	
8	0.019662	384	80.760101	2.321452	0.341081	0.235572	0.224384	0.210655	0.202243	0.181322	0.170706	0.160939	
8	0.019389	512	84.645401	3.139823	0.451836	0.279086	0.257633	0.240742	0.229424	0.208267	0.199650	0.194315	
8	0.019574	640	87.699356	3.976037	0.545928	0.306083	0.249492	0.248667	0.236689	0.227234	0.221786	0.217381	
8	0.018721	768	89.769257	4.820453	0.663973	0.382747	0.356822	0.361879	0.334615	0.308670	0.288483	0.276412	
8	0.016613	896	91.245338	5.695944	0.801413	0.506820	0.482125	0.467066	0.436761	0.403071	0.386513	0.365783	
8	0.015943	1024	92.517815	6.546676	0.912247	0.589136	0.554928	0.532114	0.502133	0.469651	0.444160	0.415713	
8	0.015286	1152	93.756363	7.481722	1.042745	0.575605	0.472358	0.453964	0.433213	0.422313	0.416149	0.408129	
8	0.020123	1280	94.774345	8.358492	1.155458	0.671444	0.586027	0.562622	0.526792	0.485761	0.460146	0.440292	
8	0.018367	1408	95.537834	9.265782	1.282130	0.741664	0.646081	0.619238	0.575525	0.533949	0.503753	0.486603	
8	0.019626	1536	96.284363	10.159337	1.405407	0.815419	0.706229	0.680130	0.629237	0.590336	0.554862	0.533386	
8	0.023618	1664	96.996948	11.107292	1.543787	0.922726	0.820589	0.791629	0.750653	0.755203	0.709373	0.665641	
8	0.015877	1792	97.522903	12.069585	1.685450	0.989781	0.860992	0.813241	0.754811	0.702533	0.687463	0.678123	
8	0.019375	1920	97.964027	12.953766	1.747862	0.944504	0.724496	0.690058	0.684477	0.671385	0.653788	0.647479	
8	0.018701	2048	98.218521	13.934086	1.898108	1.078610	0.972318	0.947292	0.913423	0.858118	0.804922	0.767651	
8	0.019895	2176	98.489990	14.854510	2.080631	1.329065	1.212750	1.137099	1.095490	1.026756	0.975749	0.945468	
8	0.018772	2304	98.710556	15.945914	2.219099	1.216864	0.988916	0.947966	0.916737	0.896476	0.894031	0.875674	
8	0.018976	2432	98.761452	16.848813	2.287619	1.232126	0.948855	0.905620	0.886631	0.870902	0.863817	0.851197	
8	0.019234	2560	98.931114	17.828474	2.506598	1.617902	1.471968	1.381118	1.330023	1.248318	1.193855	1.151710	
16	2.328361	64	51.510014	0.433986	0.071455	0.041773	0.036888	0.035558	0.034313	0.033312	0.032964	0.032696	
16	0.036769	128	65.049202	0.850032	0.135208	0.080769	0.071256	0.067151	0.063069	0.061096	0.060257	0.059430	
16	0.031553	256	77.061424	1.724729	0.257164	0.149923	0.133009	0.128394	0.123517	0.120153	0.118584	0.116912	
16	0.032356	384	82.914825	2.624283	0.383492	0.257482	0.245285	0.233590	0.218522	0.204749	0.193765	0.185979	
16	0.037830	512	86.851036	3.567480	0.518222	0.334682	0.317807	0.299980	0.277228	0.259248	0.246063	0.235097	
16	0.037173	640	89.633522	4.585853	0.654500	0.365371	0.310391	0.298039	0.286211	0.279656	0.273142	0.269037	
16	0.037366	768	91.465897	5.588656	0.783114	0.456024	0.402572	0.384918	0.352593	0.331001	0.316510	0.306866	
16	0.030225	896	92.874107	6.640042	0.932368	0.550372	0.491460	0.484718	0.460942	0.424508	0.400203	0.391093	
16	0.030906	1024	94.044792	7.683770	1.078604	0.627106	0.545791	0.516923	0.483676	0.459180	0.434325	0.428578	
16	0.030173	1152	94.960976	8.796100	1.197388	0.642913	0.497014	0.482097	0.484003	0.468280	0.454343	0.452479	
16	0.036427	1280	95.639633	10.639028	1.362564	0.752143	0.632122	0.633397	0.625545	0.581092	0.542438	0.535112	
16	0.031973	1408	96.284363	11.021148	1.532598	0.912503	0.814288	0.788913	0.750151	0.723761	0.702319	0.670799	
16	0.037955	1536	96.844254	12.121884	1.687573	1.007710	0.889658	0.846744	0.816581	0.776614	0.751216	0.726422	
16	0.033447	1664	97.353241	13.412534	1.870215	1.012313	0.805991	0.767848	0.753065	0.740991	0.735983	0.734150	
16	0.038858	1792	97.777405	15.145845	2.016092	1.130404	0.935148	0.904538	0.864757	0.826917	0.774947	0.752195	
16	0.030227	1920	98.065826	15.708223	2.147870	1.183076	0.969819	0.957582	0.922594	0.925941	0.877803	0.856291	
16	0.038320	2048	98.388191	17.003850	2.388524	1.401134	1.220003	1.167167	1.135257	1.094210	1.064676	1.040631	
16	0.031456	2176	98.744492	18.243975	2.551632	1.383829	1.098207	1.052035	1.039294	1.028978	1.015688	1.019715	
16	0.038583	2304	98.965050	19.450184	2.710855	1.516697	1.248051	1.164039	1.148718	1.094136	1.045575	1.023118	
16	0.037024	2432	99.134712	20.846639	2.909703	1.664900	1.410599	1.354164	1.365499	1.271342	1.243909	1.199558	
16	0.032562	2560	99.304375	22.088981	3.097187	1.754295	1.467974	1.376639	1.325395	1.287280	1.262909	1.229993	
32	4.663701	64	53.800476	0.485415	0.082237	0.049514	0.044267	0.043206	0.041805	0.040717	0.040211	0.039816	
32	0.062929	128	66.898544	0.968977	0.154643	0.095262	0.084649	0.080358	0.077167	0.075315	0.074381	0.073903	
32	0.067613	256	78.520531	1.986894	0.304680	0.186694	0.171473	0.164888	0.155681	0.149226	0.144663	0.141890	
32	0.061012	384	84.306076	3.066018	0.454372	0.272976	0.249299	0.233702	0.221272	0.213606	0.207861	0.203956	
32	0.067297	512	88.072617	4.202178	0.593547	0.326319	0.278499	0.279215	0.276765	0.261270	0.256852	0.253597	
32	0.065697	640	90.651512	5.453327	0.763915	0.428546	0.381241	0.377554	0.355812	0.339271	0.328557	0.322992	
32	0.060398	768	92.483887	6.679366	0.953867	0.554069	0.498732	0.480987	0.463623	0.433801	0.422398	0.408978	
32	0.064266	896	93.705460	8.007750	1.129775	0.652342	0.573305	0.551487	0.524237	0.506311	0.492151	0.476528	
32	0.075532	1024	94.774345	9.255538	1.312524	0.753594	0.653603	0.626019	0.598247	0.573121	0.558338	0.544318	
32	0.075955	1152	95.673569	10.723978	1.505836	0.815741	0.656475	0.633784	0.617392	0.607671	0.600446	0.599748	
32	0.062892	1280	96.437057	12.069575	1.695856	0.963693	0.817501	0.780856	0.751693	0.731567	0.712551	0.697768	
32	0.076782	1408	96.996948	13.581919	1.907646	1.024187	0.810250	0.777959	0.767519	0.754614	0.755035	0.749132	
32	0.077854	1536	97.438072	14.935995	2.094113	1.145593	0.920079	0.880171	0.857099	0.838324	0.822855	0.810858	
32	0.076992	1664	97.896164	16.549577	2.320251	1.281028	1.037722	0.997327	0.983257	0.949914	0.917203	0.923096	
32	0.065401	1792	98.201561	18.010592	2.524853	1.391313	1.122143	1.066224	1.055016	1.023292	0.997037	0.989558	
32	0.073133	1920	98.456055	19.558335	2.690760	1.449982	1.130842	1.097023	1.099664	1.070646	1.089718	1.061984	
32	0.075608	2048	98.625717	21.403572	3.026585	1.671141	1.344907	1.282068	1.272727	1.255757	1.271261	1.248244	
32	0.074474	2176	98.829315	22.802161	3.190443	1.788658	1.482706	1.399341	1.384731	1.348363	1.332481	1.324155	
32	0.074509	2304	98.965050	24.509647	3.423034	1.824123	1.390909	1.348268	1.341733	1.339332	1.339024	1.340866	
32	0.063240	2432	99.134712	26.332021	3.682004	2.000582	1.582096	1.515852	1.500332	1.467505	1.441211	1.436496	
32	0.067351	2560	99.253479	27.824203	3.921795	2.156409	1.731262	1.664380	1.689749	1.684094	1.616483	1.576473	
64	9.319686	64	54.394299	0.552630	0.098123	0.063634	0.060029	0.058222	0.055678	0.054739	0.054114	0.053904	
64	0.127213	128	67.797760	1.107802	0.178115	0.106080	0.100917	0.101069	0.099132	0.097503	0.097192	0.096212	
64	0.146237	256	79.555481	2.285314	0.347961	0.206768	0.197962	0.193686	0.186586	0.181886	0.179728	0.176951	
64	0.126230	384	85.222260	3.549986	0.538364	0.328101	0.310976	0.303547	0.291343	0.281399	0.275014	0.269899	
64	0.152899	512	88.378014	4.934605	0.728100	0.432614	0.395590	0.384620	0.368740	0.354825	0.349283	0.344535	
64	0.129933	640	90.753311	6.403824	0.928642	0.528219	0.474723	0.461752	0.446564	0.436977	0.430512	0.426305	
64	0.153187	768	92.636581	7.797634	1.128330	0.637210	0.559881	0.541804	0.521979	0.508820	0.502103	0.498553	
64	0.124285	896	93.756363	9.378171	1.351594	0.751679	0.644587	0.637680	0.626033	0.599377	0.590910	0.588344	
64	0.126038	1024	94.723442	10.920311	1.573169	0.867473	0.731155	0.732473	0.693460	0.686829	0.680842	0.677884	
64	0.150298	1152	95.554802	12.628698	1.767645	0.946515	0.745151	0.741737	0.743424	0.740536	0.742323	0.749422	
64	0.151438	1280	96.148628	14.200683	1.987748	1.061700	0.825570	0.821074	0.824901	0.830644	0.837355	0.846356	
64	0.126021	1408	96.691551	15.917342	2.222107	1.195624	0.945799	0.934870	0.950265	0.942014	0.953849	0.961207	
64	0.156625	1536	97.234474	17.507272	2.491715	1.364312	1.111956	1.100222	1.097508	1.095866	1.103829	1.101708	
64	0.154434	1664	97.556839	19.426265	2.758970	1.499516	1.222646	1.190960	1.197821	1.158998	1.163215	1.166876	
64	0.126368	1792	97.845268	21.138460	3.041298	1.648490	1.342105	1.317146	1.440478	1.318589	1.284162	1.278304	
64	0.124523	1920	98.133698	22.975371	3.269582	1.774876	1.433422	1.406082	1.402563	1.413757	1.390140	1.398540	
64	0.134676	2048	98.286392	25.051405	3.533149	1.867293	1.400243	1.368549	1.382052	1.397519	1.435803	1.453436	
64	0.123242	2176	98.506958	26.752949	3.724955	1.991355	1.538409	1.530115	1.556059	1.569363	1.593637	1.600639	
64	0.154508	2304	98.642693	28.784285	4.072270	2.212891	1.773369	1.742199	1.751803	1.790081	1.810891	1.831930	
64	0.150667	2432	98.778419	30.792088	4.386042	2.380164	1.905362	1.870916	1.884262	1.883573	1.900998	1.873590	
64	0.127976	2560	98.914154	32.553622	4.536864	2.402599	1.828960	1.798972	1.830855	1.884728	1.925559	1.943755	
128	18.571716	64	55.174755	0.660329	0.119923	0.086038	0.085157	0.085542	0.082377	0.080679	0.079724	0.079629	
128	0.255338	128	68.680016	1.271883	0.232948	0.159078	0.156867	0.156188	0.149410	0.145410	0.143049	0.142058	
128	0.257305	256	80.420769	2.707722	0.410886	0.255524	0.243142	0.239958	0.229186	0.223681	0.218018	0.215169	
128	0.306212	384	85.799118	4.072488	0.637488	0.390610	0.377908	0.375980	0.361657	0.349363	0.347973	0.346489	
128	0.304108	512	88.632507	5.641824	0.838188	0.479516	0.455129	0.465425	0.457705	0.450507	0.450720	0.446581	
128	0.301448	640	90.906006	7.310696	1.069198	0.610453	0.571040	0.589759	0.571154	0.579443	0.561195	0.561070	
128	0.298907	768	92.670509	8.922848	1.322935	0.765173	0.716375	0.725470	0.707834	0.711555	0.689398	0.686375	
128	0.258874	896	93.654564	10.652909	1.569182	0.897077	0.821018	0.833696	0.827209	0.829394	0.803154	0.811322	
128	0.300091	1024	94.672546	12.442166	1.817230	1.042579	0.954409	0.944634	0.926494	0.908749	0.903937	0.896478	
128	0.243252	1152	95.453003	14.291136	2.083183	1.181376	1.065062	1.043515	1.019960	1.014602	1.013663	1.013347	
128	0.241167	1280	95.894127	16.043871	2.333350	1.292914	1.130561	1.149129	1.126601	1.123338	1.112057	1.120730	
128	0.257841	1408	96.454018	17.935298	2.597417	1.433897	1.254603	1.270447	1.282932	1.251497	1.247121	1.239138	
128	0.242969	1536	96.674583	19.666794	2.794210	1.515598	1.254274	1.291607	1.330606	1.340642	1.352876	1.379574	
128	0.267050	1664	97.081779	21.726846	3.090043	1.678109	1.405763	1.446366	1.478041	1.502000	1.491734	1.526310	
128	0.253782	1792	97.387169	23.508732	3.396188	1.866294	1.618458	1.672103	1.699545	1.697946	1.707699	1.715638	
128	0.258437	1920	97.709534	25.532994	3.685090	2.031032	1.739564	1.778099	1.810082	1.825504	1.856716	1.885628	
128	0.262211	2048	98.031898	28.070398	3.998957	2.144909	1.707811	1.759041	1.805492	1.833100	1.891349	1.925257	
128	0.285779	2176	98.218521	29.504759	4.265668	2.351014	2.084416	2.102237	2.079102	2.093839	2.075224	2.086787	
128	0.253259	2304	98.286392	31.531416	4.570502	2.502170	2.137052	2.173344	2.221569	2.225464	2.204944	2.195437	
128	0.305777	2432	98.489990	33.977849	4.879899	2.659494	2.246454	2.302180	2.374815	2.321454	2.335481	2.337525	
128	0.251932	2560	98.710556	35.659965	5.132876	2.814831	2.494487	2.494330	2.559687	2.558982	2.523859	2.557307	
