=== AMD RKD sift

32	11.360379	3968	99.667641	69.108060	10.846427	6.729214	6.823363	6.824813	6.855102	6.704086	6.523108	6.460733	
32	0.495556	4096	99.687782	76.288495	11.882221	7.381776	7.707612	7.832317	7.658657	7.559515	7.460531	7.391711	
32	0.607543	4224	99.707924	75.214403	11.742442	7.807218	8.338892	8.388786	8.306550	8.133256	8.003043	8.031138	
32	0.602976	4352	99.723038	77.753179	12.064827	7.895372	8.386732	8.469481	8.445565	8.333970	8.267907	8.246948	
32	0.606829	4480	99.758286	81.139160	13.015312	8.929210	9.054580	8.804672	8.698521	8.665029	8.512830	8.498194	
32	0.607091	4608	99.763321	83.242125	13.327690	9.221583	9.472235	9.265494	9.015672	8.867475	8.874781	8.862908	
32	0.601051	4736	99.788498	86.406373	13.372430	8.642032	9.133178	9.331321	9.217524	9.144833	9.040412	9.063918	
32	0.457553	4864	99.808640	88.199046	14.294547	9.849146	10.075176	10.091370	10.120718	9.890205	9.777925	9.713218	
32	0.496755	4992	99.823746	91.615358	14.633852	10.125929	10.105965	9.935407	10.086586	9.869199	9.596590	9.558450	
32	0.494598	5120	99.838860	93.341282	15.001847	10.111958	10.329349	10.253610	10.242137	10.025540	9.901955	9.937471	
64	22.504768	64	53.676098	1.345132	0.229578	0.162865	0.164617	0.164213	0.159969	0.157246	0.156015	0.155634	
64	1.002372	128	68.803505	2.549656	0.436222	0.335219	0.337037	0.338220	0.328254	0.318179	0.315864	0.315069	
64	0.962616	256	81.644676	4.839241	0.837172	0.657547	0.648838	0.634729	0.616897	0.600202	0.592622	0.589117	
64	1.207588	384	88.040085	7.158621	1.222208	0.943981	0.925939	0.911395	0.903905	0.872068	0.867110	0.858316	
64	0.932166	512	91.605400	9.570431	1.583723	1.212408	1.169390	1.145435	1.137095	1.112520	1.097944	1.082503	
64	0.958913	640	93.634811	11.992810	1.902045	1.350471	1.386420	1.387787	1.370386	1.357238	1.351262	1.360004	
64	1.198734	768	95.064964	14.432752	2.294414	1.661983	1.703286	1.700911	1.656209	1.653826	1.636203	1.638118	
64	1.325909	896	96.092255	16.830627	2.790479	2.106020	2.101261	2.067102	1.984832	1.947682	1.924713	1.924618	
64	0.973736	1024	96.777115	19.452390	3.209022	2.382405	2.373865	2.345563	2.285646	2.274602	2.202379	2.205099	
64	0.996745	1152	97.431770	22.114692	3.561120	2.672353	2.605549	2.561291	2.539661	2.476090	2.429882	2.423106	
64	1.007384	1280	97.869881	24.467939	3.979714	2.966294	2.878183	2.814518	2.781072	2.704383	2.676587	2.683072	
64	0.994007	1408	98.177055	27.116504	4.455553	3.340549	3.329818	3.294376	3.276398	3.182703	3.109230	3.096208	
64	0.989083	1536	98.469131	29.601650	4.782253	3.572560	3.507048	3.445219	3.422910	3.307835	3.287356	3.263865	
64	0.987221	1664	98.660484	32.805203	5.297589	3.920442	3.852885	3.758133	3.643556	3.654569	3.599494	3.552939	
64	0.967148	1792	98.831711	35.061319	5.711123	4.154810	4.201460	4.137617	3.918033	3.912429	3.912177	3.935415	
64	1.222814	1920	98.997887	38.097016	6.181775	4.497203	4.497428	4.386386	4.256606	4.217745	4.226490	4.228460	
64	0.979466	2048	99.143921	41.678776	6.611716	4.333927	4.521498	4.569355	4.520396	4.433888	4.370680	4.367789	
64	1.192558	2176	99.224495	44.009272	7.099723	5.143790	5.189222	5.064536	4.945041	4.890688	4.808072	4.833773	
64	1.023110	2304	99.274849	46.352254	7.259121	4.996378	5.213174	5.259838	5.161622	5.146438	5.107642	5.116342	
64	1.210540	2432	99.365494	49.943202	7.780937	5.427752	5.663395	5.669456	5.632646	5.533279	5.507672	5.516891	
64	0.944889	2560	99.410812	51.874135	8.472980	6.240921	6.337322	6.267167	6.185916	5.929579	5.829984	5.797863	
64	1.184514	2688	99.486351	55.874163	9.062653	6.600768	6.665501	6.597474	6.540094	6.448270	6.313685	6.250660	
64	1.005678	2816	99.516571	57.796733	9.263538	6.906956	6.801662	6.707288	6.581337	6.516564	6.343593	6.318084	
64	0.990921	2944	99.556854	61.900905	9.936223	7.323551	7.253312	7.081581	6.972179	6.889576	6.730744	6.676900	
64	1.218049	3072	99.587074	63.501802	10.361162	7.423153	7.502655	7.365836	7.297057	7.141335	7.088023	7.058823	
64	0.978827	3200	99.617287	67.767667	10.910269	7.886699	7.986046	7.782451	7.650016	7.519102	7.466767	7.510007	
64	0.988955	3328	99.652534	70.421003	11.040197	7.453932	7.800247	7.893566	7.825408	7.674397	7.718423	7.752301	
64	0.945243	3456	99.682747	72.860192	11.545697	8.018093	8.436801	8.457076	8.354570	8.112096	8.096705	8.145136	
64	1.220339	3584	99.723038	75.515169	12.321023	8.955028	9.059407	8.886005	8.349502	8.376349	8.414524	8.463392	
64	1.232368	3712	99.743179	80.565684	12.951459	9.343068	9.472363	9.272349	9.211018	8.828321	8.791642	8.825013	
64	0.953796	3840	99.778427	82.112266	12.866464	8.751893	9.208070	9.308370	9.209001	9.108383	8.990384	9.089233	
64	1.003354	3968	99.783463	86.352279	13.969323	10.438540	10.485995	10.416151	10.102018	10.050475	9.909386	9.639681	
64	1.213996	4096	99.808640	94.039882	15.266527	10.481333	10.393056	10.239756	10.046797	9.690369	9.544301	9.346347	
64	0.914612	4224	99.823746	92.891423	15.068910	11.010856	11.153891	11.048042	10.988209	10.540983	10.377264	10.312304	
64	1.207045	4352	99.833824	95.979149	15.597394	11.368549	11.660725	11.604274	11.173356	11.008396	10.777141	10.748472	
64	0.986661	4480	99.838860	100.255435	15.926666	11.595615	11.514427	11.378993	11.332625	11.183327	10.828011	10.766157	
64	0.986005	4608	99.848923	101.819428	16.104907	11.400079	11.881635	11.844729	11.635579	11.435773	11.306237	11.294645	
64	0.916159	4736	99.859001	106.618684	17.344184	12.765884	12.882126	12.618983	12.378394	12.090714	11.682772	11.709062	
64	0.918499	4864	99.874107	108.629091	17.824768	13.199093	13.262082	13.072255	13.006804	12.783065	12.371903	12.295508	
64	0.979084	4992	99.874107	115.201730	17.795945	12.049565	12.516305	12.662609	12.453206	12.406694	12.409391	12.335351	
64	1.005774	5120	99.879143	115.400010	18.667516	13.404148	13.564404	13.189701	12.999487	12.718342	12.581314	12.520884	
4	1.415338	64	42.003223	0.756345	0.127952	0.075061	0.065154	0.064114	0.062758	0.061979	0.061460	0.061090	
4	0.076991	128	55.650116	1.441269	0.240715	0.140030	0.128026	0.125399	0.123177	0.121743	0.120496	0.119852	
4	0.078270	256	68.929398	2.766009	0.451690	0.260699	0.240507	0.231802	0.226637	0.224065	0.222912	0.222073	
4	0.075052	384	76.185921	4.106750	0.665624	0.388427	0.357999	0.342674	0.338241	0.329661	0.328370	0.328416	
4	0.064060	512	80.627457	5.430378	0.883386	0.508192	0.460378	0.454862	0.446424	0.438980	0.435822	0.435933	
4	0.067610	640	83.769760	6.769629	1.097922	0.627614	0.565241	0.552524	0.543819	0.533453	0.533856	0.531495	
4	0.075607	768	86.066071	8.082166	1.268762	0.706367	0.629181	0.633024	0.636539	0.633454	0.632133	0.633799	
4	0.078163	896	88.110580	9.420287	1.483143	0.834941	0.747335	0.752478	0.752350	0.742670	0.748944	0.743199	
4	0.074383	1024	89.550812	10.714789	1.674492	0.929813	0.818474	0.827021	0.827843	0.829419	0.833955	0.832976	
4	0.069962	1152	90.799675	12.071175	1.910379	1.079828	0.974521	0.991622	0.979277	0.964824	0.957453	0.966166	
4	0.076803	1280	91.706116	13.354273	2.170745	1.250661	1.133195	1.124216	1.116468	1.112510	1.102001	1.089425	
4	0.063513	1408	92.446365	14.728850	2.391602	1.368640	1.236045	1.227925	1.213525	1.216815	1.197429	1.191703	
4	0.077873	1536	93.025482	16.003099	2.514271	1.411196	1.253697	1.265326	1.271912	1.244824	1.240971	1.261979	
4	0.066729	1664	93.599556	17.353761	2.815851	1.611686	1.446447	1.434845	1.439706	1.434764	1.425332	1.411656	
4	0.062327	1792	94.108170	18.642599	3.023713	1.737187	1.563167	1.558107	1.568226	1.549979	1.537248	1.519276	
4	0.075533	1920	94.546280	20.017575	3.248596	1.869495	1.689213	1.679917	1.675849	1.659641	1.642568	1.626142	
4	0.077016	2048	94.929001	21.668938	3.386994	1.868432	1.620483	1.678173	1.671417	1.672118	1.674305	1.678363	
4	0.067901	2176	95.246246	22.738200	3.686086	2.100783	1.896306	1.875845	1.867451	1.830103	1.823606	1.824054	
4	0.064162	2304	95.508110	24.040990	3.762141	2.084561	1.842913	1.876876	1.885761	1.885745	1.906120	1.906323	
4	0.082419	2432	95.860611	25.411579	4.006132	2.242719	2.010844	2.030557	2.028232	2.022687	2.030170	2.038030	
4	0.071993	2560	96.198006	26.648148	4.321268	2.489274	2.242837	2.232424	2.225514	2.198909	2.241630	2.212163	
4	0.077006	2688	96.419579	28.163264	4.556818	2.612987	2.360736	2.323704	2.349781	2.340742	2.335031	2.297510	
4	0.077011	2816	96.605904	29.412810	4.768419	2.741073	2.493408	2.473601	2.393864	2.377192	2.377012	2.393776	
4	0.062602	2944	96.787193	30.865110	5.000360	2.858419	2.572341	2.535948	2.526806	2.491948	2.494218	2.505613	
4	0.074345	3072	96.983582	32.044530	5.028766	2.789153	2.423065	2.448995	2.489277	2.491419	2.493057	2.534667	
4	0.065233	3200	97.149765	33.487904	5.433763	3.126588	2.826663	2.791506	2.809043	2.803866	2.760560	2.773905	
4	0.079501	3328	97.265587	34.804828	5.594734	3.170920	2.921146	2.835698	2.824925	2.792294	2.789132	2.794284	
4	0.070943	3456	97.421692	36.143194	5.833618	3.369468	3.130851	3.022863	2.985437	2.932169	2.905388	2.918956	
4	0.062942	3584	97.512344	37.448071	6.090048	3.481931	3.149670	3.117348	3.092336	3.079815	3.022806	3.066782	
4	0.076899	3712	97.663406	39.026956	6.312181	3.625285	3.283990	3.253019	3.254591	3.178383	3.143049	3.176585	
4	0.059787	3840	97.794342	40.229828	6.534087	3.745718	3.381807	3.336636	3.394749	3.281898	3.298955	3.327082	
4	0.074491	3968	97.945412	41.530531	6.514599	3.616307	3.177549	3.248642	3.275255	3.314434	3.312146	3.359658	
4	0.060360	4096	98.056198	43.663782	7.054726	4.086189	3.679424	3.666381	3.655171	3.636484	3.560267	3.601058	
4	0.060638	4224	98.146843	44.333937	7.182359	4.193956	3.822038	3.823778	3.795888	3.795756	3.752391	3.739908	
4	0.078284	4352	98.277771	45.656421	7.349709	4.208265	3.924706	3.792625	3.782073	3.741342	3.743922	3.747604	
4	0.075740	4480	98.338196	47.094019	7.594965	4.427688	4.107087	4.009057	3.953375	3.842451	3.816333	3.837646	
4	0.067607	4608	98.393593	48.344764	7.849444	4.567469	4.280116	4.130359	4.203724	4.040757	3.993953	4.013954	
4	0.065305	4736	98.484238	49.860380	8.107481	4.661584	4.219088	4.185659	4.203272	4.154786	4.104014	4.159144	
4	0.062629	4864	98.544670	51.253031	8.363562	4.844249	4.442460	4.404387	4.382378	4.295199	4.287052	4.284984	
4	0.062782	4992	98.650421	52.672616	8.552071	4.937430	4.454023	4.432610	4.598168	4.486982	4.461213	4.469722	
4	0.061721	5120	98.695740	53.921074	8.765122	5.065430	4.607515	4.671624	4.639061	4.642319	4.617995	4.598664	
8	2.799850	64	45.850540	0.854351	0.145542	0.091089	0.084282	0.081070	0.078540	0.077272	0.076500	0.076336	
8	0.132818	128	60.454224	1.620108	0.266707	0.177561	0.167162	0.160945	0.156109	0.153374	0.152072	0.151951	
8	0.144533	256	74.086014	3.102230	0.520703	0.317111	0.306146	0.302658	0.294739	0.288925	0.285936	0.287314	
8	0.153756	384	81.040390	4.611254	0.762374	0.460155	0.443539	0.436461	0.423415	0.419106	0.414843	0.417267	
8	0.124064	512	85.084099	6.101134	0.976295	0.563876	0.544057	0.551798	0.545616	0.543192	0.541837	0.543679	
8	0.122473	640	87.863831	7.642171	1.220354	0.720058	0.696525	0.711867	0.702118	0.683500	0.675609	0.682620	
8	0.150023	768	90.014099	9.130501	1.502204	0.903309	0.874985	0.876522	0.866957	0.858329	0.848244	0.839024	
8	0.121703	896	91.514755	10.686363	1.754021	1.058473	1.024917	1.020170	1.018742	0.991920	0.980593	0.975625	
8	0.152863	1024	92.703194	12.183467	2.006311	1.192186	1.141416	1.132705	1.123176	1.090047	1.077663	1.084168	
8	0.152931	1152	93.644882	13.816719	2.254498	1.331302	1.276461	1.266427	1.240589	1.232453	1.221086	1.216082	
8	0.131805	1280	94.354919	15.280977	2.426457	1.414083	1.357511	1.372354	1.363939	1.357931	1.348652	1.354700	
8	0.152206	1408	95.009567	16.835115	2.752674	1.636700	1.575287	1.574624	1.555379	1.546123	1.529822	1.524393	
8	0.127307	1536	95.583641	18.310250	3.017432	1.795812	1.725961	1.736366	1.718527	1.702617	1.672700	1.680064	
8	0.153749	1664	96.041901	20.092377	3.247119	1.978476	1.907596	1.851867	1.837443	1.818602	1.795417	1.795964	
8	0.139999	1792	96.626045	21.494734	3.488758	2.134737	2.049534	2.006603	1.951951	1.960382	1.923536	1.904227	
8	0.155105	1920	96.948334	23.179884	3.768096	2.216460	2.117963	2.127410	2.093787	2.055150	2.040051	2.047433	
8	0.124682	2048	97.174942	25.232887	4.099266	2.393595	2.278194	2.273612	2.231570	2.197942	2.180723	2.175508	
8	0.121988	2176	97.431770	26.345163	4.282028	2.519880	2.403716	2.386732	2.383482	2.338844	2.324824	2.352035	
8	0.118059	2304	97.623123	27.915881	4.398094	2.497681	2.364473	2.413104	2.395192	2.429534	2.435706	2.481091	
8	0.137552	2432	97.794342	29.681096	4.686434	2.702928	2.601902	2.704197	2.629832	2.672054	2.659951	2.637794	
8	0.121633	2560	97.950447	30.958575	5.060583	2.994419	2.916486	2.942624	2.954551	2.908194	2.848657	2.831072	
8	0.151551	2688	98.066269	32.790188	5.171067	2.958285	2.816317	2.865858	2.873588	2.876680	2.873431	2.929920	
8	0.128823	2816	98.207268	34.243637	5.426048	3.151394	3.025266	3.144082	3.121122	3.139125	3.090943	3.103298	
8	0.129665	2944	98.318062	36.056644	5.865001	3.533316	3.436446	3.445538	3.413477	3.321659	3.306759	3.311188	
8	0.124295	3072	98.398628	37.438669	6.101850	3.669142	3.550014	3.565639	3.550404	3.548322	3.511274	3.463692	
8	0.146800	3200	98.519485	39.334359	6.344347	3.877036	3.784753	3.687144	3.649890	3.588739	3.565010	3.553151	
8	0.156897	3328	98.605095	41.014012	6.631402	4.042033	3.930211	3.836504	3.757112	3.705365	3.676087	3.655543	
8	0.129604	3456	98.685669	42.310939	6.907957	4.171912	4.056493	4.078591	4.046469	4.017582	3.929959	3.941557	
8	0.151724	3584	98.761208	43.919027	7.170265	4.318660	4.196598	4.195822	4.206307	4.220201	4.093018	4.088708	
8	0.125398	3712	98.851845	45.939228	7.408639	4.534109	4.437606	4.312740	4.290955	4.288463	4.181212	4.160943	
8	0.129844	3840	98.922348	47.302984	7.678070	4.699410	4.578994	4.464629	4.464444	4.339325	4.349871	4.325648	
8	0.119549	3968	99.002922	62.314271	7.981957	4.760427	4.697359	4.638429	4.568767	4.477090	4.469975	4.436774	
8	0.131273	4096	99.048248	52.150231	8.509986	4.956215	4.771048	4.771777	4.677925	4.606012	4.525193	4.598584	
8	0.152776	4224	99.098602	52.359768	8.503308	5.014086	4.842239	4.848164	4.823261	4.744413	4.778283	4.779662	
8	0.119468	4352	99.133850	54.009100	8.516857	4.881259	4.856251	4.978127	4.993623	4.956271	4.928661	4.930894	
8	0.153188	4480	99.179169	56.158455	8.808894	5.080629	4.908284	5.051504	5.127808	5.168750	5.146729	5.127919	
8	0.150119	4608	99.224495	57.386121	9.102719	5.291657	5.096429	5.186468	5.173153	5.192347	5.220171	5.198045	
8	0.141372	4736	99.259743	59.409450	9.648904	5.857376	5.701448	5.757140	5.720850	5.643308	5.629163	5.576603	
8	0.121518	4864	99.305061	61.015351	9.875496	6.000765	5.916476	5.761417	5.755151	5.679851	5.607652	5.582402	
8	0.123927	4992	99.335281	63.047808	10.236515	6.030135	5.827032	5.808681	5.682246	5.710487	5.668492	5.686044	
8	0.131618	5120	99.370537	64.143837	10.175524	5.860492	5.680389	5.855336	5.943440	5.858358	5.830504	5.845216	
16	5.679730	64	48.806526	0.982727	0.172187	0.107279	0.104164	0.102232	0.098821	0.096611	0.095892	0.095835	
16	0.304081	128	63.984287	1.852649	0.307849	0.194583	0.196978	0.197374	0.194288	0.192915	0.192165	0.193436	
16	0.306961	256	77.888008	3.536116	0.581395	0.376204	0.380364	0.380291	0.372412	0.366300	0.363244	0.365539	
16	0.251815	384	84.328735	5.231404	0.891768	0.586049	0.584417	0.580173	0.567549	0.560574	0.550520	0.542733	
16	0.235189	512	88.196198	6.964153	1.167874	0.765235	0.760100	0.755499	0.740592	0.726549	0.723338	0.716070	
16	0.265227	640	90.693924	8.737498	1.435349	0.970366	0.934021	0.912789	0.894988	0.892927	0.869748	0.870011	
16	0.239247	768	92.239906	10.427056	1.722785	1.157485	1.115138	1.086021	1.073604	1.041560	1.035725	1.036827	
16	0.288585	896	93.559273	12.245131	2.017778	1.292646	1.288734	1.274783	1.238499	1.225227	1.210437	1.218223	
16	0.296872	1024	94.692314	13.970387	2.313523	1.461949	1.454361	1.441974	1.420325	1.390426	1.377150	1.384389	
16	0.248263	1152	95.432571	15.959804	2.528853	1.528538	1.545637	1.568841	1.558966	1.563521	1.563401	1.557816	
16	0.297886	1280	96.062042	17.633656	2.823021	1.765577	1.792581	1.811553	1.790317	1.767960	1.765656	1.763795	
16	0.245528	1408	96.485046	19.519904	3.202265	2.055321	2.072291	2.069753	2.016045	2.011574	1.967227	1.956794	
16	0.237257	1536	96.862724	21.226508	3.494954	2.235425	2.248660	2.250871	2.241596	2.184651	2.154184	2.161192	
16	0.250131	1664	97.169907	23.301688	3.789356	2.487817	2.436041	2.379527	2.353814	2.319001	2.312731	2.288458	
16	0.247578	1792	97.482124	24.923121	3.947114	2.388356	2.431152	2.471730	2.465762	2.469658	2.476681	2.473494	
16	0.279077	1920	97.728874	26.804540	4.292916	2.633165	2.688623	2.728930	2.723060	2.705828	2.673380	2.696955	
16	0.259014	2048	97.975632	29.154140	4.857271	3.026563	3.026330	3.027286	2.982577	2.940069	2.938801	2.918313	
16	0.300585	2176	98.182091	30.868300	5.048644	3.196957	3.231226	3.281557	3.229839	3.185955	3.132999	3.115103	
16	0.249942	2304	98.378487	32.935875	5.356974	3.347064	3.363454	3.334787	3.321067	3.257914	3.227472	3.246431	
16	0.240718	2432	98.469131	34.883042	5.492961	3.307044	3.343182	3.405400	3.402788	3.381778	3.377911	3.444259	
16	0.273089	2560	98.605095	36.441013	5.809403	3.532117	3.601801	3.660978	3.670695	3.591330	3.631169	3.638752	
16	0.297039	2688	98.730988	38.808227	6.101474	3.703539	3.802061	3.876239	3.875713	3.836136	3.829111	3.848743	
16	0.300531	2816	98.871994	40.338251	6.418301	3.983189	4.081670	4.176363	4.092521	4.086854	4.075566	4.078672	
16	0.285121	2944	98.967674	42.817564	6.981033	4.424449	4.454672	4.481696	4.445029	4.413599	4.372428	4.328833	
16	0.246373	3072	99.058311	44.175430	7.259474	4.609992	4.729001	4.738265	4.725993	4.609174	4.550655	4.543783	
16	0.270383	3200	99.128815	46.685617	7.558409	4.970803	4.918007	4.854369	4.789192	4.724054	4.633327	4.592560	
16	0.236896	3328	99.224495	48.249945	7.920942	5.032394	5.123521	5.164693	5.046030	4.971779	4.939456	4.907399	
16	0.242922	3456	99.279884	50.688070	8.003005	4.926218	5.077035	5.186132	5.214610	5.128536	5.101543	5.128621	
16	0.243999	3584	99.330246	52.390683	8.557619	5.536648	5.634990	5.617289	5.535582	5.502683	5.344323	5.321568	
16	0.300641	3712	99.370537	54.939013	8.945689	5.697328	5.829628	5.889653	5.888046	5.712477	5.720183	5.622547	
16	0.302452	3840	99.385635	56.733994	8.941059	5.517322	5.697195	5.853486	5.792815	5.788567	5.718826	5.725843	
16	0.307136	3968	99.446068	58.507658	9.550840	6.128191	6.202862	6.212821	6.240830	6.040591	5.950053	5.969303	
16	0.236950	4096	99.491386	62.598402	10.297699	6.351955	6.409683	6.453141	6.443820	6.311489	6.238910	6.114932	
16	0.240389	4224	99.511536	62.728439	10.230572	6.540110	6.627676	6.665639	6.545364	6.415659	6.461014	6.381080	
16	0.243698	4352	99.551819	64.774537	10.272849	6.280385	6.396023	6.646148	6.648474	6.541110	6.633559	6.599048	
16	0.242877	4480	99.602173	67.293567	10.957634	6.893824	7.009297	7.091077	7.019472	6.928939	6.823786	6.781738	
16	0.310457	4608	99.622322	69.065084	11.265326	7.202864	7.294526	7.333078	7.213035	7.224362	7.075227	7.063629	
16	0.241716	4736	99.632385	71.907913	11.652325	7.401978	7.560290	7.494438	7.421176	7.182144	7.044142	7.133157	
16	0.235875	4864	99.652534	73.482289	11.949539	7.801276	7.837110	7.666014	7.632615	7.423942	7.297193	7.303861	
16	0.304670	4992	99.677711	75.998289	12.401754	7.829330	7.900392	7.814866	7.475306	7.462534	7.525946	7.628561	
16	0.292129	5120	99.692825	77.221078	12.631245	7.897337	7.953099	7.819881	7.846257	7.758703	7.834635	7.758554	

32	11.233699	64	52.054588	1.144912	0.201973	0.136233	0.134359	0.131448	0.126453	0.123777	0.122241	0.122065	
32	0.480426	128	66.552528	2.165147	0.375671	0.271735	0.266467	0.259295	0.251493	0.247533	0.246258	0.247323	
32	0.492125	256	80.149063	4.132320	0.672957	0.455973	0.463407	0.470608	0.456782	0.452623	0.452034	0.454829	
32	0.504128	384	86.881866	6.109035	0.995697	0.683104	0.694171	0.694163	0.690631	0.667504	0.669481	0.669797	
32	0.602601	512	90.457245	8.117552	1.367034	0.965605	0.965186	0.956805	0.917051	0.905552	0.890357	0.885953	
32	0.580952	640	92.542046	10.171424	1.705450	1.197759	1.194693	1.181194	1.167774	1.161868	1.129295	1.113143	
32	0.493334	768	94.193771	12.180567	2.002666	1.431454	1.394043	1.365525	1.354816	1.328767	1.294482	1.293900	
32	0.484228	896	95.437607	14.266252	2.364067	1.617105	1.617368	1.589852	1.544486	1.524276	1.532749	1.527991	
32	0.575866	1024	96.192970	16.421809	2.721127	1.863519	1.866350	1.854241	1.833170	1.779800	1.787900	1.766605	
32	0.483631	1152	96.696541	18.733651	3.076753	2.071589	2.086526	2.049263	2.007378	1.972384	1.962216	1.965754	
32	0.479653	1280	97.094368	20.697719	3.269447	2.105983	2.188796	2.217768	2.216836	2.197384	2.172045	2.172430	
32	0.600663	1408	97.477081	22.912702	3.767223	2.573074	2.601200	2.552201	2.492063	2.448963	2.426731	2.428049	
32	0.510775	1536	97.839661	24.943394	3.950808	2.527086	2.604634	2.639351	2.619530	2.594940	2.646421	2.633156	
32	0.483434	1664	98.151878	27.438333	4.519043	3.081881	3.117746	3.143284	3.070678	2.997336	3.008189	2.957762	
32	0.472059	1792	98.353310	29.440237	4.692486	3.122107	3.231955	3.259000	3.220339	3.193514	3.148535	3.154485	
32	0.462297	1920	98.554733	31.993410	5.250211	3.592610	3.649406	3.620894	3.536177	3.491670	3.428652	3.368291	
32	0.455633	2048	98.705811	35.510103	5.783854	3.811864	3.900192	3.845845	3.825969	3.670378	3.680393	3.584575	
32	0.482807	2176	98.816597	36.575731	5.996331	4.050272	4.147121	4.124951	4.021994	3.998579	3.887356	3.889418	
32	0.491706	2304	98.927383	40.743995	6.379618	4.405614	4.456966	4.441669	4.381559	4.339395	4.281925	4.182105	
32	0.499247	2432	99.038170	41.309786	6.517052	4.206178	4.362702	4.499490	4.377563	4.373800	4.334578	4.336340	
32	0.475843	2560	99.169098	43.271584	7.114802	4.908540	4.991056	5.026811	4.933749	4.843198	4.763059	4.664035	
32	0.490298	2688	99.234566	46.193872	7.321683	4.731759	4.905237	4.951349	4.943960	4.863037	4.865719	4.919501	
32	0.585051	2816	99.279884	48.022887	7.882076	5.425554	5.583512	5.510594	5.450670	5.332305	5.234118	5.145545	
32	0.505222	2944	99.355423	51.154195	8.357145	5.694491	5.833924	5.801726	5.714578	5.559470	5.471919	5.424742	
32	0.583563	3072	99.415848	52.853102	8.396410	5.412996	5.654133	5.719035	5.633507	5.670969	5.605670	5.663379	
32	0.598618	3200	99.476280	55.892583	9.126115	6.225781	6.391350	6.341379	6.320767	6.167192	5.999645	5.957761	
32	0.485732	3328	99.521599	58.145599	9.535062	6.450553	6.578807	6.557383	6.495915	6.352514	6.304423	6.250970	
32	0.637173	3456	99.556854	60.796705	9.903581	6.651895	6.817236	6.716878	6.538501	6.520920	6.445396	6.444041	
32	0.471840	3584	99.602173	62.712776	9.888430	6.325635	6.650944	6.829439	6.846471	6.707672	6.618017	6.665157	
32	0.478194	3712	99.622322	65.714980	10.357909	6.612508	6.908847	7.043614	7.032237	6.967656	7.024100	6.985309	
32	0.523475	3840	99.642464	68.026953	11.086920	7.572460	7.771945	7.626718	7.390206	7.332948	7.249679	7.249986	
