=== AMD RKD sift

32	11.299333	3968	99.667641	69.266046	10.488461	6.124225	6.115009	6.203804	6.252864	6.320702	6.262252	6.301987	
32	0.497967	4096	99.687782	76.327499	11.961727	7.585320	7.932694	8.091902	7.869804	7.723194	7.509302	7.495151	
32	0.474807	4224	99.707924	75.334907	11.681016	7.602804	8.032218	8.218714	8.112045	8.069917	7.988329	8.009999	
32	0.458684	4352	99.723038	77.990099	12.547883	8.630456	8.891127	8.858970	8.759199	8.532371	8.479211	8.425563	
32	0.601369	4480	99.758286	81.282209	12.627274	8.269169	8.728972	8.991761	8.901152	8.754837	8.617316	8.597788	
32	0.462725	4608	99.763321	82.661582	13.381982	9.188132	9.379107	9.507604	9.516517	9.294966	9.138358	9.007993	
32	0.455441	4736	99.788498	86.141388	13.741251	9.515584	9.395644	9.298851	9.269806	9.214066	9.020884	9.028114	
32	0.488292	4864	99.808640	88.162731	14.188709	9.963653	10.056522	9.797935	9.691730	9.531324	9.313555	9.232579	
32	0.602687	4992	99.823746	91.731361	14.719253	10.279701	10.145202	10.060156	10.023154	9.891581	9.601208	9.531538	
32	0.489064	5120	99.838860	93.231977	15.045939	10.281098	10.568855	9.824440	9.910278	9.888711	9.865744	9.821735	
64	22.530602	64	53.676098	1.348132	0.243046	0.179140	0.175754	0.170646	0.163259	0.160574	0.158615	0.157882	
64	0.997185	128	68.803505	2.551513	0.450602	0.353214	0.342996	0.333124	0.322476	0.317066	0.316867	0.317938	
64	1.217829	256	81.644676	4.850133	0.791206	0.581337	0.592649	0.592795	0.580343	0.579402	0.575843	0.574855	
64	1.206958	384	88.040085	7.162291	1.148777	0.846855	0.859376	0.861221	0.846564	0.834623	0.836650	0.836564	
64	0.980105	512	91.605400	9.574595	1.544316	1.129528	1.152308	1.145010	1.118141	1.111461	1.098057	1.106255	
64	1.204185	640	93.634811	12.000055	2.001208	1.517623	1.507684	1.478873	1.442857	1.424123	1.389761	1.376606	
64	0.968277	768	95.064964	14.401106	2.269501	1.610073	1.649323	1.680315	1.644259	1.622138	1.613241	1.621929	
64	0.974838	896	96.092255	16.802425	2.685151	1.934700	1.986494	1.972319	1.938840	1.918206	1.923285	1.905295	
64	1.071882	1024	96.777115	22.079072	3.092168	2.182434	2.246051	2.244124	2.207531	2.182790	2.162488	2.164344	
64	1.202477	1152	97.431770	22.266462	3.627864	2.690332	2.694388	2.660098	2.612772	2.565247	2.505383	2.471599	
64	1.205570	1280	97.869881	24.577939	3.871539	2.753836	2.833951	2.827741	2.799096	2.737557	2.771091	2.745902	
64	1.214595	1408	98.177055	27.223473	4.248540	2.952917	3.063929	3.080402	3.085066	3.006300	3.017144	2.996222	
64	0.912003	1536	98.469131	29.657155	4.840723	3.562205	3.567995	3.496979	3.424081	3.353761	3.314733	3.308947	
64	0.940066	1664	98.660484	32.459556	5.321350	3.892836	3.892305	3.801630	3.708348	3.682449	3.650002	3.624249	
64	0.956336	1792	98.831711	35.182121	5.532525	3.916509	4.078756	4.070495	3.985326	3.927778	3.938514	3.922609	
64	1.209490	1920	98.997887	38.185582	5.952065	4.117676	4.295063	4.377081	4.228214	4.222497	4.185147	4.187322	
64	0.984167	2048	99.143921	41.692857	6.843877	4.726713	4.769046	4.649553	4.536326	4.447524	4.371075	4.399260	
64	0.925591	2176	99.224495	44.125837	6.844020	4.648781	4.846695	4.881980	4.890267	4.808178	4.857501	4.828611	
64	0.930320	2304	99.274849	46.223001	7.310209	5.122052	5.371562	5.491622	5.296425	5.191578	5.134900	5.138750	
64	1.024798	2432	99.365494	49.098725	7.995697	5.868989	5.783399	5.687521	5.542302	5.483574	5.437203	5.340353	
64	1.015662	2560	99.410812	52.010242	8.397891	6.173027	6.066868	5.978047	5.805468	5.728119	5.657155	5.616982	
64	1.206050	2688	99.486351	55.856109	9.040802	6.579545	6.656636	6.509750	6.185333	6.155059	6.168080	6.187513	
64	1.087089	2816	99.516571	57.889918	9.374501	6.849409	6.967688	6.905842	6.676851	6.520252	6.446558	6.462724	
64	0.987575	2944	99.556854	62.003961	9.613462	6.562595	6.809479	6.907034	6.869859	6.795293	6.735492	6.743381	
64	1.215516	3072	99.587074	63.703920	10.036971	6.915629	7.194446	7.277306	7.144448	7.089700	6.997643	7.037002	
64	0.969266	3200	99.617287	67.632128	10.974904	7.971486	8.070072	7.917695	7.787797	7.582831	7.518020	7.452842	
64	1.000165	3328	99.652534	69.843537	11.079885	7.815477	8.167497	8.170636	8.006398	7.863984	7.843181	7.829050	
64	1.199736	3456	99.682747	72.957546	11.941523	8.776410	9.019123	8.814864	8.511525	8.329178	8.200614	8.160376	
64	0.957299	3584	99.723038	75.840549	12.384306	9.086261	9.143685	9.168729	9.083838	8.808881	8.642276	8.603611	
64	0.956265	3712	99.743179	80.133274	12.829003	9.418273	9.248506	9.131337	9.124875	8.955496	8.651040	8.667359	
64	1.237978	3840	99.778427	81.697064	13.294996	9.879740	9.826781	9.648363	9.321493	9.244943	9.122507	8.982264	
64	0.975908	3968	99.783463	86.242660	13.904104	10.107332	10.199723	9.928304	9.431874	9.362927	9.444647	9.534355	
64	1.224321	4096	99.808640	94.016308	15.402700	10.512666	10.587578	10.477387	10.454053	10.263233	10.014232	9.785873	
64	0.942460	4224	99.823746	92.835985	14.785495	10.757281	10.581045	10.463734	10.420667	10.216302	9.907658	10.077300	
64	0.998268	4352	99.833824	95.968528	15.422865	11.223314	11.079674	10.932663	10.658319	10.467943	10.412570	10.282207	
64	1.224265	4480	99.838860	100.090232	16.149630	11.641612	11.822017	11.393167	11.192687	11.093391	10.976216	10.972024	
64	1.207033	4608	99.848923	102.887840	16.574063	11.907159	11.997359	11.729881	11.743704	11.321684	11.222878	11.257042	
64	0.960164	4736	99.859001	107.372842	17.247181	12.377394	12.587054	12.269996	11.701898	11.650938	11.713795	11.775736	
64	1.021726	4864	99.874107	110.035954	17.525747	12.809344	12.664794	12.553685	12.434924	12.136758	12.024667	11.765792	
64	0.985111	4992	99.874107	113.625969	17.906987	12.516659	13.213375	13.191259	12.855227	12.668699	12.524421	12.516611	
64	0.909432	5120	99.879143	115.488509	18.750328	13.472186	13.654421	13.452740	13.324994	12.928325	13.017778	12.656096	
4	1.415292	64	42.003223	0.754677	0.129537	0.074470	0.066109	0.062861	0.060933	0.060116	0.059848	0.059717	
4	0.066080	128	55.650116	1.438677	0.238570	0.140706	0.130222	0.124639	0.121214	0.119102	0.118025	0.117422	
4	0.077231	256	68.929398	2.763683	0.456277	0.262202	0.239737	0.236078	0.230836	0.227164	0.225381	0.224920	
4	0.063471	384	76.185921	4.088882	0.669585	0.384884	0.348962	0.341149	0.333836	0.330259	0.326173	0.326288	
4	0.076357	512	80.627457	5.414832	0.851625	0.472666	0.415834	0.417047	0.415565	0.414991	0.415713	0.416297	
4	0.076538	640	83.769760	6.754363	1.067571	0.600223	0.535599	0.537670	0.533623	0.532633	0.530068	0.527609	
4	0.077228	768	86.066071	8.076610	1.314249	0.755393	0.684922	0.672595	0.666826	0.651633	0.650665	0.644652	
4	0.058916	896	88.110580	9.369052	1.475132	0.814067	0.708628	0.715466	0.709972	0.709387	0.708663	0.709919	
4	0.075734	1024	89.550812	10.717482	1.690091	0.946914	0.840279	0.854972	0.841087	0.827229	0.826330	0.826489	
4	0.080718	1152	90.799675	12.053291	1.955276	1.118789	1.011748	0.990955	0.973292	0.958506	0.957721	0.954512	
4	0.075355	1280	91.706116	13.388937	2.093070	1.152754	0.997741	1.007821	1.019275	1.010523	1.009348	1.022888	
4	0.063543	1408	92.446365	14.734253	2.383223	1.358953	1.229631	1.211632	1.189472	1.180828	1.180052	1.173296	
4	0.076422	1536	93.025482	15.998091	2.499576	1.375801	1.197284	1.209145	1.232666	1.221004	1.220124	1.226319	
4	0.067556	1664	93.599556	17.361002	2.736594	1.530460	1.344699	1.354607	1.375201	1.360627	1.355696	1.352017	
4	0.061495	1792	94.108170	18.695699	3.024642	1.725580	1.561446	1.537012	1.538729	1.501686	1.492691	1.491982	
4	0.075145	1920	94.546280	20.078454	3.124790	1.719760	1.487751	1.510767	1.513281	1.538523	1.523786	1.517284	
4	0.076457	2048	94.929001	21.622791	3.483239	1.989098	1.834131	1.761707	1.730131	1.701609	1.690775	1.676817	
4	0.069024	2176	95.246246	22.753871	3.678262	2.098012	1.890730	1.871886	1.844064	1.828160	1.803417	1.815071	
4	0.074983	2304	95.508110	24.023023	3.768949	2.106138	1.844413	1.857724	1.860389	1.837571	1.862552	1.873073	
4	0.077380	2432	95.860611	25.499031	4.122278	2.357219	2.115910	2.097935	2.092739	2.044139	2.036360	2.055572	
4	0.076665	2560	96.198006	26.676665	4.168995	2.299417	1.970015	1.996650	2.018038	2.012392	2.034030	2.047237	
4	0.077497	2688	96.419579	28.117447	4.409611	2.465503	2.164135	2.223120	2.230627	2.229129	2.183091	2.211173	
4	0.076844	2816	96.605904	29.354624	4.745241	2.729471	2.457887	2.524890	2.456522	2.492384	2.525147	2.439899	
4	0.064622	2944	96.787193	30.864138	4.997070	2.875425	2.600490	2.600659	2.585443	2.587599	2.562760	2.561534	
4	0.076878	3072	96.983582	32.035081	5.153680	2.933281	2.717549	2.618477	2.609059	2.577718	2.586909	2.569020	
4	0.078200	3200	97.149765	33.490459	5.407132	3.106754	2.865221	2.757939	2.751602	2.739285	2.719604	2.696610	
4	0.078186	3328	97.265587	34.929649	5.655114	3.257975	2.941218	2.928371	2.845526	2.824757	2.831083	2.874946	
4	0.064266	3456	97.421692	36.238094	5.851813	3.375218	3.055836	3.008186	2.970820	2.951161	2.931875	2.958601	
4	0.062440	3584	97.512344	37.608163	5.856023	3.245020	2.774301	2.850041	2.893895	2.901304	2.894163	2.940728	
4	0.076911	3712	97.663406	38.982864	6.107291	3.434182	3.021484	3.093302	3.108211	3.110029	3.052463	3.094512	
4	0.064142	3840	97.794342	40.111468	6.521459	3.787914	3.431395	3.414718	3.469752	3.443357	3.425524	3.384218	
4	0.078742	3968	97.945412	41.517209	6.733716	3.894744	3.537106	3.540124	3.564134	3.553733	3.487606	3.459794	
4	0.077417	4096	98.056198	43.573371	7.073010	4.049966	3.673550	3.657402	3.525683	3.539762	3.534951	3.558448	
4	0.062864	4224	98.146843	44.277930	7.177231	4.136799	3.787433	3.733058	3.716963	3.651100	3.683776	3.673025	
4	0.063181	4352	98.277771	45.704161	7.142437	3.958672	3.434492	3.497249	3.529974	3.562322	3.643720	3.662507	
4	0.074733	4480	98.338196	47.154054	7.640174	4.455307	4.044466	4.024989	4.050212	4.002122	3.953601	3.956122	
4	0.077250	4608	98.393593	48.347753	7.644764	4.339446	3.878935	3.967165	3.985689	3.961999	3.900186	3.923455	
4	0.075780	4736	98.484238	49.853898	7.810846	4.346938	3.824947	3.864894	3.955884	3.951360	3.974381	3.992505	
4	0.061055	4864	98.544670	51.273638	8.010752	4.481812	3.903241	3.954790	4.016910	4.011985	4.058918	4.097138	
4	0.060784	4992	98.650421	52.724571	8.257371	4.625355	4.095024	4.183030	4.198113	4.221788	4.245691	4.243445	
4	0.063566	5120	98.695740	53.977357	8.760785	5.065844	4.642226	4.629468	4.601722	4.544905	4.487192	4.479887	
8	2.829808	64	45.850540	0.857107	0.147366	0.086288	0.081347	0.080127	0.077584	0.076072	0.075422	0.075782	
8	0.132890	128	60.454224	1.620886	0.264982	0.156849	0.152151	0.153358	0.151847	0.151161	0.150125	0.150917	
8	0.150759	256	74.086014	3.108121	0.503624	0.299677	0.292840	0.295001	0.288409	0.284123	0.283780	0.284466	
8	0.124821	384	81.040390	4.594096	0.762983	0.468878	0.452894	0.449924	0.442721	0.435818	0.430718	0.428606	
8	0.156617	512	85.084099	6.109824	0.999200	0.630991	0.602326	0.581406	0.570258	0.560649	0.553811	0.552456	
8	0.121026	640	87.863831	7.648831	1.221624	0.715523	0.691195	0.701384	0.687843	0.679836	0.672612	0.677911	
8	0.120349	768	90.014099	9.129153	1.503945	0.913123	0.885238	0.885345	0.875933	0.855998	0.853506	0.840675	
8	0.152221	896	91.514755	13.801994	1.755806	1.043649	1.003906	0.989514	0.975758	0.958435	0.937188	0.940645	
8	0.153967	1024	92.703194	12.195299	1.999224	1.183665	1.136302	1.127627	1.106224	1.086017	1.074307	1.081455	
8	0.151856	1152	93.644882	13.759327	2.182533	1.248054	1.192417	1.208523	1.226152	1.201820	1.208390	1.218070	
8	0.124629	1280	94.354919	15.250480	2.497132	1.505840	1.462149	1.454812	1.435599	1.451082	1.413479	1.394943	
8	0.126046	1408	95.009567	16.854120	2.761942	1.640676	1.591518	1.586396	1.582233	1.576157	1.539302	1.544553	
8	0.121822	1536	95.583641	18.319503	2.979371	1.841173	1.767984	1.713555	1.689194	1.673543	1.637237	1.650355	
8	0.127241	1664	96.041901	20.097811	3.255963	1.982960	1.905892	1.840408	1.811425	1.771266	1.767327	1.771215	
8	0.150166	1792	96.626045	21.446493	3.513796	2.074968	1.989739	1.979211	1.909221	1.898898	1.884714	1.921345	
8	0.158354	1920	96.948334	23.046616	3.766288	2.216381	2.117894	2.108824	2.072033	2.049458	2.074309	2.056769	
8	0.125067	2048	97.174942	25.186947	3.972947	2.243170	2.131964	2.173804	2.179463	2.154210	2.160645	2.172378	
8	0.133114	2176	97.431770	26.311501	4.168081	2.405487	2.313204	2.344040	2.343790	2.359319	2.328810	2.334282	
8	0.128806	2304	97.623123	27.850979	4.549762	2.679391	2.565273	2.570102	2.517647	2.472452	2.474740	2.497407	
8	0.148286	2432	97.794342	29.586903	4.813387	2.836043	2.714081	2.713388	2.682230	2.645547	2.630829	2.622678	
8	0.121648	2560	97.950447	30.938472	4.902860	2.831338	2.726081	2.810209	2.770496	2.759919	2.751063	2.758725	
8	0.141602	2688	98.066269	32.801287	5.346779	3.185704	3.108912	3.117882	3.112373	3.071330	3.017735	3.028061	
8	0.133730	2816	98.207268	34.238723	5.535170	3.402585	3.307623	3.233527	3.201746	3.156410	3.131390	3.102479	
8	0.123118	2944	98.318062	36.082791	5.833715	3.579380	3.475377	3.386902	3.337247	3.287754	3.226577	3.234920	
8	0.121437	3072	98.398628	37.421348	5.904222	3.362628	3.198159	3.287163	3.278120	3.260743	3.333154	3.404638	
8	0.120541	3200	98.519485	39.380534	6.212727	3.576334	3.427090	3.527199	3.567230	3.534198	3.487659	3.566592	
8	0.149181	3328	98.605095	40.858577	6.659851	3.953133	3.877962	3.933187	3.878218	3.895439	3.799515	3.776042	
8	0.121602	3456	98.685669	42.608518	6.895390	4.058427	3.896530	3.902765	3.863393	3.771922	3.826256	3.813485	
8	0.152106	3584	98.761208	43.888607	7.182797	4.278926	4.176267	4.199124	4.232802	4.160842	4.067147	4.033210	
8	0.124556	3712	98.851845	45.988460	7.458272	4.567072	4.437024	4.356860	4.296827	4.161273	4.154266	4.160353	
8	0.120621	3840	98.922348	47.260602	7.726750	4.556307	4.379498	4.383913	4.339220	4.331192	4.291292	4.309075	
8	0.145707	3968	99.002922	49.047288	7.958851	4.683154	4.574150	4.607834	4.542108	4.520116	4.423559	4.453416	
8	0.129409	4096	99.048248	52.173962	8.494985	4.952390	4.699078	4.711590	4.665175	4.603496	4.546046	4.591908	
8	0.133902	4224	99.098602	52.317635	8.238721	4.726179	4.503682	4.714056	4.723249	4.722867	4.731526	4.756144	
8	0.117359	4352	99.133850	54.233948	8.577321	4.951826	4.743712	4.865889	4.866805	4.878835	4.853000	4.906758	
8	0.154773	4480	99.179169	56.028784	9.042511	5.486479	5.327059	5.255733	5.217168	5.095184	5.051198	5.146547	
8	0.133437	4608	99.224495	57.472587	9.329729	5.734090	5.634856	5.475929	5.421784	5.385877	5.248999	5.244938	
8	0.127687	4736	99.259743	59.386971	9.341621	5.353102	5.193848	5.296982	5.349971	5.396564	5.442013	5.395531	
8	0.124418	4864	99.305061	61.137227	9.924256	5.842033	5.705790	5.677498	5.592426	5.591732	5.498052	5.564621	
8	0.131039	4992	99.335281	63.061423	9.885960	5.690036	5.535945	5.642992	5.694973	5.655338	5.680519	5.659463	
8	0.151831	5120	99.370537	64.231910	10.452966	6.132219	6.008940	6.060938	6.012914	5.977201	5.878788	5.885872	
16	5.632065	64	48.806526	0.981427	0.169214	0.111536	0.106003	0.102709	0.099595	0.097824	0.096715	0.096529	
16	0.299758	128	63.984287	1.850338	0.318064	0.224168	0.212552	0.206248	0.199185	0.195427	0.193837	0.193227	
16	0.285342	256	77.888008	3.529964	0.595277	0.416477	0.396685	0.384239	0.373511	0.370114	0.363149	0.362965	
16	0.307278	384	84.328735	5.246843	0.880370	0.575646	0.570018	0.561118	0.542842	0.535589	0.530794	0.534677	
16	0.308135	512	88.196198	6.963716	1.162520	0.748944	0.744334	0.734805	0.723029	0.704983	0.695105	0.700117	
16	0.242436	640	90.693924	8.744986	1.394651	0.858171	0.867909	0.877722	0.866419	0.860849	0.860947	0.863864	
16	0.298559	768	92.239906	10.451886	1.682657	1.054724	1.072329	1.078611	1.076396	1.055665	1.035852	1.039355	
16	0.291030	896	93.559273	12.187304	2.018618	1.290278	1.282713	1.263500	1.224812	1.221181	1.217225	1.212854	
16	0.276921	1024	94.692314	13.973702	2.293118	1.527359	1.487780	1.454857	1.425769	1.402739	1.401711	1.389941	
16	0.251101	1152	95.432571	15.882249	2.598643	1.721282	1.669258	1.630904	1.606101	1.576012	1.571920	1.561910	
16	0.250743	1280	96.062042	17.601765	2.903831	1.868203	1.879101	1.870520	1.833724	1.808742	1.791011	1.774871	
16	0.305459	1408	96.485046	19.569592	3.204718	2.021093	2.015400	1.997105	1.942928	1.921489	1.907194	1.928487	
16	0.243580	1536	96.862724	21.185624	3.365566	2.029047	2.048044	2.085018	2.077228	2.077148	2.085915	2.087634	
16	0.297359	1664	97.169907	23.402423	3.695424	2.222634	2.259044	2.300933	2.288554	2.280013	2.294230	2.296719	
16	0.239488	1792	97.482124	25.010246	3.981975	2.457211	2.501455	2.556630	2.517951	2.492118	2.504802	2.498242	
16	0.263775	1920	97.728874	27.092894	4.390368	2.894586	2.830753	2.778199	2.749956	2.701933	2.674709	2.653854	
16	0.235587	2048	97.975632	29.176950	4.686907	2.760025	2.765714	2.838603	2.848756	2.835543	2.840344	2.820314	
16	0.304599	2176	98.182091	30.939227	5.054561	3.216498	3.245033	3.286595	3.279166	3.219999	3.188038	3.143730	
16	0.266204	2304	98.378487	32.722781	5.319098	3.479724	3.423310	3.363453	3.315423	3.291477	3.248949	3.248984	
16	0.263604	2432	98.469131	34.962415	5.488245	3.318479	3.356893	3.448462	3.453327	3.416603	3.383543	3.405302	
16	0.237377	2560	98.605095	36.366483	5.975289	3.805629	3.846389	3.847862	3.831369	3.802031	3.709011	3.726329	
16	0.247963	2688	98.730988	38.949398	6.263942	4.119726	4.057884	3.954458	3.941047	3.885009	3.847073	3.820938	
16	0.311278	2816	98.871994	40.389852	6.596779	4.137003	4.181325	4.163861	4.117734	4.087649	4.040196	4.049569	
16	0.246956	2944	98.967674	42.806445	6.723387	4.070444	4.154058	4.228020	4.291489	4.236822	4.175214	4.233478	
16	0.302987	3072	99.058311	44.157580	7.036123	4.357207	4.487956	4.584633	4.565829	4.483888	4.460778	4.420051	
16	0.254861	3200	99.128815	46.769360	7.622988	4.783682	4.851977	4.924003	4.737424	4.657561	4.641718	4.662007	
16	0.244665	3328	99.224495	55.341675	7.650476	4.542380	4.622436	4.705544	4.780453	4.824533	4.797305	4.776357	
16	0.299221	3456	99.279884	50.387055	8.246247	5.290916	5.428468	5.461152	5.330051	5.270136	5.153449	5.146203	
16	0.300395	3584	99.330246	52.318211	8.544230	5.416231	5.454017	5.465789	5.508400	5.433890	5.406173	5.326607	
16	0.248171	3712	99.370537	54.969145	8.921822	5.580132	5.656959	5.602928	5.490212	5.435050	5.473330	5.432551	
16	0.245876	3840	99.385635	56.608035	8.946766	5.548909	5.744456	5.883142	5.822840	5.750145	5.658646	5.728433	
16	0.290074	3968	99.446068	58.605905	9.548300	6.103058	6.204392	6.208282	6.185008	6.114427	6.036785	5.960145	
16	0.245036	4096	99.491386	62.579502	10.257334	6.553998	6.486940	6.329944	6.230892	6.139712	5.977811	6.011560	
16	0.246926	4224	99.511536	62.722940	10.237128	6.441571	6.531532	6.566940	6.390441	6.386477	6.361455	6.398680	
16	0.295312	4352	99.551819	65.012243	10.571792	6.627570	6.698866	6.632507	6.528317	6.477340	6.439929	6.449096	
16	0.307115	4480	99.602173	76.512529	10.968822	6.823509	6.953540	7.087950	6.894143	6.857032	6.776271	6.762150	
16	0.255478	4608	99.622322	68.828487	11.290360	7.132076	7.186913	7.282164	7.104122	7.100853	7.077667	7.052692	
16	0.245131	4736	99.632385	71.809658	11.674685	7.454084	7.653434	7.666459	7.675975	7.602370	7.457481	7.379402	
16	0.259556	4864	99.652534	73.253400	11.909783	7.799601	7.816165	7.737304	7.590660	7.489149	7.397765	7.340476	
16	0.250794	4992	99.677711	76.660792	12.395126	7.696365	7.718225	7.779335	7.628563	7.616399	7.473555	7.597948	
16	0.237197	5120	99.692825	77.611072	12.236094	7.444965	7.572961	7.707869	7.712708	7.738794	7.757068	7.804356	

32	11.257393	64	52.054588	1.142443	0.195013	0.128866	0.129426	0.128755	0.124916	0.122720	0.121658	0.121603	
32	0.479417	128	66.552528	2.161197	0.379015	0.278044	0.274783	0.269812	0.261976	0.256437	0.251215	0.250685	
32	0.556098	256	80.149063	4.134443	0.707601	0.513072	0.507227	0.499778	0.486066	0.474343	0.470102	0.469396	
32	0.477107	384	86.881866	6.089980	1.015139	0.740785	0.711759	0.696164	0.688991	0.669737	0.661318	0.665927	
32	0.514223	512	90.457245	8.133330	1.352491	0.972618	0.939387	0.915854	0.889862	0.872264	0.857346	0.862804	
32	0.463882	640	92.542046	10.221301	1.701437	1.171801	1.171043	1.148498	1.120264	1.099055	1.090823	1.094812	
32	0.484653	768	94.193771	12.200670	2.022506	1.390866	1.387874	1.365593	1.332570	1.307753	1.296284	1.303336	
32	0.611364	896	95.437607	14.279670	2.277405	1.488217	1.526918	1.540123	1.525474	1.528578	1.499387	1.507941	
32	0.480029	1024	96.192970	19.005547	2.732773	1.858015	1.874461	1.865957	1.840946	1.803559	1.748981	1.755657	
32	0.518699	1152	96.696541	18.754754	3.085475	2.123968	2.127715	2.121242	2.097113	2.077159	2.045967	2.010283	
32	0.471792	1280	97.094368	20.639965	3.370385	2.358844	2.306881	2.282499	2.262235	2.193164	2.182204	2.182423	
32	0.486674	1408	97.477081	22.822061	3.742409	2.614866	2.556546	2.495277	2.443992	2.420656	2.350859	2.391795	
32	0.504369	1536	97.839661	24.924705	4.127644	2.798464	2.820047	2.779448	2.644368	2.616912	2.620602	2.653019	
32	0.489558	1664	98.151878	27.630955	4.507624	3.055576	3.079470	3.037557	2.912576	2.903067	2.881042	2.903911	
32	0.535127	1792	98.353310	29.314957	4.650714	2.980028	3.080878	3.153429	3.154010	3.140796	3.083278	3.106720	
32	0.463758	1920	98.554733	31.988789	5.038529	3.248574	3.384684	3.421566	3.377318	3.365112	3.339965	3.362362	
32	0.472386	2048	98.705811	35.304468	5.600575	3.548713	3.659205	3.701728	3.675127	3.678934	3.608806	3.599628	
32	0.620271	2176	98.816597	36.553471	5.996675	4.102144	4.179894	4.147711	4.021301	3.969135	3.926438	3.897638	
32	0.617260	2304	98.927383	38.867657	6.370996	4.363662	4.419728	4.434096	4.398729	4.258362	4.213579	4.206346	
32	0.608918	2432	99.038170	41.485968	6.716337	4.657548	4.610088	4.544326	4.502265	4.414334	4.392412	4.334220	
32	0.489495	2560	99.169098	43.371332	7.054965	4.887900	4.833417	4.753045	4.712961	4.640481	4.586360	4.501697	
32	0.507028	2688	99.234566	46.384384	7.340990	4.747167	4.924333	5.015161	4.970513	4.892331	4.831707	4.883277	
32	0.599847	2816	99.279884	48.116870	7.627444	5.021143	5.236653	5.298377	5.303655	5.174775	5.147400	5.180548	
32	0.491972	2944	99.355423	51.143636	8.357845	5.680123	5.785781	5.786462	5.709678	5.595866	5.468779	5.450551	
32	0.615388	3072	99.415848	52.774616	8.673238	5.845333	5.982367	6.007801	5.956624	5.852260	5.739928	5.680651	
32	0.492895	3200	99.476280	55.941954	9.115473	6.078407	6.204040	5.984520	6.064767	5.947937	5.911488	5.914054	
32	0.572480	3328	99.521599	58.505889	9.494788	6.374337	6.579551	6.450868	6.376239	6.251851	6.196910	6.172516	
32	0.500815	3456	99.556854	60.742914	9.831674	6.818420	6.794635	6.716078	6.541864	6.387414	6.281248	6.332332	
32	0.485081	3584	99.602173	62.584733	10.257651	6.938151	7.063332	6.862906	6.884099	6.703932	6.736771	6.735359	
32	0.503580	3712	99.622322	66.348182	10.759602	7.256493	7.393414	7.377338	7.142138	7.030181	6.941079	6.980482	
32	0.492712	3840	99.642464	67.799176	11.140997	7.667264	7.867361	7.862537	7.821509	7.609139	7.517012	7.393644	
