=== Intel RKD gist

4	0.147682	64	50.199997	0.042703	0.010840	0.005470	0.003730	0.002859	
4	0.002005	128	63.450005	0.084384	0.021301	0.010703	0.007247	0.005473	
4	0.001975	256	76.099998	0.168360	0.042368	0.021218	0.014341	0.010741	
4	0.002020	384	82.500000	0.254575	0.063988	0.032000	0.021475	0.016139	
4	0.001978	512	87.900002	0.339119	0.080642	0.039906	0.028709	0.021522	
4	0.001983	640	90.900002	0.420179	0.100032	0.053529	0.036157	0.028018	
4	0.001969	768	93.699997	0.502032	0.121159	0.060549	0.043571	0.032773	
4	0.001975	896	95.349998	0.580779	0.142235	0.074598	0.049645	0.038549	
4	0.001992	1024	96.750000	0.664020	0.164671	0.082461	0.057383	0.044563	
4	0.001967	1152	97.549995	0.746747	0.186665	0.096230	0.066805	0.050523	
4	0.001970	1280	98.049995	0.833370	0.208020	0.108342	0.075121	0.056773	
4	0.001970	1408	98.650002	0.924556	0.224467	0.119826	0.083113	0.062895	
4	0.001982	1536	98.949997	1.020028	0.256286	0.132313	0.092078	0.069672	
4	0.001963	1664	99.150002	1.106425	0.279762	0.140417	0.097956	0.084344	
4	0.001973	1792	99.400002	1.203237	0.297527	0.153238	0.110691	0.083094	
4	0.001970	1920	99.650002	1.301097	0.321467	0.167282	0.116148	0.090271	
4	0.001974	2048	99.750000	1.412051	0.357374	0.185661	0.127374	0.097869	
4	0.001967	2176	99.900002	1.522942	0.376771	0.194908	0.137128	0.105430	
4	0.002009	2304	99.949997	1.640340	0.408270	0.215750	0.151717	0.117950	
4	0.001977	2432	100.000000	1.762091	0.439688	0.232367	0.163333	0.136639	
4	0.001977	2560	100.000000	1.915188	0.478570	0.246021	0.175921	0.133662	
8	0.295145	64	54.650002	0.046282	0.011821	0.005978	0.004051	0.003098	
8	0.003996	128	67.949997	0.090607	0.022768	0.011450	0.007686	0.005778	
8	0.003940	256	80.199997	0.182682	0.045950	0.023029	0.015482	0.011615	
8	0.003855	384	87.500000	0.275918	0.068966	0.033568	0.023399	0.017573	
8	0.003866	512	91.599998	0.369730	0.089766	0.045215	0.030728	0.023892	
8	0.003885	640	93.949997	0.459409	0.110897	0.057299	0.038831	0.030165	
8	0.003873	768	96.000000	0.553939	0.135746	0.070133	0.049140	0.036902	
8	0.003857	896	96.699997	0.648328	0.159997	0.083240	0.058133	0.043562	
8	0.003878	1024	97.549995	0.751752	0.187451	0.094211	0.067840	0.050881	
8	0.003877	1152	98.349998	0.851795	0.207598	0.107525	0.077316	0.057998	
8	0.003879	1280	98.949997	0.961761	0.242129	0.121810	0.085068	0.065940	
8	0.003860	1408	99.400002	1.070913	0.270879	0.137039	0.095580	0.073916	
8	0.003849	1536	99.599998	1.187500	0.294573	0.152915	0.106360	0.082783	
8	0.003996	1664	99.650002	1.311704	0.329077	0.169244	0.119107	0.091497	
8	0.003880	1792	99.650002	1.445019	0.360191	0.187464	0.131479	0.101541	
8	0.003866	1920	99.750000	1.581235	0.395650	0.206978	0.146925	0.114041	
8	0.003886	2048	99.900002	1.747808	0.433736	0.225376	0.158484	0.122964	
8	0.003876	2176	100.000000	1.894465	0.476488	0.245426	0.176750	0.134090	
8	0.003915	2304	100.000000	2.068046	0.522797	0.276748	0.189490	0.148009	
8	0.003890	2432	100.000000	2.260321	0.566949	0.298005	0.210359	0.160396	
8	0.003867	2560	100.000000	2.482122	0.633727	0.333893	0.235849	0.181741	
16	0.588822	64	58.200001	0.050826	0.012828	0.006566	0.004467	0.003424	
16	0.007722	128	70.650002	0.099151	0.025484	0.012651	0.008412	0.006520	
16	0.007637	256	83.350006	0.202363	0.050889	0.025480	0.017135	0.012958	
16	0.007640	384	89.500000	0.304133	0.075058	0.037092	0.025134	0.019638	
16	0.007650	512	93.250000	0.410536	0.098872	0.050821	0.035313	0.026920	
16	0.007654	640	95.300003	0.512007	0.125487	0.065365	0.045236	0.034125	
16	0.007660	768	96.800003	0.619497	0.152262	0.077070	0.053900	0.042112	
16	0.007644	896	97.649994	0.734215	0.177228	0.095326	0.066148	0.050220	
16	0.007710	1024	98.349998	0.860573	0.216273	0.113357	0.078584	0.059323	
16	0.007602	1152	98.549995	0.981827	0.242191	0.125949	0.088012	0.067999	
16	0.007627	1280	98.750000	1.130862	0.286603	0.149629	0.104054	0.078318	
16	0.007834	1408	99.000000	1.258290	0.319891	0.166205	0.116355	0.099950	
16	0.007666	1536	99.449997	1.415677	0.353010	0.189511	0.128615	0.099387	
16	0.007865	1664	99.599998	1.576541	0.402501	0.211723	0.146628	0.110861	
16	0.007655	1792	99.849998	1.759703	0.440572	0.229177	0.161167	0.124058	
16	0.007881	1920	99.900002	1.948189	0.498923	0.261661	0.180992	0.138578	
16	0.007724	2048	99.949997	2.177849	0.544420	0.283895	0.199657	0.156926	
16	0.007713	2176	99.949997	2.398369	0.606764	0.315016	0.225296	0.170056	
16	0.007716	2304	99.949997	2.657230	0.672453	0.347560	0.251215	0.191031	
16	0.007626	2432	99.949997	2.942680	0.750830	0.383629	0.271385	0.220252	
16	0.007773	2560	100.000000	3.257651	0.840181	0.439090	0.301384	0.235851	
32	1.178502	64	60.549999	0.056486	0.014482	0.007310	0.004938	0.003727	
32	0.015325	128	74.250000	0.111175	0.028062	0.014153	0.009485	0.007168	
32	0.016429	256	85.599998	0.222629	0.056042	0.028311	0.018960	0.014332	
32	0.015616	384	91.199997	0.340407	0.081015	0.041041	0.028588	0.022045	
32	0.015283	512	93.750000	0.451539	0.112102	0.055868	0.039964	0.030318	
32	0.015277	640	96.050003	0.573522	0.144899	0.073719	0.051279	0.038940	
32	0.015294	768	97.449997	0.705094	0.175680	0.089353	0.062153	0.057735	
32	0.015261	896	98.199997	0.836600	0.204083	0.106681	0.075445	0.057904	
32	0.015290	1024	98.849998	0.985147	0.245399	0.131662	0.088820	0.068982	
32	0.015275	1152	99.099998	1.136362	0.288484	0.151441	0.105274	0.079566	
32	0.015220	1280	99.349998	1.304894	0.324889	0.174789	0.118587	0.095213	
32	0.015495	1408	99.599998	1.484368	0.373461	0.194309	0.137853	0.104279	
32	0.015199	1536	99.650002	1.679211	0.418279	0.219201	0.152621	0.121756	
32	0.015267	1664	99.699997	1.889219	0.473929	0.253532	0.175714	0.135163	
32	0.015240	1792	99.750000	2.133457	0.533346	0.277554	0.198506	0.153404	
32	0.015336	1920	99.800003	2.381679	0.612160	0.311477	0.215041	0.169326	
32	0.015175	2048	99.900002	2.672407	0.683446	0.349739	0.251749	0.201563	
32	0.015691	2176	100.000000	2.950441	0.741395	0.383123	0.272497	0.218523	
32	0.015319	2304	100.000000	3.261853	0.822177	0.438666	0.299297	0.230573	
32	0.015143	2432	100.000000	3.611933	0.928146	0.481998	0.333393	0.253900	
32	0.015276	2560	100.000000	3.994553	1.017937	0.522932	0.365181	0.287678	
64	2.356968	64	62.500000	0.064349	0.016089	0.019836	0.005572	0.004198	
64	0.030673	128	74.349998	0.128214	0.033142	0.016394	0.010898	0.008309	
64	0.030298	256	86.250000	0.256386	0.065500	0.032483	0.022017	0.016627	
64	0.030385	384	91.949997	0.392107	0.090843	0.048062	0.033517	0.029987	
64	0.030444	512	95.349998	0.517941	0.125289	0.066992	0.046600	0.035417	
64	0.031058	640	96.550003	0.663470	0.172659	0.083966	0.058443	0.059007	
64	0.030932	768	97.549995	0.814500	0.200153	0.104280	0.072518	0.056616	
64	0.030529	896	98.150002	0.983078	0.242916	0.129014	0.089733	0.068099	
64	0.030376	1024	98.500000	1.155554	0.292812	0.150291	0.104377	0.081110	
64	0.030603	1152	99.000000	1.339472	0.340300	0.174556	0.121005	0.094164	
64	0.030376	1280	99.250000	1.537813	0.394624	0.201981	0.144241	0.108899	
64	0.030588	1408	99.500000	1.834438	0.451547	0.235488	0.167341	0.160680	
64	0.030343	1536	99.599998	2.013120	0.505541	0.263325	0.187611	0.141224	
64	0.030359	1664	99.699997	2.275762	0.589718	0.308237	0.211991	0.170528	
64	0.030659	1792	99.900002	2.620975	0.651605	0.343797	0.237251	0.189327	
64	0.030560	1920	99.900002	2.946386	0.725279	0.372463	0.266189	0.205210	
64	0.030210	2048	99.900002	3.190726	0.818528	0.419403	0.302043	0.231057	
64	0.030349	2176	100.000000	3.535925	0.901374	0.480031	0.328076	0.255226	
64	0.030426	2304	100.000000	3.893498	1.001131	0.521573	0.360360	0.296750	
64	0.030598	2432	100.000000	4.393558	1.094941	0.561540	0.392095	0.300339	
64	0.030394	2560	100.000000	4.713582	1.194413	0.612222	0.431351	0.332475	
