=== Intel RKD sift

4	0.809872	64	42.003223	0.366056	0.100925	0.051285	0.035910	0.028142	
4	0.036085	128	55.650116	0.708136	0.198617	0.102785	0.070659	0.056255	
4	0.036009	256	68.929398	1.396122	0.365772	0.208187	0.145233	0.109753	
4	0.036706	384	76.185921	2.032233	0.567863	0.299252	0.215682	0.177999	
4	0.036037	512	80.627457	2.750847	0.761393	0.409838	0.277428	0.215480	
4	0.035983	640	83.769760	3.354828	0.937604	0.497310	0.349694	0.276105	
4	0.036033	768	86.066071	4.049401	1.109276	0.601392	0.407488	0.321410	
4	0.035973	896	88.110580	4.673390	1.310800	0.677966	0.475631	0.377867	
4	0.036040	1024	89.550812	5.602067	1.454240	0.781904	0.564681	0.427436	
4	0.035978	1152	90.799675	5.984328	1.682845	0.885132	0.616166	0.480167	
4	0.036225	1280	91.706116	6.720852	1.863921	0.983713	0.708283	0.535141	
4	0.036137	1408	92.446365	7.311431	2.005588	1.074793	0.751496	0.587197	
4	0.036045	1536	93.025482	8.071355	2.241541	1.179749	0.819154	0.644265	
4	0.036034	1664	93.599556	8.666481	2.376409	1.281956	0.888210	0.691842	
4	0.036141	1792	94.108170	9.371070	2.614009	1.351401	0.950827	0.749090	
4	0.036046	1920	94.546280	9.970670	2.796166	1.467904	1.029684	0.799658	
4	0.035971	2048	94.929001	10.940503	3.034141	1.594818	1.151670	0.869889	
4	0.035992	2176	95.246246	11.339530	3.173240	1.728582	1.172901	0.910993	
4	0.036298	2304	95.508110	12.069905	3.294466	1.769620	1.268948	0.964940	
4	0.035955	2432	95.860611	12.688777	3.560413	1.871506	1.313402	1.021521	
4	0.036715	2560	96.198006	13.517086	3.780686	1.996507	1.433877	1.091022	
4	0.035951	2688	96.419579	14.028962	3.920612	2.078950	1.447783	1.129105	
4	0.036817	2816	96.605904	14.860741	4.155089	2.195179	1.579917	1.193917	
4	0.036020	2944	96.787193	15.392575	4.319915	2.348418	1.560289	1.246741	
4	0.036283	3072	96.983582	16.304524	4.556486	2.388734	1.666999	1.305359	
4	0.035937	3200	97.149765	16.770764	4.766496	2.471057	1.749978	1.359254	
4	0.036010	3328	97.265587	17.590816	4.954795	2.610758	1.813671	1.423917	
4	0.036115	3456	97.421692	18.143686	5.112160	2.704293	1.883219	1.471788	
4	0.035985	3584	97.512344	18.932476	5.275118	2.793347	1.949212	1.528357	
4	0.036107	3712	97.663406	19.594268	5.485895	2.926255	2.041488	1.597688	
4	0.036301	3840	97.794342	20.228640	5.713974	3.019245	2.110071	1.642690	
4	0.035994	3968	97.945412	26.110901	5.947046	3.090312	2.170952	1.695254	
4	0.036198	4096	98.056198	27.377931	6.182576	3.161848	2.276317	1.789534	
4	0.036493	4224	98.146843	27.800054	6.260375	3.352335	2.344295	1.842867	
4	0.036143	4352	98.277771	28.750762	6.436696	3.364041	2.318947	1.855338	
4	0.036033	4480	98.338196	23.390053	6.535262	3.450591	2.430891	1.912218	
4	0.036026	4608	98.393593	24.234504	6.799145	3.593312	2.440933	1.975634	
4	0.036030	4736	98.484238	24.717122	6.943032	3.657812	2.570155	2.025224	
4	0.036075	4864	98.544670	25.560545	7.140733	3.769363	2.657016	2.083936	
4	0.036153	4992	98.650421	26.113869	7.285855	3.883015	2.740335	2.141090	
4	0.036053	5120	98.695740	27.460446	7.695489	4.080151	2.871557	2.235795	
8	1.607456	64	45.850540	0.429863	0.120240	0.062245	0.043643	0.033967	
8	0.073485	128	60.454224	0.840507	0.242681	0.126693	0.089014	0.068835	
8	0.071520	256	74.086014	1.628669	0.471540	0.247082	0.171561	0.144968	
8	0.072132	384	81.040390	2.414484	0.691479	0.362582	0.257250	0.201569	
8	0.071606	512	85.084099	3.206994	0.919973	0.482063	0.346760	0.263599	
8	0.071420	640	87.863831	3.987256	1.110783	0.591973	0.416634	0.334769	
8	0.071523	768	90.014099	4.798791	1.355609	0.726705	0.517682	0.394933	
8	0.071591	896	91.514755	5.574421	1.595875	0.849439	0.578471	0.461670	
8	0.071844	1024	92.703194	6.422108	1.789287	0.963010	0.672641	0.523380	
8	0.071833	1152	93.644882	9.207928	2.111842	1.106266	0.763312	0.594281	
8	0.071535	1280	94.354919	8.061780	2.320394	1.221534	0.853295	0.665313	
8	0.071536	1408	95.009567	8.823293	2.537262	1.331771	0.948212	0.723740	
8	0.071133	1536	95.583641	9.668785	2.794664	1.467008	1.019919	0.793226	
8	0.071474	1664	96.041901	10.487481	2.991483	1.582961	1.128439	0.868159	
8	0.071377	1792	96.626045	11.337715	3.256141	1.721112	1.211640	0.928307	
8	0.072234	1920	96.948334	12.139694	3.488236	1.875345	1.278562	0.996771	
8	0.071378	2048	97.174942	13.055401	3.714802	1.953408	1.368558	1.062724	
8	0.073293	2176	97.431770	17.535428	4.021228	2.086595	1.437407	1.136843	
8	0.071939	2304	97.623123	14.744744	4.206555	2.201172	1.539266	1.199074	
8	0.071683	2432	97.794342	15.509476	4.480603	2.360094	1.631462	1.271335	
8	0.071850	2560	97.950447	16.348553	4.702774	2.468914	1.691596	1.332123	
8	0.071568	2688	98.066269	17.251174	4.912076	2.572055	1.860165	1.418234	
8	0.071504	2816	98.207268	18.128571	5.163486	2.711508	1.890666	1.495158	
8	0.071507	2944	98.318062	18.889717	5.421880	2.846500	2.002052	1.564210	
8	0.071769	3072	98.398628	24.926187	5.713043	2.974346	2.083524	1.633252	
8	0.071651	3200	98.519485	20.741942	5.966801	3.134596	2.204571	1.703732	
8	0.071566	3328	98.605095	21.466534	6.110834	3.220663	2.257385	1.775119	
8	0.072067	3456	98.685669	22.372158	6.409927	3.337121	2.358186	1.844683	
8	0.071424	3584	98.761208	23.175206	6.691082	3.569216	2.369149	1.916194	
8	0.071489	3712	98.851845	24.131551	6.894325	3.641277	2.534685	2.005514	
8	0.071746	3840	98.922348	25.042363	6.985794	3.728393	2.661318	2.084873	
8	0.071633	3968	99.002922	25.811220	7.420405	3.878255	2.731679	2.164347	
8	0.072180	4096	99.048248	26.908085	7.661187	4.012519	2.822105	2.229078	
8	0.071495	4224	99.098602	27.874760	7.900039	4.181662	2.937125	2.327699	
8	0.071649	4352	99.133850	28.757644	8.143670	4.350841	3.019646	2.385036	
8	0.071462	4480	99.179169	29.540933	8.438089	4.419416	3.156615	2.465871	
8	0.071580	4608	99.224495	30.561753	8.692431	4.578001	3.177782	2.533070	
8	0.071752	4736	99.259743	31.319470	8.922287	4.703445	3.341283	2.625484	
8	0.072184	4864	99.305061	32.222428	9.125512	4.821924	3.430155	2.721882	
8	0.071485	4992	99.335281	33.156243	9.493668	5.049827	3.560587	2.772615	
8	0.072603	5120	99.370537	33.932435	9.702025	5.107821	3.644616	2.838087	
16	3.213860	64	48.806526	0.510214	0.147118	0.075000	0.052477	0.041540	
16	0.143296	128	63.984287	1.015541	0.297889	0.154665	0.107934	0.085284	
16	0.144866	256	77.888008	1.947881	0.571944	0.307266	0.208630	0.163031	
16	0.142161	384	84.328735	2.880038	0.847636	0.443525	0.310588	0.242248	
16	0.143072	512	88.196198	3.815134	1.112905	0.596595	0.411938	0.321085	
16	0.142429	640	90.693924	4.764288	1.395225	0.738727	0.506923	0.398818	
16	0.142153	768	92.239906	5.725817	1.684154	0.887753	0.610084	0.481686	
16	0.142486	896	93.559273	6.701574	1.972290	1.034973	0.722871	0.563701	
16	0.142417	1024	94.692314	7.695947	2.256346	1.183050	0.844351	0.645961	
16	0.142586	1152	95.432571	8.706459	2.538302	1.364028	0.927788	0.729426	
16	0.142580	1280	96.062042	9.629975	2.847182	1.488727	1.034761	0.800395	
16	0.143261	1408	96.485046	10.633038	3.066602	1.644094	1.164039	0.889653	
16	0.142509	1536	96.862724	11.622352	3.426371	1.781996	1.249897	0.973307	
16	0.142346	1664	97.169907	12.674867	3.730268	1.956144	1.362962	1.062435	
16	0.142142	1792	97.482124	13.651246	4.033777	2.103068	1.450024	1.141860	
16	0.142696	1920	97.728874	14.686478	4.327663	2.280692	1.594658	1.227324	
16	0.142233	2048	97.975632	15.808057	4.630945	2.420499	1.697156	1.325620	
16	0.143545	2176	98.182091	16.818370	4.938506	2.594980	1.800670	1.418608	
16	0.141956	2304	98.378487	22.832546	5.295847	2.761629	1.921858	1.506025	
16	0.143508	2432	98.469131	18.876126	5.432148	2.862622	2.044901	1.581883	
16	0.143001	2560	98.605095	19.949832	5.815716	3.043931	2.109289	1.647447	
16	0.143193	2688	98.730988	20.765189	5.988117	3.181366	2.202720	1.720846	
16	0.143026	2816	98.871994	27.914145	6.383360	3.325354	2.323761	1.813644	
16	0.142477	2944	98.967674	22.965351	6.578258	3.460663	2.431846	1.908798	
16	0.142400	3072	99.058311	23.960537	7.005102	3.637264	2.501822	2.003137	
16	0.142082	3200	99.128815	24.948191	7.261096	3.812877	2.741288	2.087881	
16	0.142652	3328	99.224495	26.002910	7.604180	3.981324	2.770030	2.168402	
16	0.143646	3456	99.279884	27.093734	7.893201	4.155097	2.916041	2.263459	
16	0.143174	3584	99.330246	28.006796	8.117329	4.223980	3.103820	2.373602	
16	0.143263	3712	99.370537	29.199999	8.500669	4.444271	3.135121	2.462292	
16	0.142409	3840	99.385635	30.243469	8.807900	4.629308	3.259520	2.564919	
16	0.142213	3968	99.446068	31.621544	9.194318	4.863081	3.370803	2.674379	
16	0.142267	4096	99.491386	41.759352	9.621335	5.026062	3.529770	2.764712	
16	0.142903	4224	99.511536	42.860502	9.745828	5.094748	3.592321	2.871422	
16	0.142620	4352	99.551819	34.901715	10.219060	5.367064	3.827134	2.955609	
16	0.142307	4480	99.602173	35.876478	10.353359	5.501104	3.883470	3.052036	
16	0.142565	4608	99.622322	36.788407	10.692053	5.668619	3.946041	3.143091	
16	0.142356	4736	99.632385	38.142811	11.038976	5.800054	4.086325	3.242120	
16	0.142240	4864	99.652534	39.025739	11.341946	6.021908	4.373679	3.347909	
16	0.145531	4992	99.677711	40.198557	11.837547	6.231923	4.429429	3.498513	
16	0.143054	5120	99.692825	41.440210	12.226880	6.372457	4.533713	3.614004	
32	6.434133	64	52.054588	0.612062	0.174499	0.091368	0.065223	0.054649	
32	0.285510	128	66.552528	1.248137	0.353579	0.190824	0.136259	0.106224	
32	0.284320	256	80.149063	2.390641	0.703585	0.366535	0.259289	0.201624	
32	0.283995	384	86.881866	3.501006	1.039994	0.563686	0.390828	0.297991	
32	0.296063	512	90.457245	4.602831	1.367515	0.721038	0.502093	0.395778	
32	0.283766	640	92.542046	5.743132	1.705473	0.897994	0.626484	0.491643	
32	0.284039	768	94.193771	6.918700	2.042789	1.081811	0.778208	0.585990	
32	0.283467	896	95.437607	8.156325	2.425634	1.274078	0.889600	0.687375	
32	0.286280	1024	96.192970	9.280410	2.763035	1.464116	0.995098	0.778970	
32	0.283444	1152	96.696541	10.497074	3.130634	1.636490	1.144119	0.887913	
32	0.283532	1280	97.094368	11.718790	3.467542	1.820765	1.275721	0.986498	
32	0.284325	1408	97.477081	12.905785	3.868362	2.006616	1.414804	1.079982	
32	0.284372	1536	97.839661	14.084853	4.203777	2.177890	1.525596	1.179230	
32	0.288556	1664	98.151878	15.309601	4.586809	2.424649	1.672946	1.295294	
32	0.283665	1792	98.353310	16.654766	4.925747	2.584877	1.795523	1.394345	
32	0.285665	1920	98.554733	17.841476	5.331036	2.769700	1.930291	1.497833	
32	0.285189	2048	98.705811	19.260540	5.758472	2.979451	2.074319	1.622122	
32	0.283759	2176	98.816597	20.453842	6.043394	3.192733	2.228951	1.716278	
32	0.283619	2304	98.927383	21.821633	6.564871	3.385186	2.388176	1.825855	
32	0.283758	2432	99.038170	23.073775	6.744938	3.594677	2.550980	1.936067	
32	0.284469	2560	99.169098	24.362895	7.185869	3.756482	2.585248	2.045035	
32	0.284302	2688	99.234566	25.691366	7.581078	3.974042	2.859183	2.172284	
32	0.283428	2816	99.279884	27.048285	8.041272	4.174966	2.951340	2.277514	
32	0.283483	2944	99.355423	28.176939	8.313772	4.345848	3.088152	2.383375	
32	0.284106	3072	99.415848	29.705425	8.650771	4.576560	3.199735	2.542350	
32	0.283571	3200	99.476280	30.890813	9.168532	4.773798	3.363104	2.635948	
32	0.284161	3328	99.521599	32.272858	9.615214	5.001340	3.473917	2.733089	
32	0.283841	3456	99.556854	34.140975	9.983107	5.205104	3.628605	2.832379	
32	0.285943	3584	99.602173	34.838344	10.111662	5.362536	3.764369	2.986083	
32	0.283595	3712	99.622322	36.326573	10.497964	5.629920	3.941924	3.100490	
32	0.294420	3840	99.642464	37.577737	11.156886	5.847155	4.087534	3.222328	
32	0.283991	3968	99.667641	39.126881	11.451131	6.032720	4.279412	3.385343	
32	0.284124	4096	99.687782	40.820972	12.033212	6.319740	4.494689	3.506659	
32	0.285609	4224	99.707924	53.799647	12.250012	6.445950	4.490556	3.616329	
32	0.286073	4352	99.723038	43.305205	12.849613	6.740197	4.747904	3.759622	
32	0.284156	4480	99.758286	44.907741	13.234052	6.955411	4.891216	3.906071	
32	0.283810	4608	99.763321	46.307026	13.756820	7.207184	5.104908	3.996518	
32	0.285906	4736	99.788498	47.682663	13.995391	7.398012	5.235643	4.155616	
32	0.283782	4864	99.808640	49.122465	14.348064	7.656097	5.410972	4.246632	
32	0.283670	4992	99.823746	50.705272	14.807057	7.762033	5.525066	4.418952	
32	0.283925	5120	99.838860	66.341843	15.078500	8.015279	5.806840	4.559096	
64	12.838673	64	53.676098	0.957989	0.229755	0.118051	0.081158	0.063251	
64	0.585110	128	68.803505	1.566460	0.477858	0.248221	0.174861	0.134510	
64	0.569338	256	81.644676	2.952520	0.893963	0.469149	0.325308	0.255475	
64	0.569447	384	88.040085	4.337246	1.306244	0.690640	0.479740	0.372033	
64	0.569419	512	91.605400	5.742288	1.732192	0.931340	0.631717	0.494685	
64	0.569422	640	93.634811	7.153897	2.168666	1.126495	0.789307	0.616166	
64	0.568880	768	95.064964	8.613013	2.605420	1.372628	0.951118	0.739799	
64	0.569869	896	96.092255	9.997853	2.964102	1.579677	1.099239	0.853450	
64	0.569950	1024	96.777115	11.553586	3.491370	1.831698	1.284969	0.984824	
64	0.578604	1152	97.431770	13.023415	3.953626	2.043774	1.437861	1.116843	
64	0.573740	1280	97.869881	14.514695	4.354186	2.313988	1.594625	1.232070	
64	0.570506	1408	98.177055	16.002402	4.576667	2.541914	1.757808	1.356869	
64	0.569344	1536	98.469131	17.646027	5.326923	2.759596	1.930384	1.493300	
64	0.569084	1664	98.660484	19.095198	5.774524	3.068972	2.117402	1.636010	
64	0.569492	1792	98.831711	20.862118	6.305100	3.285489	2.286180	1.792710	
64	0.568655	1920	98.997887	22.301541	6.769221	3.544529	2.466381	1.919050	
64	0.569591	2048	99.143921	24.160899	7.329453	3.838149	2.638403	2.061439	
64	0.570346	2176	99.224495	25.776316	7.767906	4.075237	2.836960	2.215903	
64	0.569240	2304	99.274849	27.417071	8.311326	4.340877	3.020750	2.373424	
64	0.569115	2432	99.365494	28.951569	8.770281	4.610362	3.190563	2.494349	
64	0.570126	2560	99.410812	30.801860	9.255958	4.891266	3.367876	2.628682	
64	0.571588	2688	99.486351	32.343250	9.814586	5.141592	3.560878	2.788068	
64	0.576039	2816	99.516571	34.199891	10.303310	5.415181	3.788770	2.970419	
64	0.569657	2944	99.556854	35.747343	10.792400	5.694458	4.002758	3.110620	
64	0.568836	3072	99.587074	37.673000	11.214635	5.868481	4.146068	3.249359	
64	0.569761	3200	99.617287	39.202832	11.783367	6.237990	4.395545	3.442267	
64	0.569899	3328	99.652534	41.053872	12.383411	6.494275	4.489836	3.593794	
64	0.570020	3456	99.682747	42.879887	12.870429	6.725936	4.775606	3.775058	
64	0.569725	3584	99.723038	44.638055	13.387392	7.079282	4.922165	3.890043	
64	0.573888	3712	99.743179	46.299700	13.724590	7.325807	5.168038	4.037101	
64	0.569874	3840	99.778427	48.448513	14.386316	7.625582	5.427443	4.272539	
64	0.569980	3968	99.783463	50.073060	14.932615	7.962708	5.568129	4.446899	
64	0.573791	4096	99.808640	52.461911	15.986480	8.435476	5.862623	4.590697	
64	0.573342	4224	99.823746	53.950237	16.231372	8.650188	5.963167	4.730667	
64	0.568860	4352	99.833824	55.671906	16.524651	8.662303	6.189247	4.861274	
64	0.568939	4480	99.838860	57.056185	16.899345	8.939933	6.365550	4.997849	
64	0.569626	4608	99.848923	58.780521	17.580460	9.442626	6.592713	5.170317	
64	0.565289	4736	99.859001	77.925527	18.064934	9.435762	6.677629	5.355310	
64	0.569207	4864	99.874107	62.982721	18.438305	9.715333	6.921892	5.512745	
64	0.569303	4992	99.874107	64.426127	19.036232	10.123953	7.051476	5.607855	
64	0.569158	5120	99.879143	66.592342	19.280938	10.310690	7.408820	5.833536	
