=== AMD Brute Force Search

digits
0.000064	100.000000	1.112298	0.147674	0.073331	0.049710	0.038104	0.029298	0.024743	0.021258	0.019259	
0.000097	100.000000	1.113370	0.147080	0.077124	0.050081	0.037078	0.029130	0.024753	0.021294	0.019242	
0.000073	100.000000	1.113393	0.147483	0.073104	0.050195	0.038073	0.029315	0.024829	0.021716	0.019351	
0.000083	100.000000	1.112715	0.147583	0.073137	0.049802	0.037935	0.029508	0.024952	0.021244	0.019281	
0.000096	100.000000	1.112605	0.146867	0.076504	0.049195	0.037816	0.029376	0.024873	0.021314	0.019231	

random-median
0.000266	100.000000	60.188430	8.267492	5.872261	5.637125	5.692013	4.642280	3.695404	3.170798	2.898080	
0.000254	100.000000	59.545608	8.056413	5.872370	5.542258	5.615946	4.560066	3.547484	2.950205	2.824964	
0.000263	100.000000	59.751566	8.638826	7.178400	6.767728	5.767123	4.503883	3.898886	3.237332	2.982362	
0.000260	100.000000	59.634919	8.837221	7.546112	7.965378	6.794542	5.873682	4.793407	4.172452	3.731578	
0.000257	100.000000	59.373382	8.620961	7.473122	7.079298	6.135543	4.679880	4.092531	3.563028	3.261723	

sift-big
0.000495	100.000000	179.813928	26.162671	23.052767	20.884145	18.394357	17.598857	13.800078	11.136943	9.535542	
0.000506	100.000000	178.769736	26.282632	21.901615	20.451470	19.506659	17.796749	13.591415	11.147619	9.529892	
0.000504	100.000000	177.909724	27.237877	23.571371	21.319420	20.254372	15.104205	13.392359	11.232422	9.797542	
0.000501	100.000000	179.419391	24.784538	19.776822	19.138827	18.182075	13.807820	11.658794	10.295884	9.323300	
0.000509	100.000000	179.830025	26.067128	23.002542	20.953978	19.329356	16.287589	13.356278	11.216895	9.407871	

madelon
0.000061	100.000000	4.086886	0.523310	0.260361	0.174214	0.132148	0.105398	0.088724	0.076942	0.068010	
0.000062	100.000000	4.086071	0.516453	0.262160	0.174138	0.131353	0.105421	0.089004	0.076905	0.068021	
0.000056	100.000000	4.084870	0.518003	0.261775	0.174114	0.131723	0.105301	0.088640	0.076996	0.067874	
0.000058	100.000000	4.086102	0.518441	0.260176	0.174196	0.131133	0.112822	0.088702	0.076598	0.068049	
0.000064	100.000000	4.087309	0.520361	0.261208	0.174291	0.132952	0.105452	0.088890	0.077016	0.068131	

gist
0.000073	100.000000	3.520698	0.458468	0.236646	0.165913	0.137290	0.110469	0.091246	0.077880	0.070368	
0.000075	100.000000	3.502872	0.453181	0.235394	0.163518	0.135195	0.107939	0.091025	0.077327	0.067977	
0.000069	100.000000	3.487311	0.450211	0.233247	0.158814	0.122049	0.100335	0.084060	0.072961	0.064709	
0.000070	100.000000	3.520388	0.461746	0.247375	0.190092	0.180159	0.143823	0.120410	0.100142	0.089279	
0.000067	100.000000	3.468218	0.447868	0.227129	0.151821	0.114633	0.092426	0.076007	0.065341	0.058150	

har
0.000115	100.000000	28.528745	4.208092	4.334739	3.949415	3.197966	2.370389	2.006471	1.737390	1.708782	
0.000110	100.000000	28.512515	4.907003	4.844998	4.816053	4.351608	3.553878	2.708730	2.305211	2.177366	
0.000118	100.000000	28.521498	3.973064	3.228452	3.193239	3.062389	2.343559	1.986046	1.722481	1.594117	
0.000109	100.000000	28.536144	4.203619	4.384714	3.979648	3.278797	2.474937	2.062524	1.750468	1.731480	
0.000120	100.000000	28.551347	4.085166	3.129322	3.043901	3.058079	2.468008	1.880923	1.536760	1.533185	
