=== Intel RBC random

1	158	0.046970	8.313334	0.245852	0.063994	0.032572	0.021791	0.017251	
3	474	0.066812	21.559999	0.692543	0.174565	0.089953	0.061782	0.048434	
5	790	0.131977	30.786667	1.171964	0.287846	0.148016	0.102003	0.079904	
7	1106	0.171922	39.106667	1.591339	0.402156	0.207542	0.143732	0.111145	
9	1423	0.242942	45.340000	2.033234	0.520003	0.265628	0.185137	0.143317	
11	1739	0.284555	50.940002	2.508469	0.626812	0.327884	0.224351	0.174794	
13	2055	0.389051	54.739998	2.945090	0.737160	0.387190	0.269797	0.210203	
15	2371	0.442488	59.880001	3.419127	0.863837	0.442762	0.307864	0.238529	
17	2687	0.514112	63.886665	3.842049	0.970495	0.501490	0.354439	0.270976	
19	3004	0.605973	66.720001	4.312123	1.082314	0.562020	0.387553	0.303046	
21	3320	0.724081	69.660004	4.768265	1.193578	0.627628	0.434519	0.334544	
23	3636	0.862607	72.186668	5.209852	1.308101	0.678648	0.479084	0.366820	
25	3952	0.917027	74.580002	5.692174	1.426023	0.738374	0.512683	0.399373	
27	4269	1.038327	76.660004	6.124640	1.543956	0.802507	0.552256	0.444851	
29	4585	1.113399	77.720001	6.623737	1.671625	0.861220	0.595267	0.483377	
31	4901	1.281889	80.139999	7.081595	1.793168	0.921309	0.640012	0.497080	
33	5217	1.416289	82.186668	7.597810	1.894296	0.989838	0.680428	0.529016	
35	5533	1.513686	83.713333	7.991504	2.012200	1.039241	0.723711	0.561242	
37	5850	1.657925	84.353333	8.432141	2.123252	1.102328	0.772287	0.593129	
39	6166	1.819002	85.706673	8.889718	2.241899	1.162717	0.814429	0.627153	
41	6482	1.932175	87.033333	9.374720	2.361183	1.238573	0.844885	0.659492	
43	6798	2.097303	87.953339	9.853585	2.471608	1.286822	0.893480	0.701746	
45	7115	2.310014	89.260002	10.342685	2.604604	1.355885	0.934439	0.724888	
47	7431	2.388804	89.940002	10.784239	2.714729	1.409436	0.973850	0.757030	
49	7747	2.607445	90.773331	11.226648	2.829061	1.464633	1.015028	0.814333	
51	8063	2.685297	91.726669	11.693619	2.940422	1.545902	1.055808	0.823107	
53	8380	2.876165	91.933334	12.170493	3.055506	1.589975	1.111185	0.862974	
55	8696	3.211676	93.073334	12.650796	3.186700	1.642373	1.156782	0.902364	
57	9012	3.232272	93.353333	13.167970	3.325258	1.719012	1.198636	0.919829	
59	9328	3.418204	93.860001	13.466502	3.408905	1.795969	1.239052	0.970086	
61	9644	3.635270	94.553337	13.919023	3.526980	1.839230	1.280341	0.984356	
63	9961	3.836677	94.813332	14.521609	3.648577	1.889702	1.313235	1.020530	
65	10277	3.974098	95.166664	14.999665	3.769596	1.956410	1.352155	1.052637	
67	10593	4.125704	95.513329	15.452617	3.892028	2.015590	1.412091	1.085516	
69	10909	4.240584	96.133331	16.033731	4.030979	2.082626	1.443884	1.122108	
71	11226	4.723245	96.413330	16.352623	4.107703	2.131912	1.495428	1.150043	
73	11542	4.896547	96.599998	16.807704	4.221564	2.186018	1.536634	1.181019	
75	11858	5.112509	97.080002	17.263637	4.345619	2.264854	1.573856	1.214944	
77	12174	5.295653	97.273331	17.742743	4.512658	2.317720	1.607938	1.249606	
79	12490	5.524227	97.639999	18.273557	4.588083	2.392442	1.658329	1.282785	
81	12807	5.576975	97.733330	18.779115	4.711906	2.447991	1.693502	1.316613	
83	13123	5.858831	97.966667	19.207589	4.834625	2.506621	1.736241	1.351733	
85	13439	6.021720	98.220001	19.656497	4.956992	2.600927	1.799824	1.382144	
87	13755	6.180758	98.453331	20.223742	5.071493	2.628264	1.840437	1.414928	
89	14072	6.499969	98.486671	20.434927	5.185258	2.682546	1.882368	1.446961	
91	14388	6.703766	98.553337	20.915486	5.331950	2.747211	1.927917	1.493811	
93	14704	6.883225	98.733337	21.441655	5.466957	2.814119	1.952046	1.517328	
95	15020	7.100400	98.926666	21.992732	5.549731	2.912114	2.004643	1.548623	
97	15337	7.278253	99.033333	22.601732	5.679405	2.923086	2.050223	1.640553	
99	15653	7.508730	99.013336	22.788094	5.787244	3.012908	2.093025	1.613138	
101	15969	7.728871	99.206665	23.415321	5.912815	3.058285	2.121224	1.646969	
103	16285	7.877344	99.166664	23.917968	6.022454	3.122169	2.168285	1.680377	
105	16601	8.637003	99.313332	24.443700	6.122785	3.180588	2.233243	1.713610	
107	16918	9.845686	99.373337	24.790961	6.249583	3.235288	2.272392	1.745782	
109	17234	10.001854	99.459999	25.242326	6.392968	3.306920	2.303216	1.780681	
111	17550	10.581735	99.540001	25.756533	6.496155	3.371332	2.336293	1.821568	
113	17866	10.260645	99.566666	26.389077	6.602382	3.433775	2.375211	1.847211	
115	18183	11.139051	99.646667	26.609347	6.758149	3.535533	2.414062	1.879178	
117	18499	10.739468	99.666664	26.961333	6.874801	3.558904	2.485591	1.915414	
119	18815	10.947278	99.673332	27.445520	6.994754	3.635648	2.512924	1.946984	
121	19131	11.983188	99.720001	28.180548	7.123765	3.686727	2.554207	1.986996	
123	19448	11.624287	99.806664	28.693378	7.234703	3.749880	2.625782	2.023958	
125	19764	12.273220	99.846664	29.144729	7.349133	3.835265	2.667791	2.059678	
127	20080	13.351698	99.833336	29.620563	7.442581	3.853537	2.677856	2.075590	
129	20396	12.898141	99.906662	29.829686	7.576077	3.946220	2.722907	2.122771	
131	20712	13.200898	99.913338	30.283875	7.722820	4.004985	2.788149	2.144373	
133	21029	13.133166	99.940002	30.789880	7.785360	4.038945	2.832501	2.178455	
135	21345	13.709845	99.953339	31.243142	7.940122	4.111841	2.849037	2.210484	
137	21661	13.727641	99.959999	31.894572	8.073754	4.229478	2.920654	2.252547	
139	21977	14.073249	99.973335	32.181139	8.216047	4.249653	2.940382	2.278664	
