=== Intel RBC sift

1	236	0.120733	32.677006	0.485286	0.121389	0.063210	0.044532	0.036998	
3	710	0.301094	71.502670	1.516001	0.369711	0.187427	0.128467	0.107696	
5	1183	0.612048	85.265388	2.405145	0.609645	0.314509	0.217171	0.205786	
7	1657	0.768032	91.580215	3.382628	0.850605	0.447614	0.308422	0.262913	
9	2131	0.877329	95.331856	5.063503	1.150410	0.589670	0.404191	0.340302	
11	2604	1.042812	96.908043	6.486348	1.448440	0.731020	0.501809	0.428722	
13	3078	1.427417	98.111595	6.659748	1.689313	0.870602	0.598926	0.499837	
15	3551	1.872923	98.650421	7.701921	1.972423	1.017313	0.702058	0.594981	
17	4025	2.081591	99.209389	9.729880	2.330136	1.166901	0.807062	0.671646	
19	4499	2.373449	99.385635	10.733327	2.580649	1.343960	0.911032	0.773388	
21	4972	2.606638	99.592102	11.217099	2.877090	1.476211	1.006501	0.845289	
23	5446	3.186151	99.662605	12.289195	3.110543	1.637611	1.124019	0.931301	
25	5919	3.086587	99.758286	15.183151	3.568642	1.782225	1.227384	1.014234	
27	6393	3.613186	99.833824	14.140082	3.771678	1.921761	1.328402	1.111638	
29	6867	4.124278	99.833824	15.737123	4.063926	2.138945	1.443147	1.189585	
31	7340	4.120738	99.914391	19.494680	4.720786	2.311860	1.556035	1.299118	
33	7814	4.837343	99.924461	17.907471	4.726901	2.448060	1.686777	1.428163	
35	8287	5.427257	99.949638	21.716246	4.932338	2.554573	1.763195	1.484349	
37	8761	5.727554	99.954674	23.511706	5.488913	2.727546	1.884142	1.569344	
39	9235	5.895882	99.974823	21.751072	5.599513	2.883979	2.002803	1.683774	
41	9708	6.727665	99.949638	23.332158	5.984704	3.088128	2.127583	1.794642	
43	10182	7.907366	99.974823	26.747477	6.405194	3.316851	2.243186	1.851744	
45	10655	7.978006	99.984894	24.422440	6.618819	3.476520	2.357574	1.979961	
47	11129	8.048682	99.989929	32.591451	6.973069	3.658823	2.462685	2.057263	
49	11603	8.913444	99.989929	32.810059	7.417412	3.773896	2.581971	2.150720	
51	12076	9.124704	99.974823	29.984399	7.583300	3.904540	2.693634	2.259418	
53	12550	10.243505	99.989929	29.824115	7.666027	3.973725	2.773212	2.340207	
55	13023	10.600518	99.994965	36.806175	8.245371	4.298173	2.911708	2.415173	
57	13497	10.853801	99.989929	31.401566	8.818852	4.448362	3.017132	2.531076	
59	13971	11.278795	99.989929	37.731613	9.228601	4.664708	3.132050	2.597761	
61	14444	11.944593	99.989929	43.313699	10.176647	4.940173	3.264793	2.751837	
63	14918	13.327765	99.984894	43.798081	9.593964	4.906961	3.389029	2.874177	
65	15391	12.681018	100.000000	36.612216	9.625147	5.092314	3.532241	2.883696	
67	15865	14.731874	99.994965	38.823943	10.172343	5.235827	3.627372	3.048359	
69	16339	14.495425	99.994965	40.848393	10.504924	5.411713	3.765110	3.162856	
71	16812	16.155684	99.994965	43.177342	10.619958	5.548433	3.836524	3.245912	
73	17286	16.427719	99.994965	43.505306	10.981331	5.676219	3.965229	3.328545	
75	17759	17.028689	99.989929	51.354114	11.908865	5.883638	4.058986	3.389582	
77	18233	18.658439	99.989929	53.181040	12.065046	6.239076	4.202078	3.490341	
79	18707	18.651463	99.994965	54.118513	12.244148	6.532653	4.326141	3.614510	
81	19180	19.993507	100.000000	56.567921	12.519460	6.445890	4.455916	3.647867	
83	19654	20.270101	100.000000	56.960413	12.792782	6.596069	4.555028	3.783527	
85	20127	21.176138	100.000000	50.379459	12.911485	6.782276	4.712336	3.896877	
87	20601	20.545868	99.994965	52.247361	13.904074	6.937211	4.746835	3.975763	
89	21075	23.179860	99.994965	53.062278	13.441669	6.927924	4.867000	4.057815	
91	21548	22.786737	100.000000	53.042624	14.114103	7.252329	5.036713	4.134491	
93	22022	24.859111	99.994965	62.801700	14.812486	7.630812	5.167264	4.318130	
95	22495	24.175057	99.994965	56.706975	14.901202	7.690040	5.312087	4.379122	
97	22969	25.987854	99.994965	57.386780	15.070192	7.662317	5.368323	4.493393	
99	23443	26.499088	99.994965	69.887049	17.521909	8.360472	5.542871	4.609225	
101	23916	27.459851	100.000000	71.046154	16.470884	8.095923	5.584398	4.669856	
103	24390	30.251002	99.994965	72.539639	17.020687	8.471588	5.745871	4.769030	
105	24863	27.932096	100.000000	74.673538	16.078766	8.318212	5.829629	4.921219	
107	25337	30.277505	99.994965	75.244473	17.265573	8.775469	6.007670	5.065212	
109	25811	29.358629	99.994965	63.699919	16.213576	8.645550	6.038784	5.106768	
111	26284	31.316050	99.994965	66.301758	17.078547	9.070810	6.248822	5.247393	
113	26758	30.845214	99.989929	82.318458	18.011132	9.237894	6.303659	5.338435	
115	27231	31.139367	100.000000	84.120885	18.282005	9.384844	6.481541	5.383760	
117	27705	35.624348	99.994965	81.566090	17.945877	9.541042	6.517429	5.450756	
119	28179	33.616003	100.000000	67.493603	18.114475	9.324580	6.505388	5.342498	
121	28652	34.812844	99.994965	69.877202	18.611784	9.780220	6.766302	5.499330	
123	29126	33.205334	100.000000	68.819725	18.812297	9.779892	6.775795	5.539150	
125	29599	34.172187	99.994965	70.481607	18.819654	9.852877	6.823165	5.693328	
127	30073	35.984411	99.994965	83.699672	19.603346	10.236294	6.960151	5.720511	
129	30547	37.287291	99.989929	76.018839	19.666826	10.279717	7.106904	5.928509	
131	31020	36.446569	99.994965	73.826038	19.561670	10.253306	7.192685	5.899392	
133	31494	39.422341	100.000000	75.051696	19.831606	10.447171	7.296524	5.915637	
135	31967	39.371546	100.000000	88.291907	20.864493	10.732475	7.463372	6.125196	
137	32441	46.987804	99.994965	77.699756	20.953862	10.919976	7.623719	6.207381	
139	32915	38.570825	99.989929	82.821266	21.236930	11.067914	7.717946	6.145236	
141	33388	38.546448	100.000000	93.322340	21.089489	10.897813	7.637333	5.899292	
143	33862	38.427763	99.994965	99.573158	21.215111	11.076998	7.720491	6.013984	
145	34335	38.766276	100.000000	84.694095	21.405551	11.220487	7.786693	6.077292	
147	34809	41.740219	99.989929	86.588417	21.885491	11.474078	8.106509	6.218071	
149	35283	41.456803	99.994965	103.446714	22.067401	11.505772	8.195704	6.245380	
151	35756	42.020734	99.994965	104.747760	22.427699	11.715360	8.153073	6.359534	
153	36230	43.538409	99.994965	94.089150	25.145981	12.701665	8.725474	6.842999	
155	36703	46.440935	99.994965	118.693394	25.517300	12.950479	8.701294	6.968028	
157	37177	46.977405	99.989929	98.063428	24.422009	12.809216	8.954931	7.040484	
159	37651	48.279923	99.994965	122.294461	24.792179	12.789168	8.950356	7.146334	
161	38124	48.397720	99.994965	103.514710	26.016832	13.377526	9.186061	7.351674	
163	38598	51.357458	99.994965	129.663324	31.771805	14.318532	9.457023	7.601889	
165	39071	50.802208	100.000000	131.003811	26.550682	13.519965	9.486502	7.331025	
167	39545	51.528726	99.994965	132.717752	27.009882	14.215119	9.524440	7.564695	
169	40019	51.400463	99.994965	132.757254	26.622851	13.808055	9.644921	7.686897	
171	40492	52.723378	99.994965	135.033927	27.019624	13.936630	9.679491	7.673646	
173	40966	54.536788	99.994965	109.067740	27.024952	14.212957	9.886664	7.878943	
175	41439	55.891241	100.000000	138.673764	29.566360	14.732950	9.917831	7.988144	
177	41913	56.275591	99.994965	136.096890	30.115550	14.811116	10.258096	8.233627	
179	42387	56.505063	99.994965	121.305765	28.095885	14.540338	10.090326	7.925641	
181	42860	54.999963	99.994965	108.573780	28.143493	14.677941	10.251451	8.014733	
183	43334	56.371543	99.994965	130.142501	28.610375	14.718841	10.273253	8.077096	
185	43807	57.482703	99.989929	135.617148	28.884555	14.948589	10.367287	8.146854	
187	44281	58.622462	100.000000	138.227396	29.725693	15.173485	10.516399	8.274443	
189	44755	59.435947	99.994965	116.357253	29.696086	15.344489	10.650152	8.385058	
191	45228	60.886344	99.994965	119.693127	29.887473	15.826425	10.706169	8.470028	
193	45702	60.847126	99.989929	137.978046	30.146324	15.687150	10.906247	8.601766	
195	46175	61.763925	99.994965	120.593766	30.565057	15.801949	10.995742	8.612887	
197	46649	63.023642	99.994965	145.266924	30.856661	15.980059	11.111208	8.754521	
199	47123	64.846595	99.994965	123.268434	31.058266	16.503473	11.380254	8.840345	
201	47596	65.031485	99.994965	145.062229	31.606744	16.417959	11.368598	8.953278	
203	48070	66.144100	99.989929	143.120716	31.930331	16.568645	11.501877	9.029889	
205	48543	66.068678	99.994965	123.333664	32.063259	16.742478	11.615996	9.103264	
207	49017	66.529091	99.994965	129.917319	32.551060	17.319556	11.942576	9.232404	
209	49491	68.273014	99.994965	128.483575	32.872988	17.091012	11.846611	9.354580	
211	49964	68.895359	99.989929	131.704908	33.201844	17.608580	12.112721	9.405695	
213	50438	70.036831	99.994965	131.915114	33.605042	17.883900	12.156203	9.569725	
215	50911	70.669583	99.994965	129.797757	33.934144	17.569664	12.257238	9.614833	
217	51385	69.435952	99.994965	136.653632	34.095567	17.670408	12.339354	9.678103	
219	51859	72.225127	99.994965	134.183466	34.591637	17.928037	12.635716	9.865647	
