=== Intel RBC sift

1	236	0.118400	32.349682	0.469720	0.118805	0.062552	0.043795	0.036165	
3	710	0.233123	71.165276	1.499544	0.353801	0.183544	0.127147	0.103921	
5	1183	0.505625	85.315742	2.338823	0.595744	0.312063	0.214626	0.177468	
7	1657	0.565909	91.983078	3.269846	0.847726	0.440177	0.303604	0.250178	
9	2131	0.845936	95.346962	4.313414	1.114960	0.571758	0.399883	0.323662	
11	2604	1.088706	97.124580	5.512983	1.394728	0.716012	0.487987	0.405367	
13	3078	1.170326	98.202232	6.299429	1.631446	0.849526	0.583454	0.475529	
15	3551	1.822956	98.992851	7.935030	1.930072	0.993097	0.688657	0.567048	
17	4025	1.842680	99.123779	9.148751	2.247114	1.144857	0.789803	0.651950	
19	4499	2.134746	99.405785	10.192812	2.471790	1.276735	0.889305	0.716828	
21	4972	2.351766	99.622322	11.427800	2.839303	1.449303	0.993662	0.813425	
23	5446	2.614340	99.718002	12.842672	3.081466	1.592488	1.108224	0.907158	
25	5919	3.609719	99.783463	13.987489	3.389763	1.739828	1.197311	0.984759	
27	6393	3.514105	99.808640	15.021608	3.712758	1.897931	1.308906	1.085785	
29	6867	3.826498	99.828789	15.039215	3.964005	2.064279	1.411982	1.159283	
31	7340	4.222695	99.919426	17.982518	4.182422	2.175689	1.515946	1.240197	
33	7814	4.886186	99.919426	17.148312	4.448548	2.342793	1.620409	1.301466	
35	8287	5.685361	99.924461	18.319476	4.901528	2.513291	1.747185	1.432952	
37	8761	5.741637	99.954674	19.294631	5.149935	2.641468	1.845733	1.521086	
39	9235	6.089162	99.974823	20.409651	5.441833	2.794659	1.949141	1.589754	
41	9708	6.702056	99.949638	21.701587	5.775486	2.983407	2.075377	1.699500	
43	10182	6.846918	99.979858	22.644425	5.959848	3.121849	2.164551	1.785302	
45	10655	7.607242	99.979858	26.810546	6.438692	3.298598	2.293214	1.864201	
47	11129	7.767929	99.974823	28.012707	6.852421	3.495656	2.389707	1.980182	
49	11603	8.773586	99.989929	27.723348	7.132900	3.699886	2.566462	2.176591	
51	12076	9.270693	99.979858	29.546696	7.691398	3.950142	2.696828	2.266674	
53	12550	9.878656	99.984894	31.578499	7.854537	4.055474	2.834887	2.357430	
55	13023	10.790105	99.989929	32.129529	8.334895	4.190433	2.893710	2.431731	
57	13497	10.605546	99.984894	38.648475	8.918551	4.508274	3.065705	2.566712	
59	13971	11.204115	99.979858	42.196902	9.425676	4.763269	3.195704	2.664317	
61	14444	11.645577	99.984894	35.460065	9.393036	4.727629	3.271494	2.744416	
63	14918	12.861978	99.989929	36.933041	10.057720	5.042073	3.432166	2.918582	
65	15391	13.090489	99.989929	37.674999	10.001453	5.117493	3.515715	2.983886	
67	15865	14.072259	99.989929	45.490382	10.388291	5.340884	3.617927	3.053486	
69	16339	14.812436	99.989929	40.269212	10.754593	5.598078	3.787645	3.151037	
71	16812	15.654732	100.000000	42.242161	11.001112	5.632874	3.839525	3.182228	
73	17286	16.111623	99.994965	42.578852	10.710369	5.728412	4.001232	3.307059	
75	17759	16.997817	99.994965	43.640784	11.246701	5.985548	4.128292	3.394289	
77	18233	19.480648	99.994965	45.662531	11.587497	6.143861	4.177798	3.532429	
79	18707	18.247482	99.989929	46.108440	12.181587	6.335224	4.374226	3.669831	
81	19180	20.060619	100.000000	47.531242	12.611674	6.595792	4.477344	3.770130	
83	19654	19.783661	100.000000	61.257290	14.382509	6.816854	4.594282	3.848188	
85	20127	21.519603	99.994965	50.991357	13.045026	6.841263	4.699307	3.926021	
87	20601	21.093700	99.994965	60.512708	14.046393	6.973011	4.749645	3.980647	
89	21075	22.109610	99.994965	63.035944	13.913626	7.193596	4.953152	4.055742	
91	21548	22.910814	99.994965	53.453162	14.339465	7.483414	4.998107	4.196733	
93	22022	23.713348	100.000000	54.335496	13.780687	7.255254	5.097576	4.313247	
95	22495	24.476617	99.994965	65.321689	14.948375	7.640218	5.315217	4.429489	
97	22969	26.813054	99.994965	66.696484	15.232694	7.809904	5.344356	4.477271	
99	23443	26.762306	100.000000	59.489184	15.667878	7.945868	5.513787	4.593865	
101	23916	27.225211	99.994965	60.606457	16.011038	8.071775	5.610395	4.731428	
103	24390	28.218556	99.994965	60.816204	15.746690	8.283052	5.674010	4.848993	
105	24863	28.275940	99.994965	75.108370	16.528683	8.589345	5.941094	4.985915	
107	25337	28.841696	99.994965	78.213533	17.223853	8.718678	6.092002	5.034649	
109	25811	29.241239	100.000000	64.550818	16.970933	8.674076	6.072466	5.231891	
111	26284	30.698281	99.994965	79.554358	17.558885	9.028093	6.274988	5.276321	
113	26758	30.743421	99.994965	66.912283	18.104859	9.294013	6.419527	5.441623	
115	27231	32.094002	99.989929	83.447463	18.561147	9.302213	6.439588	5.505336	
117	27705	35.143317	100.000000	82.092223	17.640718	9.290618	6.533405	5.484924	
119	28179	34.943848	99.994965	70.272918	18.659224	9.621804	6.771318	5.681432	
121	28652	36.120259	99.994965	82.850276	19.453865	9.803731	6.854268	5.658193	
123	29126	33.256784	99.994965	83.741683	19.704665	9.997834	6.916260	5.674184	
125	29599	35.980108	99.994965	86.852036	20.039776	10.284899	7.052786	6.017342	
127	30073	38.278898	100.000000	95.671846	21.284541	10.587636	7.264264	6.125407	
129	30547	39.881359	99.994965	89.991192	20.782819	10.644808	7.301794	6.156255	
131	31020	40.169904	99.989929	79.707734	20.353230	10.735607	7.454264	6.195266	
133	31494	41.437700	99.994965	79.749912	22.580766	11.212142	7.627595	6.397563	
135	31967	42.730569	99.994965	93.334866	21.475244	10.801793	7.518501	6.251694	
137	32441	45.352122	99.994965	81.546795	21.687789	11.241963	7.739723	6.406775	
139	32915	38.827014	99.994965	92.770053	22.399032	11.397472	7.867870	6.379276	
141	33388	39.404412	99.989929	83.532345	22.926435	11.711204	7.984725	6.523928	
143	33862	41.594400	99.994965	82.531297	21.721860	11.678263	8.090990	6.654406	
145	34335	42.960084	99.994965	82.579435	22.943844	12.105700	8.230904	6.708897	
147	34809	44.478452	100.000000	109.084517	24.166988	12.199623	8.413535	7.019729	
149	35283	45.619472	100.000000	91.154792	23.149472	12.349289	8.412459	7.108601	
151	35756	46.485856	99.994965	110.558947	25.220317	12.842548	8.728641	7.408982	
153	36230	46.307962	99.994965	111.157425	25.021359	12.814064	8.811477	7.382941	
155	36703	46.754610	100.000000	95.582256	25.511625	13.044330	8.974081	7.410072	
157	37177	48.780154	99.989929	94.553733	25.694445	13.169952	9.116516	7.501281	
159	37651	50.841772	99.994965	97.693286	26.011034	13.414099	9.189549	7.549866	
161	38124	51.230919	99.994965	99.956057	25.609238	13.228020	9.127788	7.285566	
163	38598	50.553599	99.994965	125.915995	31.509874	13.679602	9.228682	7.431176	
165	39071	50.063555	99.994965	106.051010	25.979987	13.402053	9.347408	7.387394	
167	39545	50.066287	99.994965	128.704489	26.534625	13.576648	9.425228	7.572679	
169	40019	51.901415	99.994965	132.213505	27.602178	13.841300	9.644923	7.537475	
171	40492	50.449766	99.994965	107.339047	27.198180	14.042234	9.680015	7.769138	
173	40966	55.201909	99.994965	134.254144	29.039047	14.653587	10.080615	7.938867	
175	41439	55.983486	99.994965	109.563894	27.228686	14.278138	9.974653	7.999706	
177	41913	54.771599	99.994965	141.486196	29.751084	14.709633	10.131135	8.157265	
179	42387	55.637404	99.994965	112.750125	28.274216	14.756310	10.181590	8.153581	
181	42860	56.682311	99.989929	140.010604	28.347635	14.886972	10.325668	8.232721	
183	43334	56.698853	99.994965	141.314916	29.139623	15.045450	10.577671	8.309118	
185	43807	58.562810	99.994965	147.699778	31.720687	14.539471	10.132222	7.944271	
187	44281	60.188747	99.994965	116.655332	29.988475	16.224247	10.844121	8.512352	
189	44755	59.569413	99.994965	118.647685	29.736862	15.478822	10.795986	8.626005	
191	45228	59.781245	99.994965	120.656455	31.818629	16.156561	11.098616	8.571423	
193	45702	61.797895	99.994965	151.224300	30.855501	15.887989	11.025068	8.872173	
195	46175	62.139669	99.994965	152.828123	32.573858	15.998534	11.202830	8.886534	
197	46649	63.396047	99.994965	121.415652	31.356379	16.188424	11.285666	9.095314	
199	47123	64.487300	99.994965	159.958268	37.834793	17.153039	11.579166	9.081718	
201	47596	65.610177	99.994965	157.628727	34.001181	16.571237	11.437082	9.123550	
203	48070	64.782704	99.994965	126.264711	32.046141	16.933153	11.655770	9.270096	
205	48543	66.304724	99.994965	161.477074	32.426305	16.834161	11.719356	9.348776	
207	49017	67.154243	99.994965	164.153042	35.116982	17.833305	11.811973	9.413208	
209	49491	69.603424	99.989929	157.459782	35.626352	17.841316	12.215203	10.330144	
211	49964	72.930553	99.994965	156.026256	33.538573	17.398902	12.467478	10.527706	
213	50438	72.593741	99.994965	132.837839	35.270065	17.885299	12.407511	10.505480	
215	50911	74.325493	99.994965	155.391815	36.382651	18.359938	12.605670	10.574402	
217	51385	74.986406	99.994965	134.588143	34.689834	18.337980	12.871648	10.767834	
219	51859	76.951075	99.994965	134.808857	36.316041	18.668617	12.981621	10.769515	
