=== Intel RBC har

1	85	0.060578	37.347145	0.204526	0.051720	0.037042	0.020510	0.014279	
2	171	0.028151	69.718071	0.417918	0.124083	0.050661	0.036481	0.028378	
3	257	0.050966	81.216034	0.608920	0.151046	0.075515	0.054285	0.042226	
4	342	0.118865	87.754753	0.791805	0.200991	0.103205	0.072142	0.056065	
5	428	0.081653	91.898773	0.987599	0.243876	0.129051	0.090009	0.070006	
6	514	0.076399	94.225540	1.179357	0.293844	0.151502	0.108251	0.084155	
7	600	0.159970	96.263588	1.382818	0.342986	0.175832	0.125919	0.098011	
8	685	0.151066	96.891983	1.705055	0.389916	0.201545	0.145716	0.123347	
9	771	0.107854	97.792122	1.771173	0.448085	0.228179	0.161751	0.138113	
10	857	0.129361	98.199730	1.960306	0.490837	0.258196	0.179759	0.139924	
11	943	0.144120	99.184784	2.156640	0.541739	0.276815	0.198293	0.154101	
12	1028	0.146162	99.286690	2.341941	0.597645	0.309710	0.215693	0.174771	
13	1114	0.157597	99.507477	2.533955	0.632924	0.326400	0.233675	0.191196	
14	1200	0.164936	99.541435	2.730780	0.682133	0.352070	0.251947	0.195834	
15	1286	0.182351	99.694290	2.916478	0.737055	0.386145	0.264116	0.218522	
16	1371	0.206757	99.830162	3.128460	0.780442	0.405059	0.288611	0.244644	
17	1457	0.201769	99.830162	3.320511	0.830152	0.429420	0.306347	0.237855	
18	1543	0.329613	99.847145	3.500241	0.878883	0.464450	0.323889	0.252028	
19	1629	0.299297	99.796196	3.699653	0.925831	0.478718	0.342212	0.266147	
20	1714	0.258450	99.847145	3.891598	0.974883	0.500656	0.360420	0.279999	
21	1800	0.338228	99.915085	4.099678	1.021022	0.526322	0.377063	0.314108	
22	1886	0.293642	99.932060	4.281218	1.072637	0.556011	0.395773	0.317052	
23	1972	0.336861	99.898102	4.486050	1.117418	0.594811	0.413943	0.335335	
24	2057	0.312206	99.983017	4.678254	1.170081	0.609099	0.432520	0.336451	
25	2143	0.333648	99.949051	4.867929	1.213930	0.631504	0.450517	0.350107	
26	2229	0.342887	99.949051	5.062011	1.267958	0.656042	0.468486	0.364173	
27	2315	0.364300	99.983017	5.249762	1.322210	0.678807	0.486398	0.378312	
28	2400	0.380466	100.000000	5.438490	1.362116	0.709261	0.504307	0.392200	
29	2486	0.376876	99.966034	5.636312	1.410259	0.734550	0.522039	0.420699	
30	2572	0.427486	99.966034	5.829729	1.459823	0.752478	0.540999	0.420545	
31	2658	0.494034	100.000000	6.032532	1.513485	0.783591	0.559042	0.434972	
32	2743	0.553442	99.983017	6.232959	1.591530	0.801848	0.576642	0.448474	
33	2829	0.470819	100.000000	6.417545	1.603463	0.851019	0.595712	0.462173	
34	2915	0.500129	100.000000	6.612055	1.658156	0.853001	0.613579	0.477237	
35	3001	0.511039	100.000000	6.803342	1.706989	0.877852	0.631345	0.491264	
36	3086	0.518621	100.000000	6.994633	1.755710	0.902697	0.648784	0.505000	
37	3172	0.538866	100.000000	7.207711	1.800793	0.933731	0.668509	0.519766	
38	3258	0.552328	99.983017	7.398922	1.849993	0.958713	0.685793	0.533947	
39	3344	0.644403	100.000000	7.592169	1.907726	1.000686	0.704232	0.547110	
40	3429	0.591628	100.000000	7.790404	1.992426	1.011407	0.720481	0.561604	
41	3515	0.607763	99.983017	7.972990	2.003633	1.037903	0.740008	0.575824	
42	3601	0.657475	100.000000	8.168807	2.065630	1.079073	0.759651	0.591017	
43	3686	0.661531	100.000000	8.369851	2.105396	1.115691	0.773821	0.603498	
44	3772	0.673186	99.983017	8.576190	2.168126	1.128396	0.793679	0.617389	
45	3858	0.700739	100.000000	8.761389	2.197427	1.166734	0.811754	0.634363	
46	3944	0.722579	100.000000	8.956770	2.251064	1.160566	0.827941	0.645783	
47	4029	1.122968	100.000000	9.202536	2.300043	1.190731	0.847808	0.686987	
48	4115	0.776593	100.000000	9.327224	2.341457	1.245364	0.867511	0.674052	
49	4201	0.803806	100.000000	9.535533	2.382356	1.271055	0.884690	0.687980	
50	4287	0.823573	100.000000	9.726277	2.449307	1.257028	0.904963	0.702154	
51	4372	0.929835	100.000000	9.927686	2.483817	1.292403	0.923152	0.717129	
52	4458	0.864993	100.000000	10.123923	2.546977	1.320971	0.938721	0.730098	
53	4544	0.987126	100.000000	10.330549	2.594154	1.344206	0.960134	0.745500	
54	4630	0.911058	100.000000	10.494817	2.637597	1.363629	0.974006	0.758818	
55	4715	0.952427	100.000000	10.707478	2.683003	1.392717	0.992312	0.773065	
56	4801	0.946761	100.000000	10.897635	2.732982	1.415093	1.010206	0.786734	
57	4887	0.962981	100.000000	11.099946	2.797655	1.442783	1.032263	0.801870	
58	4973	1.007144	100.000000	11.285177	2.835001	1.464899	1.047365	0.815309	
59	5058	1.000222	100.000000	11.500942	2.945070	1.529171	1.066782	0.829917	
60	5144	1.071133	100.000000	11.678787	2.950146	1.522014	1.083902	0.843729	
61	5230	1.076537	100.000000	11.862937	2.974103	1.564893	1.101862	0.857198	
62	5316	1.076460	100.000000	12.068608	3.014662	1.565109	1.121752	0.871549	
63	5401	1.096884	100.000000	12.259683	3.084330	1.596702	1.138723	0.885873	
64	5487	1.108903	100.000000	12.449478	3.134247	1.622494	1.156440	0.899902	
65	5573	1.143230	100.000000	12.640718	3.179010	1.634785	1.173518	0.914013	
66	5659	1.186245	100.000000	12.848775	3.236475	1.672232	1.194456	0.928740	
67	5744	1.289533	100.000000	13.047466	3.278344	1.693983	1.210547	0.941252	
68	5830	1.468578	100.000000	13.241851	3.352575	1.719539	1.230743	0.987783	
69	5916	1.344710	100.000000	13.409493	3.381521	1.755969	1.250453	0.970005	
70	6002	1.282157	100.000000	13.627125	3.426327	1.761656	1.265565	0.984926	
71	6087	1.292196	100.000000	13.815093	3.526186	1.845328	1.282328	0.998260	
72	6173	1.327255	100.000000	14.012798	3.511856	1.828690	1.300796	1.011850	
73	6259	1.320358	100.000000	14.219831	3.565701	1.843999	1.324330	1.027703	
74	6345	1.478545	100.000000	14.396191	3.618624	1.875761	1.338511	1.040537	
75	6430	1.414222	100.000000	14.585783	3.661746	1.948539	1.358007	1.054652	
76	6516	1.406117	100.000000	14.782827	3.721102	1.928314	1.375335	1.068323	
77	6602	1.441836	100.000000	14.990924	3.762851	1.937495	1.393918	1.083116	
78	6688	1.463040	100.000000	15.226126	3.823722	1.980820	1.416695	1.098005	
79	6773	1.481541	100.000000	15.385535	3.864537	2.015331	1.426479	1.112777	
80	6859	1.525248	100.000000	15.572338	3.893064	2.029310	1.446461	1.125526	
