=== Intel PCAF har

1	4.315816	1	1	98.315618	10.977265	0.279645	0.064593	0.033482	0.022749	0.017644	
1	0.044834	1	1	98.315618	10.977265	0.279386	0.069937	0.034217	0.022948	0.017647	
1	0.045239	1	2	97.737662	13.725823	0.335176	0.080555	0.039546	0.027676	0.021113	
1	0.045359	1	4	96.745492	17.594164	0.423186	0.102780	0.051425	0.035466	0.027038	
1	0.045194	1	8	94.971127	23.396675	0.574316	0.136124	0.071591	0.048484	0.037746	
1	0.045340	1	16	92.756088	30.471664	0.763558	0.188051	0.095113	0.065583	0.050784	

1	0.044527	2	1	95.620161	30.302004	0.517598	0.124653	0.063941	0.044395	0.034101	
1	0.044351	2	2	94.166399	35.086529	0.641155	0.154006	0.080351	0.055407	0.042238	
1	0.044330	2	4	91.295020	40.889038	0.881391	0.216289	0.110352	0.077733	0.059043	
1	0.045334	2	8	87.226876	48.982014	1.222306	0.303258	0.155176	0.108668	0.082776	
1	0.045865	2	16	83.135890	57.125889	1.565474	0.387626	0.203284	0.139010	0.107326	

1	0.046178	3	1	91.985930	49.643703	0.822740	0.204329	0.104795	0.073025	0.057321	
1	0.046069	3	2	89.334204	54.750591	1.042857	0.255045	0.133873	0.092273	0.070310	
1	0.044836	3	4	85.626574	60.247707	1.352266	0.338277	0.175219	0.120792	0.092003	
1	0.047420	3	8	78.819297	68.018326	1.919635	0.475606	0.249962	0.172318	0.131534	
1	0.045980	3	16	71.248029	75.110283	2.562872	0.633721	0.332840	0.229469	0.174701	

1	0.044369	4	1	87.351609	65.269768	1.203187	0.298149	0.153823	0.108082	0.083677	
1	0.043918	4	2	83.427675	69.918564	1.528611	0.386130	0.197927	0.136372	0.104643	
1	0.046560	4	4	78.834869	74.601288	1.909581	0.475778	0.244591	0.171734	0.131352	
1	0.045008	4	8	69.364633	81.218185	2.692408	0.681990	0.353437	0.239916	0.185332	
1	0.046566	4	16	58.423775	86.884972	3.617203	0.902648	0.466203	0.321588	0.248350	

1	0.045441	5	1	81.309426	76.908722	1.698686	0.421003	0.217764	0.152408	0.117310	
1	0.046625	5	2	75.879184	80.743126	2.147213	0.534143	0.280417	0.191937	0.148478	
1	0.046834	5	4	70.542681	84.967766	2.586589	0.646996	0.333689	0.233471	0.178041	
1	0.044483	5	8	59.062429	89.854088	3.551656	0.885934	0.455844	0.320082	0.243860	
1	0.046641	5	16	46.136773	93.060738	4.618893	1.152811	0.596195	0.411803	0.318783	

2	4.323771	1	1	98.969291	13.963352	0.225637	0.056521	0.027211	0.018713	0.014276	
2	0.046246	1	1	98.969291	13.963352	0.225982	0.056522	0.028363	0.018965	0.014269	
2	0.046425	1	2	98.395913	18.764847	0.280590	0.070340	0.034617	0.023239	0.017702	
2	0.048481	1	4	97.372316	26.009501	0.377870	0.089483	0.044650	0.030843	0.023916	
2	0.047020	1	8	95.807788	32.711231	0.513590	0.121286	0.063364	0.043702	0.033302	
2	0.049798	1	16	93.587455	41.007805	0.705081	0.169809	0.087170	0.060172	0.046678	

2	0.048466	2	1	96.846505	38.327114	0.420959	0.100700	0.051466	0.035821	0.027458	
2	0.046912	2	2	95.543517	44.468952	0.533308	0.126683	0.066113	0.045577	0.034726	
2	0.049028	2	4	92.726770	52.578896	0.771137	0.189852	0.097656	0.066184	0.051337	
2	0.046396	2	8	88.807383	59.586018	1.102331	0.276509	0.141799	0.097709	0.074448	
2	0.049738	2	16	84.368143	68.272820	1.478786	0.364082	0.189820	0.131918	0.101627	

2	0.048289	3	1	93.809592	58.313538	0.677727	0.165954	0.086546	0.060883	0.047155	
2	0.049952	3	2	91.288756	63.963352	0.891291	0.218517	0.113609	0.078282	0.059644	
2	0.047042	3	4	87.579829	70.970474	1.202720	0.296019	0.152047	0.105158	0.081331	
2	0.048321	3	8	80.779489	77.706139	1.787966	0.441601	0.226639	0.159090	0.121118	
2	0.049792	3	16	72.439850	84.085510	2.469121	0.617031	0.317750	0.222379	0.169898	

2	0.048473	4	1	89.578796	72.412621	1.030736	0.257667	0.132440	0.091429	0.071917	
2	0.046101	4	2	85.627201	77.417717	1.361142	0.342300	0.175896	0.121280	0.092382	
2	0.048167	4	4	80.829142	83.423820	1.778335	0.435795	0.229173	0.155198	0.120304	
2	0.049041	4	8	71.308427	88.700371	2.577502	0.636979	0.334343	0.230421	0.175549	
2	0.046770	4	16	59.591586	93.060738	3.579187	0.883512	0.456135	0.314660	0.243563	

2	0.048414	5	1	83.582551	82.066505	1.526232	0.385260	0.197864	0.138269	0.105268	
2	0.048460	5	2	77.934985	86.901932	1.993978	0.496453	0.259909	0.179347	0.136498	
2	0.049586	5	4	72.259796	90.922966	2.470805	0.617962	0.318221	0.221636	0.169484	
2	0.044991	5	8	60.694841	94.231422	3.446750	0.867557	0.442239	0.307600	0.236165	
2	0.047351	5	16	47.102386	96.793350	4.577489	1.143738	0.590008	0.406174	0.314571	

3	4.320714	1	1	99.061097	20.665083	0.230205	0.057673	0.027099	0.019058	0.014535	
3	0.051193	1	1	99.061097	20.665083	0.230299	0.057724	0.028931	0.019317	0.014589	
3	0.053153	1	2	98.572330	25.822872	0.278627	0.070127	0.034898	0.022623	0.017555	
3	0.049637	1	4	97.736822	33.831017	0.358148	0.082721	0.042867	0.029652	0.022574	
3	0.050241	1	8	96.313208	40.770275	0.486128	0.115961	0.059414	0.040973	0.031236	
3	0.050990	1	16	94.267155	47.964031	0.662299	0.161598	0.083272	0.056328	0.043723	

3	0.050285	2	1	97.218779	48.489990	0.402587	0.096262	0.048933	0.033826	0.026153	
3	0.050017	2	2	96.102693	53.902275	0.499146	0.123455	0.060604	0.041866	0.032349	
3	0.049828	2	4	93.508600	62.080078	0.719653	0.177533	0.090928	0.062633	0.047703	
3	0.050318	2	8	89.797425	67.950455	1.035463	0.254850	0.130730	0.091485	0.069677	
3	0.049043	2	16	85.509318	74.821854	1.401066	0.353020	0.178224	0.124857	0.095099	

3	0.049573	3	1	94.540399	67.475395	0.629947	0.154761	0.079442	0.055230	0.043992	
3	0.049549	3	2	92.210846	72.514420	0.828228	0.200898	0.103105	0.072543	0.055225	
3	0.050071	3	4	88.569848	78.927727	1.135211	0.284007	0.144010	0.099021	0.076641	
3	0.050138	3	8	82.099107	83.576515	1.680208	0.420767	0.215238	0.148036	0.115109	
3	0.049842	3	16	73.585945	88.615540	2.409695	0.598453	0.309071	0.215909	0.164383	

3	0.049339	4	1	90.656873	80.912796	0.962522	0.238072	0.122156	0.085893	0.066983	
3	0.050084	4	2	86.980434	84.832031	1.263456	0.314053	0.160776	0.112532	0.085733	
3	0.051624	4	4	81.903334	89.480827	1.695077	0.421447	0.215774	0.151540	0.116921	
3	0.048771	4	8	72.717986	92.399048	2.461105	0.622356	0.321908	0.218108	0.169377	
3	0.050779	4	16	60.449303	95.639633	3.512522	0.884600	0.452117	0.310556	0.240743	

3	0.051934	5	1	84.782052	88.988808	1.445622	0.358904	0.184766	0.130665	0.099933	
3	0.049675	5	2	79.545229	91.873093	1.882283	0.468512	0.245227	0.166128	0.128753	
3	0.049898	5	4	73.284081	94.774345	2.405634	0.600092	0.308835	0.216830	0.166089	
3	0.049390	5	8	61.990832	96.369186	3.370660	0.837352	0.439827	0.298484	0.231478	
3	0.058101	5	16	47.592201	98.031898	4.584628	1.145687	0.589738	0.406487	0.314652	

4	4.319169	1	1	99.083209	26.060400	0.239531	0.059427	0.028607	0.019663	0.015123	
4	0.045511	1	1	99.083209	26.060400	0.239294	0.059901	0.030015	0.020078	0.015076	
4	0.047700	1	2	98.648637	31.099424	0.281326	0.070886	0.034948	0.022965	0.017754	
4	0.045293	1	4	97.770510	39.837120	0.365742	0.085517	0.045388	0.030065	0.023100	
4	0.044919	1	8	96.378526	47.064812	0.487281	0.117119	0.059118	0.040654	0.031505	
4	0.044569	1	16	94.458608	52.867325	0.655546	0.157000	0.082349	0.056801	0.043279	

4	0.045099	2	1	97.392795	54.156769	0.397999	0.095631	0.048226	0.032656	0.025728	
4	0.046965	2	2	96.409007	58.992195	0.482648	0.115573	0.059389	0.040491	0.031206	
4	0.046584	2	4	93.733631	67.271805	0.710412	0.174407	0.089536	0.061790	0.047062	
4	0.044860	2	8	90.050500	73.702065	1.022947	0.254848	0.128723	0.090399	0.068859	
4	0.045163	2	16	85.890674	78.435692	1.378377	0.340280	0.178080	0.122832	0.093500	

4	0.053096	3	1	94.869204	73.854767	0.609106	0.149664	0.076094	0.053982	0.042778	
4	0.047932	3	2	92.737958	77.672211	0.794104	0.196351	0.100325	0.069277	0.052820	
4	0.045536	3	4	88.971485	83.780113	1.111600	0.274085	0.142846	0.098467	0.075044	
4	0.044515	3	8	82.489168	87.869019	1.657345	0.411084	0.212051	0.146376	0.113511	
4	0.045045	3	16	74.084686	91.126564	2.364728	0.600667	0.303219	0.211858	0.165426	

4	0.044841	4	1	91.032774	85.357994	0.933146	0.226778	0.117603	0.082929	0.065454	
4	0.044457	4	2	87.608708	87.869019	1.221113	0.300720	0.154616	0.106855	0.082662	
4	0.044849	4	4	82.362313	92.382088	1.662585	0.411089	0.214491	0.147544	0.115262	
4	0.045021	4	8	73.140522	94.553780	2.436905	0.609725	0.315625	0.219666	0.167609	
4	0.044750	4	16	60.929915	96.708519	3.481647	0.868305	0.448811	0.307697	0.240496	

4	0.048703	5	1	85.178229	92.076691	1.421452	0.352754	0.183873	0.126475	0.098434	
4	0.045914	5	2	80.161761	93.739395	1.840472	0.457502	0.239797	0.164239	0.127384	
4	0.046575	5	4	73.607245	96.555817	2.389009	0.593966	0.312225	0.211366	0.163908	
4	0.046020	5	8	62.335953	97.641670	3.353800	0.835586	0.437922	0.296181	0.229586	
4	0.046635	5	16	47.937843	98.574821	4.559964	1.136991	0.588208	0.410251	0.313307	

5	4.316040	1	1	99.123955	30.658297	0.248841	0.060830	0.029415	0.020621	0.015731	
5	0.047535	1	1	99.123955	30.658297	0.248597	0.062293	0.031201	0.020845	0.015683	
5	0.046698	1	2	98.725687	35.459789	0.286924	0.071932	0.034507	0.023765	0.018102	
5	0.048468	1	4	97.859847	45.928062	0.370676	0.085079	0.044439	0.030693	0.023384	
5	0.047264	1	8	96.577789	52.816422	0.482588	0.115480	0.059322	0.040136	0.031223	
5	0.046701	1	16	94.708434	57.058025	0.644159	0.158624	0.080061	0.055060	0.042688	

5	0.050700	2	1	97.557945	59.263657	0.396053	0.093398	0.047889	0.032683	0.025726	
5	0.047224	2	2	96.630082	64.065155	0.476624	0.111774	0.057602	0.040347	0.030732	
5	0.045452	2	4	93.942517	73.142174	0.705092	0.172651	0.088854	0.061300	0.046835	
5	0.047973	2	8	90.409665	78.282997	1.006358	0.250774	0.127144	0.087572	0.067814	
5	0.046874	2	16	86.264679	81.676277	1.361798	0.343236	0.176069	0.120137	0.093377	

5	0.050372	3	1	95.127632	77.740074	0.603417	0.146558	0.076449	0.054285	0.042282	
5	0.047768	3	2	93.071309	81.387856	0.777587	0.189433	0.098652	0.066869	0.051737	
5	0.050155	3	4	89.302482	87.546661	1.099855	0.270690	0.140847	0.095696	0.074249	
5	0.047619	3	8	82.938543	90.872070	1.636925	0.413615	0.210589	0.147231	0.112947	
5	0.048782	3	16	74.493389	93.264336	2.348561	0.586718	0.301165	0.211473	0.161012	

5	0.046480	4	1	91.355916	88.140480	0.920425	0.228168	0.117789	0.083141	0.064843	
5	0.048395	4	2	87.986026	90.329147	1.205657	0.295534	0.155021	0.106969	0.084936	
5	0.047955	4	4	82.704590	94.740417	1.650185	0.417155	0.212380	0.145211	0.113315	
5	0.049060	4	8	73.569796	96.420082	2.417019	0.602956	0.312430	0.217717	0.167746	
5	0.045938	4	16	61.286611	97.641670	3.471302	0.866531	0.452192	0.307676	0.238771	

5	0.048191	5	1	85.516758	93.688492	1.407149	0.356854	0.184869	0.125442	0.097015	
5	0.045902	5	2	80.501999	95.486931	1.828118	0.455305	0.238115	0.161193	0.125398	
5	0.048353	5	4	73.853761	97.845268	2.386410	0.597640	0.308589	0.215110	0.164011	
5	0.044284	5	8	62.652430	98.473022	3.345356	0.832974	0.436710	0.299725	0.230313	
5	0.046689	5	16	48.200195	99.066849	4.560439	1.136824	0.588135	0.406062	0.313638	

6	4.307283	1	1	99.208690	33.593483	0.258350	0.062242	0.030894	0.021345	0.016303	
6	0.051020	1	1	99.208690	33.593483	0.258030	0.064617	0.032380	0.021553	0.016291	
6	0.046966	1	2	98.807644	39.260265	0.296543	0.074198	0.035590	0.024537	0.018709	
6	0.049366	1	4	97.975307	50.016964	0.375814	0.086990	0.045189	0.031144	0.023761	
6	0.050214	1	8	96.743142	57.142860	0.483447	0.114580	0.059449	0.040985	0.031230	
6	0.049957	1	16	94.849482	61.876480	0.649775	0.159392	0.080200	0.055305	0.042801	

6	0.049984	2	1	97.828337	62.877499	0.387215	0.089705	0.045871	0.031640	0.025049	
6	0.050274	2	2	96.905948	68.476418	0.466781	0.111309	0.056261	0.039408	0.030042	
6	0.051312	2	4	94.243870	76.976585	0.689548	0.168065	0.085695	0.059139	0.045713	
6	0.051016	2	8	90.773603	81.879875	0.982491	0.245368	0.125722	0.086731	0.066252	
6	0.048244	2	16	86.520282	85.476753	1.343630	0.332869	0.173731	0.117991	0.091204	

6	0.048976	3	1	95.563589	79.487617	0.575953	0.140622	0.074731	0.051855	0.040482	
6	0.049947	3	2	93.520148	84.034607	0.747642	0.184405	0.092893	0.064432	0.049737	
6	0.046706	3	4	89.761692	89.904991	1.062031	0.261347	0.133821	0.092610	0.071631	
6	0.048765	3	8	83.385596	92.738380	1.593790	0.394892	0.204619	0.141017	0.109057	
6	0.049120	3	16	74.755173	94.808281	2.312959	0.575138	0.296964	0.208380	0.158696	

6	0.049623	4	1	91.915969	89.311165	0.877956	0.215032	0.113088	0.077963	0.061916	
6	0.049290	4	2	88.506344	91.974892	1.162527	0.285766	0.149649	0.103237	0.078674	
6	0.049751	4	4	83.186956	95.860199	1.605160	0.403405	0.205762	0.143667	0.109847	
6	0.049982	4	8	73.955454	97.522903	2.369978	0.591626	0.310068	0.213716	0.163116	
6	0.049522	4	16	61.459723	98.167625	3.426553	0.858259	0.447794	0.308684	0.235603	

6	0.049656	5	1	86.151669	94.265350	1.350220	0.334461	0.175386	0.120686	0.093059	
6	0.049926	5	2	80.979011	96.267387	1.799902	0.441329	0.231500	0.159642	0.121637	
6	0.049072	5	4	74.225804	98.354256	2.337921	0.584707	0.302761	0.210388	0.160527	
6	0.050271	5	8	62.898692	99.151680	3.294062	0.834861	0.423007	0.291798	0.225670	
6	0.048955	5	16	48.283790	99.338310	4.505096	1.127565	0.588082	0.401896	0.310700	

7	4.333694	1	1	99.263872	37.953850	0.260189	0.061164	0.031136	0.021141	0.016426	
7	0.051140	1	1	99.263872	37.953850	0.260345	0.065219	0.032622	0.021795	0.016439	
7	0.050372	1	2	98.887556	44.316254	0.296956	0.074324	0.035294	0.024077	0.018708	
7	0.047442	1	4	98.113438	54.156769	0.371351	0.084514	0.044528	0.030745	0.023445	
7	0.049586	1	8	96.928065	60.587036	0.476137	0.111392	0.057232	0.040203	0.030644	
7	0.050375	1	16	94.992432	65.337631	0.644623	0.154022	0.080907	0.055824	0.042504	

7	0.050829	2	1	98.011464	67.678993	0.378572	0.089337	0.046003	0.031689	0.024547	
7	0.050442	2	2	97.127670	72.785881	0.454038	0.109209	0.054732	0.038469	0.029304	
7	0.050663	2	4	94.527046	80.437729	0.685054	0.163135	0.085112	0.058713	0.044738	
7	0.050634	2	8	91.081536	84.747200	0.969385	0.241626	0.125275	0.084027	0.065767	
7	0.054482	2	16	86.764472	87.529686	1.339347	0.337029	0.173052	0.118493	0.090833	

7	0.053453	3	1	95.848169	83.746185	0.560802	0.133705	0.071405	0.050695	0.039612	
7	0.050844	3	2	93.854681	87.190369	0.738645	0.177430	0.092362	0.062676	0.048564	
7	0.049942	3	4	90.132045	92.365112	1.045158	0.255118	0.134140	0.090853	0.070498	
7	0.051977	3	8	83.675105	94.502884	1.588709	0.394446	0.208304	0.142555	0.109170	
7	0.052368	3	16	74.947578	95.843231	2.327369	0.578720	0.298056	0.209450	0.160216	

7	0.055310	4	1	92.292405	92.432983	0.860494	0.214863	0.111935	0.077509	0.061087	
7	0.052265	4	2	88.898852	94.519852	1.144192	0.286238	0.147393	0.101559	0.077416	
7	0.051316	4	4	83.579375	96.861214	1.591856	0.401019	0.206755	0.140404	0.108777	
7	0.050850	4	8	74.181343	98.252457	2.382096	0.592735	0.305721	0.210830	0.163808	
7	0.050420	4	16	61.573591	98.744492	3.471233	0.861302	0.445477	0.307882	0.236930	

7	0.051759	5	1	86.570406	96.521881	1.337244	0.335848	0.171701	0.120966	0.092672	
7	0.050260	5	2	81.351884	97.726501	1.782379	0.439376	0.226979	0.158957	0.121121	
7	0.052075	5	4	74.579740	98.812355	2.339584	0.594091	0.305747	0.208071	0.160501	
7	0.050157	5	8	63.054136	99.389206	3.320557	0.824217	0.431261	0.294865	0.228082	
7	0.050010	5	16	48.343509	99.609772	4.552761	1.138926	0.588401	0.411050	0.312921	

8	4.323770	1	1	99.314499	40.125553	0.281492	0.065808	0.033747	0.023190	0.017745	
8	0.046927	1	1	99.314499	40.125553	0.281529	0.070507	0.033784	0.023241	0.017732	
8	0.046254	1	2	98.952694	46.250423	0.316424	0.077397	0.037839	0.025680	0.019909	
8	0.049055	1	4	98.198842	56.345440	0.391057	0.088824	0.046598	0.031598	0.024546	
8	0.046427	1	8	97.018569	62.673908	0.490551	0.116761	0.060142	0.041680	0.031721	
8	0.048763	1	16	95.083402	67.254837	0.660141	0.162037	0.081400	0.057143	0.043536	

8	0.050112	2	1	98.131484	69.850693	0.395927	0.092436	0.046525	0.032382	0.025517	
8	0.046527	2	2	97.260955	75.025452	0.467746	0.112286	0.056191	0.038954	0.030100	
8	0.051063	2	4	94.681045	82.694267	0.687374	0.169311	0.086348	0.058596	0.045380	
8	0.047121	2	8	91.254136	86.019684	0.978056	0.243977	0.125107	0.085043	0.065740	
8	0.046019	2	16	86.936656	88.666443	1.346963	0.331440	0.170962	0.118431	0.091334	

8	0.048519	3	1	96.025919	85.663383	0.569078	0.138158	0.071242	0.051204	0.042776	
8	0.045722	3	2	94.038048	88.785210	0.738796	0.182042	0.091536	0.064412	0.049016	
8	0.045359	3	4	90.324556	93.213440	1.051838	0.259652	0.132705	0.093090	0.070911	
8	0.047787	3	8	83.881923	95.402107	1.599959	0.402874	0.208295	0.141913	0.109375	
8	0.048475	3	16	75.146051	96.454018	2.327547	0.580266	0.300079	0.209658	0.159683	

8	0.048309	4	1	92.526063	93.417038	0.862194	0.213455	0.108494	0.078222	0.060863	
8	0.048717	4	2	89.127146	95.402107	1.148168	0.282355	0.147717	0.100083	0.077688	
8	0.046557	4	4	83.777840	97.353241	1.603288	0.394353	0.204104	0.141182	0.108867	
8	0.049634	4	8	74.354690	98.625717	2.395107	0.596076	0.306869	0.215252	0.164697	
8	0.048584	4	16	61.701028	99.100784	3.467781	0.862132	0.445463	0.306645	0.237624	

8	0.048628	5	1	86.811365	97.149643	1.340901	0.330023	0.173276	0.121013	0.092139	
8	0.049044	5	2	81.605868	98.167625	1.771458	0.448046	0.226248	0.157403	0.121441	
8	0.048376	5	4	74.769550	99.066849	2.349712	0.587738	0.302157	0.211036	0.160771	
8	0.050792	5	8	63.187532	99.558868	3.331549	0.827314	0.428508	0.298924	0.227962	
8	0.047048	5	16	48.396407	99.660667	4.566326	1.138674	0.598574	0.412654	0.313918	

9	4.345887	1	1	99.359615	42.602646	0.294800	0.068951	0.035792	0.024690	0.018819	
9	0.048914	1	1	99.359615	42.602646	0.302938	0.074221	0.035120	0.024663	0.018798	
9	0.048798	1	2	99.002527	49.491009	0.333250	0.077827	0.039289	0.027502	0.020998	
9	0.049121	1	4	98.270890	60.111977	0.400173	0.092056	0.048329	0.033331	0.025395	
9	0.049544	1	8	97.120742	65.761795	0.501388	0.120184	0.061745	0.042583	0.032459	
9	0.049420	1	16	95.197408	70.868683	0.668195	0.160101	0.084150	0.057036	0.045019	

9	0.049222	2	1	98.257002	72.548355	0.400787	0.095424	0.047511	0.033399	0.026290	
9	0.049000	2	2	97.378870	78.096375	0.477690	0.113624	0.058590	0.040382	0.030802	
9	0.051540	2	4	94.845983	84.848999	0.692685	0.168416	0.087369	0.059479	0.045884	
9	0.050466	2	8	91.443711	88.055649	0.982614	0.245135	0.124082	0.085500	0.066168	
9	0.049494	2	16	87.114550	90.939941	1.354635	0.336270	0.174902	0.118532	0.091859	

9	0.049852	3	1	96.225215	87.275192	0.573540	0.138898	0.072761	0.050892	0.040516	
9	0.045943	3	2	94.203895	90.889046	0.744017	0.179034	0.093973	0.064934	0.049500	
9	0.050958	3	4	90.552596	94.333221	1.055474	0.260581	0.132773	0.091599	0.071059	
9	0.050189	3	8	84.115267	96.504921	1.596268	0.396336	0.208553	0.142477	0.109902	
9	0.049022	3	16	75.318923	97.505936	2.340024	0.583566	0.299891	0.209688	0.161207	

9	0.049131	4	1	92.742878	94.163551	0.865229	0.209940	0.108999	0.076942	0.061119	
9	0.048855	4	2	89.284256	96.420082	1.160151	0.285801	0.148970	0.102641	0.078256	
9	0.048908	4	4	84.004869	97.981003	1.602934	0.404513	0.207956	0.142286	0.109712	
9	0.048935	4	8	74.569023	98.863251	2.393606	0.597907	0.309280	0.213051	0.164837	
9	0.049646	4	16	61.841578	99.202576	3.490872	0.869272	0.455121	0.309095	0.240184	

9	0.049128	5	1	87.027064	97.539871	1.341198	0.336601	0.170843	0.119702	0.092632	
9	0.051437	5	2	81.707329	98.473022	1.788788	0.444264	0.229541	0.160525	0.122233	
9	0.051210	5	4	74.967789	99.389206	2.353456	0.584407	0.307573	0.211946	0.161465	
9	0.049437	5	8	63.351948	99.643707	3.343671	0.832475	0.428614	0.300612	0.231369	
9	0.048824	5	16	48.505239	99.796402	4.589281	1.146936	0.600848	0.407252	0.315448	

10	4.335678	1	1	99.419828	45.537834	0.303765	0.072662	0.036194	0.025538	0.019421	
10	0.050953	1	1	99.419828	45.537834	0.308185	0.074655	0.036422	0.025035	0.019420	
10	0.050912	1	2	99.075599	53.529011	0.341179	0.080691	0.041734	0.027638	0.021477	
10	0.052151	1	4	98.389318	63.725822	0.404901	0.093822	0.048845	0.033665	0.025646	
10	0.050789	1	8	97.266572	69.358673	0.502284	0.117760	0.060734	0.042696	0.032520	
10	0.050934	1	16	95.365060	74.414658	0.669778	0.162289	0.084207	0.058028	0.044219	

10	0.051553	2	1	98.414693	74.974548	0.401340	0.093728	0.048449	0.033250	0.026306	
10	0.050406	2	2	97.567573	80.624367	0.475210	0.113053	0.058236	0.039886	0.030669	
10	0.053442	2	4	95.095712	87.088570	0.686357	0.164392	0.086352	0.059503	0.045365	
10	0.052212	2	8	91.695682	90.346115	0.978068	0.243677	0.124368	0.086090	0.068630	
10	0.051776	2	16	87.400380	92.925003	1.345925	0.330736	0.173990	0.117705	0.091274	

10	0.051073	3	1	96.477223	88.802170	0.565659	0.135509	0.071917	0.050974	0.040044	
10	0.051190	3	2	94.468564	92.161522	0.740984	0.181257	0.091821	0.063084	0.048961	
10	0.052502	3	4	90.874441	95.368172	1.043390	0.260829	0.133700	0.091872	0.070283	
10	0.050816	3	8	84.389572	97.047844	1.591321	0.394706	0.204557	0.143172	0.109319	
10	0.051147	3	16	75.585863	97.964027	2.336184	0.583367	0.300614	0.206624	0.160221	

10	0.050619	4	1	93.061626	94.808281	0.853141	0.209892	0.109579	0.076219	0.060284	
10	0.051018	4	2	89.598882	97.064812	1.146722	0.282890	0.145049	0.100154	0.077582	
10	0.050906	4	4	84.361815	98.439095	1.588920	0.393555	0.206257	0.142209	0.108617	
10	0.053519	4	8	74.818317	99.168648	2.406209	0.598635	0.308654	0.215711	0.164967	
10	0.050990	4	16	62.034158	99.541908	3.470317	0.874286	0.447228	0.311008	0.239182	

10	0.048866	5	1	87.386372	97.828300	1.326757	0.328993	0.171725	0.119938	0.093056	
10	0.049894	5	2	82.048245	98.795387	1.776582	0.442393	0.227359	0.156907	0.121448	
10	0.052230	5	4	75.313966	99.440109	2.344944	0.584515	0.302544	0.211190	0.161263	
10	0.050361	5	8	63.572825	99.677643	3.347742	0.838711	0.437091	0.301065	0.229301	
10	0.048923	5	16	48.628629	99.864265	4.605428	1.145846	0.600646	0.415700	0.316810	

11	4.333501	1	1	99.435682	47.217510	0.324338	0.078086	0.038845	0.026926	0.020813	
11	0.053007	1	1	99.435682	47.217510	0.330511	0.078437	0.038787	0.026792	0.020814	
11	0.051464	1	2	99.091240	55.514080	0.363795	0.082812	0.043686	0.029573	0.022926	
11	0.051601	1	4	98.419456	65.371567	0.426863	0.099795	0.051313	0.035398	0.026969	
11	0.052085	1	8	97.313871	71.038345	0.516862	0.124688	0.064244	0.043430	0.035324	
11	0.055983	1	16	95.425486	75.449608	0.686241	0.166045	0.086140	0.059567	0.045388	

11	0.052814	2	1	98.471514	76.705124	0.417962	0.098764	0.050292	0.035084	0.027342	
11	0.053577	2	2	97.627048	82.337967	0.489470	0.118764	0.060532	0.041719	0.031795	
11	0.052729	2	4	95.170593	88.378014	0.700572	0.172611	0.086856	0.060941	0.046394	
11	0.051591	2	8	91.803015	91.245338	0.988336	0.246322	0.126664	0.087172	0.066514	
11	0.052887	2	16	87.520626	93.637596	1.355812	0.340359	0.175232	0.120764	0.092001	

11	0.052151	3	1	96.569855	89.650497	0.578523	0.137216	0.073604	0.051381	0.040827	
11	0.052316	3	2	94.562225	92.857140	0.749825	0.182887	0.093323	0.065407	0.049821	
11	0.053008	3	4	90.964212	95.877167	1.056563	0.258593	0.135498	0.093373	0.071158	
11	0.053597	3	8	84.485149	97.556839	1.603908	0.400350	0.210192	0.142946	0.110172	
11	0.051818	3	16	75.689932	98.082802	2.346773	0.583807	0.305529	0.211267	0.160928	

11	0.053767	4	1	93.160143	95.707497	0.866469	0.209988	0.109051	0.076736	0.061310	
11	0.055138	4	2	89.656187	97.404137	1.160790	0.285714	0.149565	0.103077	0.078535	
11	0.051983	4	4	84.423440	98.540894	1.604332	0.396267	0.207513	0.141089	0.110713	
11	0.053531	4	8	74.859907	99.236511	2.406891	0.599028	0.315114	0.217264	0.165862	
11	0.051155	4	16	62.088205	99.626740	3.498602	0.875695	0.450416	0.314900	0.239895	

11	0.058305	5	1	87.473923	98.456055	1.342661	0.332501	0.170821	0.121117	0.092430	
11	0.053126	5	2	82.069393	99.168648	1.793784	0.452926	0.230165	0.158769	0.122660	
11	0.052376	5	4	75.352658	99.491005	2.356438	0.588941	0.303845	0.211981	0.162888	
11	0.050495	5	8	63.582532	99.711571	3.360609	0.852489	0.438525	0.302246	0.230824	
11	0.052685	5	16	48.654766	99.898201	4.610425	1.153862	0.594294	0.414816	0.318314	

12	4.327163	1	1	99.449173	49.491009	0.346429	0.081206	0.041095	0.028015	0.021676	
12	0.049616	1	1	99.449173	49.491009	0.344152	0.080512	0.040416	0.027905	0.021673	
12	0.051647	1	2	99.112499	57.600952	0.376133	0.087365	0.044964	0.031100	0.023707	
12	0.051815	1	4	98.461180	67.305733	0.432381	0.103452	0.052591	0.036297	0.027656	
12	0.049575	1	8	97.378796	72.225990	0.527316	0.126895	0.064190	0.044974	0.034282	
12	0.048082	1	16	95.506247	77.248047	0.692112	0.167502	0.087095	0.058934	0.045868	

12	0.053342	2	1	98.514041	78.622330	0.425096	0.100183	0.051982	0.035416	0.027985	
12	0.050880	2	2	97.667793	84.102478	0.501446	0.117859	0.061632	0.042576	0.032461	
12	0.050090	2	4	95.257728	89.565659	0.705574	0.171452	0.089003	0.060261	0.046726	
12	0.049942	2	8	91.924646	92.382088	0.989961	0.247157	0.126527	0.087222	0.066437	
12	0.052670	2	16	87.692547	94.553780	1.352165	0.334871	0.171497	0.118649	0.091742	

12	0.049666	3	1	96.646430	91.092636	0.593699	0.141928	0.072842	0.051880	0.041268	
12	0.050208	3	2	94.617892	93.959961	0.756822	0.182720	0.095918	0.065744	0.050371	
12	0.050366	3	4	91.089872	96.454018	1.056771	0.263754	0.133571	0.093513	0.071173	
12	0.051134	3	8	84.625186	97.930099	1.601448	0.397328	0.204982	0.143588	0.110434	
12	0.049465	3	16	75.876438	98.506958	2.337004	0.584522	0.299596	0.211256	0.169771	

12	0.049773	4	1	93.267604	96.487953	0.869170	0.212001	0.110843	0.078424	0.061401	
12	0.046650	4	2	89.707761	97.845268	1.166531	0.286012	0.147890	0.102321	0.079008	
12	0.049333	4	4	84.550878	98.727516	1.602605	0.396572	0.204273	0.142497	0.109388	
12	0.052811	4	8	74.984455	99.372246	2.407683	0.602816	0.311567	0.216600	0.167840	
12	0.051712	4	16	62.260869	99.643707	3.490128	0.870579	0.449230	0.309432	0.239142	

12	0.050099	5	1	87.609806	98.574821	1.344516	0.331868	0.170639	0.121644	0.093573	
12	0.051978	5	2	82.095360	99.219543	1.794566	0.447373	0.231456	0.160809	0.123013	
12	0.048189	5	4	75.460451	99.609772	2.354395	0.586832	0.302470	0.213032	0.162265	
12	0.050896	5	8	63.677587	99.796402	3.358976	0.836087	0.432093	0.301970	0.230099	
12	0.049219	5	16	48.786763	99.915169	4.604034	1.151569	0.602970	0.415593	0.316385	

13	4.333199	1	1	99.463804	52.273499	0.361978	0.085431	0.043696	0.030215	0.023392	
13	0.051784	1	1	99.463804	52.273499	0.371566	0.087287	0.046912	0.030674	0.023393	
13	0.050908	1	2	99.128496	59.721748	0.398378	0.093336	0.048372	0.032863	0.025419	
13	0.051096	1	4	98.491278	68.578217	0.454375	0.109199	0.057219	0.038405	0.029274	
13	0.050815	1	8	97.421988	74.058365	0.547508	0.129786	0.067202	0.046256	0.035812	
13	0.050363	1	16	95.537987	78.673225	0.716952	0.175558	0.090195	0.062217	0.047426	

13	0.047958	2	1	98.555977	79.843910	0.449802	0.106885	0.053887	0.037415	0.029489	
13	0.049785	2	2	97.715374	85.391930	0.523167	0.127298	0.063741	0.043945	0.033976	
13	0.053127	2	4	95.322843	90.838142	0.726571	0.179203	0.089930	0.063219	0.048169	
13	0.051264	2	8	92.014790	93.535797	1.007798	0.251798	0.129222	0.087402	0.067784	
13	0.051277	2	16	87.756472	95.300308	1.373755	0.339025	0.177168	0.121759	0.093173	

13	0.051269	3	1	96.726208	91.805229	0.603150	0.145640	0.075082	0.053784	0.042508	
13	0.050653	3	2	94.712066	94.740417	0.776511	0.188018	0.096374	0.066724	0.051638	
13	0.050929	3	4	91.206915	96.963013	1.072663	0.263361	0.137764	0.093899	0.072493	
13	0.047917	3	8	84.745294	98.320320	1.618187	0.399856	0.211471	0.143035	0.111768	
13	0.050752	3	16	75.951476	98.795387	2.358968	0.588294	0.307369	0.213044	0.163487	

13	0.051031	4	1	93.374817	97.115715	0.884963	0.216177	0.111111	0.079995	0.062571	
13	0.051966	4	2	89.833915	98.320320	1.182405	0.291466	0.150342	0.103624	0.080152	
13	0.050496	4	4	84.681989	98.998985	1.618824	0.403082	0.210294	0.144821	0.111460	
13	0.052082	4	8	75.079358	99.558868	2.427148	0.606100	0.312398	0.214860	0.167663	
13	0.050335	4	16	62.298162	99.728539	3.515835	0.892257	0.454018	0.314386	0.242196	

13	0.049549	5	1	87.732536	98.914154	1.355481	0.335567	0.174191	0.122733	0.094380	
13	0.049971	5	2	82.215315	99.389206	1.816659	0.454445	0.236601	0.163118	0.126177	
13	0.051359	5	4	75.573950	99.643707	2.375753	0.589973	0.304652	0.212288	0.162994	
13	0.049742	5	8	63.736125	99.830338	3.382811	0.839665	0.434133	0.304207	0.231750	
13	0.050165	5	16	48.793248	99.949104	4.634613	1.161638	0.598054	0.411069	0.319823	

14	4.338651	1	1	99.478232	53.664745	0.373145	0.088374	0.045207	0.031343	0.024251	
14	0.051991	1	1	99.478232	53.664745	0.383129	0.089683	0.045330	0.031337	0.024250	
14	0.049292	1	2	99.146977	61.163895	0.410052	0.096626	0.049084	0.033822	0.026240	
14	0.050989	1	4	98.509647	70.105186	0.470420	0.113568	0.056574	0.039512	0.030097	
14	0.052241	1	8	97.449579	75.262985	0.557539	0.132426	0.069567	0.047071	0.036551	
14	0.052247	1	16	95.577666	79.725143	0.725053	0.175328	0.091510	0.062040	0.048050	

14	0.051825	2	1	98.587639	80.878860	0.457612	0.109579	0.055269	0.038400	0.030239	
14	0.052004	2	2	97.742305	86.647438	0.534815	0.125828	0.066223	0.044851	0.034779	
14	0.054070	2	4	95.343243	91.550735	0.738739	0.182581	0.093250	0.063438	0.048995	
14	0.057155	2	8	92.058785	94.163551	1.018063	0.254234	0.128445	0.088609	0.068512	
14	0.053757	2	16	87.812729	95.673569	1.382830	0.344149	0.176335	0.121595	0.093878	

14	0.051645	3	1	96.770263	92.789276	0.613768	0.151226	0.076485	0.054469	0.043183	
14	0.050934	3	2	94.753148	95.486931	0.786692	0.189792	0.099680	0.068733	0.052350	
14	0.051688	3	4	91.217614	97.302338	1.086036	0.272388	0.139725	0.096120	0.073237	
14	0.051379	3	8	84.798589	98.439095	1.627183	0.403677	0.208894	0.146036	0.111756	
14	0.051977	3	16	76.016715	98.982018	2.369834	0.597603	0.304814	0.213355	0.162559	

14	0.056253	4	1	93.403728	97.472008	0.897252	0.219807	0.112864	0.081084	0.063306	
14	0.054405	4	2	89.850493	98.506958	1.198054	0.295440	0.151853	0.106403	0.081104	
14	0.052633	4	4	84.645148	99.015953	1.636070	0.408450	0.212459	0.146480	0.112071	
14	0.051658	4	8	75.108394	99.592804	2.437377	0.607670	0.313661	0.218874	0.169183	
14	0.053764	4	16	62.342784	99.728539	3.528382	0.879054	0.456957	0.317757	0.242075	

14	0.052281	5	1	87.751713	99.151680	1.367798	0.338862	0.177955	0.124463	0.094528	
14	0.053651	5	2	82.219326	99.524940	1.832156	0.455043	0.238475	0.164391	0.125254	
14	0.054241	5	4	75.511185	99.694603	2.396767	0.599710	0.308310	0.212195	0.164500	
14	0.052099	5	8	63.742526	99.830338	3.399386	0.851058	0.442974	0.303739	0.234098	
14	0.053237	5	16	48.832895	99.966064	4.649850	1.162597	0.599909	0.419722	0.319673	

15	4.325858	1	1	99.486203	55.429249	0.404390	0.096262	0.049140	0.033966	0.034536	
15	0.054808	1	1	99.486203	55.429249	0.411884	0.096469	0.049195	0.034145	0.026357	
15	0.055062	1	2	99.157860	63.301666	0.442391	0.104710	0.053956	0.037188	0.028369	
15	0.055522	1	4	98.524892	72.175095	0.497083	0.118520	0.061199	0.041406	0.032167	
15	0.055220	1	8	97.479422	77.112320	0.587499	0.139515	0.072008	0.049667	0.038542	
15	0.053205	1	16	95.598168	81.201218	0.753890	0.185490	0.095290	0.065733	0.050076	

15	0.055938	2	1	98.601564	82.015610	0.489979	0.117921	0.059429	0.041845	0.032348	
15	0.056153	2	2	97.763453	87.631485	0.564100	0.135718	0.069060	0.048080	0.036799	
15	0.053440	2	4	95.361631	91.890053	0.767958	0.190673	0.096764	0.066953	0.052370	
15	0.057751	2	8	92.111724	94.553780	1.045506	0.258181	0.131793	0.092216	0.070373	
15	0.054191	2	16	87.871036	96.029861	1.406737	0.347342	0.181925	0.125383	0.095514	

15	0.055023	3	1	96.790875	92.975906	0.643917	0.156677	0.080635	0.058005	0.045160	
15	0.053230	3	2	94.772561	95.792328	0.815310	0.199034	0.101550	0.070102	0.054357	
15	0.055166	3	4	91.227740	97.438072	1.114561	0.279713	0.143197	0.098707	0.075232	
15	0.052429	3	8	84.834359	98.489990	1.655230	0.409343	0.212494	0.146371	0.113488	
15	0.055934	3	16	76.034840	99.015953	2.392270	0.609647	0.308593	0.215461	0.164070	

15	0.055607	4	1	93.419365	97.641670	0.925185	0.226009	0.116312	0.082316	0.065135	
15	0.053751	4	2	89.854412	98.659653	1.225990	0.302525	0.158051	0.108961	0.083034	
15	0.054851	4	4	84.629359	99.151680	1.660600	0.412099	0.212636	0.146480	0.113573	
15	0.053325	4	8	75.130747	99.524940	2.460306	0.624386	0.317455	0.217790	0.169557	
15	0.056754	4	16	62.345396	99.745506	3.548983	0.885815	0.456612	0.319586	0.243262	

15	0.055893	5	1	87.739644	99.185608	1.398037	0.352062	0.178152	0.126989	0.095775	
15	0.056070	5	2	82.197546	99.592804	1.856249	0.463866	0.242099	0.166949	0.127216	
15	0.053432	5	4	75.453893	99.711571	2.422184	0.605627	0.313554	0.218505	0.169146	
15	0.054582	5	8	63.743334	99.881241	3.417240	0.848741	0.444216	0.303248	0.234869	
15	0.054842	5	16	48.823650	99.949104	4.663654	1.169249	0.611066	0.420126	0.320640	

16	4.328934	1	1	99.500548	55.683743	0.429554	0.102794	0.053248	0.036716	0.027998	
16	0.051512	1	1	99.500548	55.683743	0.440330	0.102041	0.053312	0.036804	0.028047	
16	0.051367	1	2	99.177079	64.285713	0.465077	0.111383	0.057125	0.039371	0.029998	
16	0.051181	1	4	98.555622	73.006447	0.520645	0.126200	0.064276	0.043741	0.033734	
16	0.051131	1	8	97.509783	77.790977	0.611042	0.145880	0.076302	0.051729	0.040083	
16	0.050980	1	16	95.628727	81.981674	0.778831	0.188233	0.096938	0.066590	0.051648	

16	0.050678	2	1	98.641432	82.456741	0.512005	0.120322	0.063294	0.043748	0.033844	
16	0.050438	2	2	97.809455	88.004753	0.581049	0.141889	0.071482	0.049434	0.038269	
16	0.050361	2	4	95.434292	92.110619	0.785543	0.189517	0.099674	0.067434	0.052289	
16	0.052437	2	8	92.177102	94.621643	1.062840	0.262289	0.136248	0.094104	0.071687	
16	0.051489	2	16	87.927465	96.182564	1.426790	0.360030	0.184534	0.126328	0.097127	

16	0.049965	3	1	96.865659	93.450966	0.663550	0.158831	0.083352	0.059742	0.046401	
16	0.051395	3	2	94.849131	96.148628	0.833430	0.202393	0.105592	0.072986	0.055592	
16	0.052054	3	4	91.342642	97.641670	1.130436	0.283065	0.145299	0.100116	0.076788	
16	0.050334	3	8	84.920197	98.693588	1.669872	0.416400	0.214435	0.147277	0.115332	
16	0.050550	3	16	76.088153	99.151680	2.411779	0.602478	0.310213	0.217354	0.165457	

16	0.053395	4	1	93.536704	97.760429	0.940815	0.229909	0.121013	0.085215	0.066102	
16	0.051575	4	2	89.959487	98.863251	1.240700	0.305450	0.157667	0.108274	0.084098	
16	0.050174	4	4	84.773186	99.236511	1.677669	0.424286	0.217534	0.150264	0.114697	
16	0.052159	4	8	75.208134	99.558868	2.479596	0.618088	0.324508	0.221612	0.176136	
16	0.048521	4	16	62.377141	99.762466	3.570346	0.889653	0.459330	0.316096	0.245509	

16	0.051964	5	1	87.877636	99.304375	1.412325	0.348473	0.179486	0.128459	0.096781	
16	0.051982	5	2	82.313670	99.677643	1.874867	0.467329	0.243231	0.165694	0.129397	
16	0.051178	5	4	75.599967	99.711571	2.436526	0.618826	0.318442	0.216049	0.167255	
16	0.050145	5	8	63.802278	99.881241	3.439153	0.855681	0.449019	0.307956	0.236723	
16	0.050138	5	16	48.843677	99.966064	4.688811	1.174860	0.605383	0.423862	0.322397	

17	4.331906	1	1	99.508491	57.159824	0.452068	0.108746	0.055732	0.037643	0.029238	
17	0.054591	1	1	99.508491	57.159824	0.455679	0.106176	0.054865	0.037699	0.029270	
17	0.054070	1	2	99.188022	66.118088	0.483998	0.116190	0.059309	0.041013	0.031235	
17	0.051830	1	4	98.576266	74.143196	0.537192	0.130526	0.066440	0.045024	0.034930	
17	0.054180	1	8	97.538750	79.148285	0.632414	0.153508	0.077635	0.053390	0.041254	
17	0.051645	1	16	95.667825	82.779099	0.790924	0.191406	0.098418	0.069112	0.052658	

17	0.052011	2	1	98.660997	83.593491	0.528792	0.125612	0.064136	0.044430	0.034949	
17	0.051454	2	2	97.840974	88.971832	0.600387	0.144821	0.074944	0.051650	0.039348	
17	0.052034	2	4	95.477045	92.823204	0.807424	0.200674	0.101540	0.069977	0.053317	
17	0.052465	2	8	92.234186	95.266373	1.076465	0.268175	0.137831	0.093469	0.072482	
17	0.051702	2	16	87.991933	96.470985	1.439984	0.355227	0.186008	0.136052	0.097862	

17	0.052561	3	1	96.893343	94.316254	0.678361	0.167537	0.084881	0.059937	0.047606	
17	0.054876	3	2	94.892816	96.437057	0.853949	0.210856	0.105996	0.073156	0.056619	
17	0.051748	3	4	91.388003	97.913132	1.149731	0.283085	0.144330	0.100379	0.077206	
17	0.053112	3	8	84.992032	98.812355	1.680457	0.417640	0.216580	0.148530	0.115429	
17	0.052369	3	16	76.151496	99.253479	2.423592	0.602014	0.311717	0.215140	0.166109	

17	0.052375	4	1	93.566520	98.031898	0.955471	0.234669	0.120473	0.084459	0.067143	
17	0.055614	4	2	90.007954	98.982018	1.255261	0.314887	0.161838	0.109521	0.085253	
17	0.055258	4	4	84.803186	99.287407	1.694091	0.428230	0.219944	0.151476	0.115484	
17	0.050002	4	8	75.275072	99.660667	2.488751	0.620254	0.323381	0.221508	0.171352	
17	0.053167	4	16	62.418939	99.779442	3.587578	0.894264	0.460633	0.317687	0.245601	

17	0.057369	5	1	87.904508	99.440109	1.427159	0.354548	0.181639	0.127719	0.097754	
17	0.055852	5	2	82.362234	99.745506	1.889952	0.468811	0.245879	0.169473	0.129170	
17	0.052381	5	4	75.601574	99.779442	2.450655	0.623302	0.321159	0.220785	0.170487	
17	0.051527	5	8	63.848095	99.898201	3.449192	0.859585	0.450262	0.307161	0.242917	
17	0.053125	5	16	48.857634	99.983040	4.698911	1.172259	0.604683	0.421164	0.323204	

18	4.322834	1	1	99.522767	58.584999	0.465681	0.113929	0.057031	0.040107	0.030596	
18	0.053586	1	1	99.522767	58.584999	0.482890	0.111580	0.057235	0.040109	0.030578	
18	0.053578	1	2	99.201674	68.221924	0.503337	0.118582	0.060941	0.042749	0.032570	
18	0.055930	1	4	98.599473	75.602303	0.554908	0.132569	0.068829	0.046766	0.036156	
18	0.055158	1	8	97.570661	80.624367	0.644170	0.158279	0.080869	0.054994	0.042429	
18	0.055848	1	16	95.714385	84.272141	0.807538	0.196573	0.100559	0.069328	0.053749	

18	0.057624	2	1	98.701691	84.696297	0.545483	0.132559	0.067704	0.046736	0.036071	
18	0.057194	2	2	97.887327	89.786224	0.616332	0.146826	0.077006	0.052133	0.040478	
18	0.054590	2	4	95.537784	93.366135	0.815496	0.201576	0.103691	0.070387	0.054363	
18	0.055105	2	8	92.305652	95.690529	1.090018	0.267392	0.139781	0.096461	0.073402	
18	0.057117	2	16	88.070696	96.963013	1.450399	0.358862	0.187788	0.127607	0.098573	

18	0.054113	3	1	96.966516	94.842216	0.691396	0.166700	0.086843	0.061157	0.048477	
18	0.055959	3	2	94.967554	97.064812	0.860995	0.210947	0.107430	0.074227	0.057598	
18	0.053377	3	4	91.474390	98.201561	1.162655	0.289404	0.145799	0.102472	0.078176	
18	0.054873	3	8	85.074741	98.982018	1.698480	0.419492	0.220903	0.150647	0.116248	
18	0.055796	3	16	76.238608	99.372246	2.433963	0.607811	0.315322	0.215315	0.169123	

18	0.055207	4	1	93.665807	98.286392	0.973391	0.241314	0.124096	0.085781	0.067924	
18	0.055708	4	2	90.094189	99.168648	1.267444	0.311149	0.163444	0.111847	0.085893	
18	0.055618	4	4	84.894055	99.406174	1.701629	0.426501	0.221386	0.150433	0.116327	
18	0.053013	4	8	75.357831	99.694603	2.499119	0.624452	0.322083	0.221423	0.172405	
18	0.055393	4	16	62.503489	99.847305	3.593776	0.897123	0.469335	0.318333	0.248044	

18	0.055199	5	1	88.031963	99.440109	1.435082	0.358997	0.185736	0.130390	0.098914	
18	0.054690	5	2	82.451225	99.745506	1.898836	0.476195	0.246220	0.170589	0.134350	
18	0.055557	5	4	75.682990	99.830338	2.461847	0.614050	0.316410	0.222028	0.169894	
18	0.054160	5	8	63.918920	99.915169	3.462930	0.864932	0.445148	0.306977	0.237083	
18	0.057455	5	16	48.925038	99.966064	4.710875	1.194577	0.613072	0.418065	0.324523	

19	4.341795	1	1	99.533645	59.891415	0.483339	0.115168	0.060535	0.041727	0.031823	
19	0.055913	1	1	99.533645	59.891415	0.494126	0.120678	0.060832	0.041200	0.031947	
19	0.057422	1	2	99.219531	69.172035	0.522105	0.125964	0.064581	0.044445	0.033886	
19	0.053957	1	4	98.626400	76.111298	0.571218	0.136457	0.070015	0.048975	0.037299	
19	0.056010	1	8	97.602060	81.303017	0.660142	0.161856	0.082898	0.057149	0.043550	
19	0.058069	1	16	95.754798	84.950798	0.823036	0.201798	0.102715	0.071080	0.054909	

19	0.056621	2	1	98.728867	85.900917	0.562725	0.134239	0.069992	0.048271	0.037226	
19	0.056286	2	2	97.919880	91.024765	0.634017	0.153466	0.077887	0.054740	0.041694	
19	0.056987	2	4	95.589865	93.942993	0.829546	0.203284	0.105419	0.072722	0.055377	
19	0.058207	2	8	92.373466	96.233459	1.102251	0.272054	0.141523	0.097537	0.074304	
19	0.060019	2	16	88.153885	97.234474	1.463197	0.363020	0.186855	0.130448	0.099354	

19	0.055354	3	1	97.008628	95.215477	0.706441	0.171482	0.090009	0.062745	0.049572	
19	0.056173	3	2	95.024172	97.217514	0.875736	0.218299	0.111445	0.076872	0.058563	
19	0.056281	3	4	91.550268	98.354256	1.168434	0.288307	0.150360	0.103637	0.078962	
19	0.057218	3	8	85.160247	99.083817	1.703587	0.423413	0.222812	0.152850	0.117302	
19	0.056367	3	16	76.338098	99.423141	2.448570	0.611156	0.317331	0.220053	0.167638	

19	0.056817	4	1	93.728550	98.523918	0.980331	0.240921	0.125907	0.088380	0.068770	
19	0.056245	4	2	90.169532	99.287407	1.279694	0.316021	0.164732	0.112051	0.086773	
19	0.056156	4	4	84.987569	99.440109	1.723414	0.427652	0.222775	0.151531	0.117065	
19	0.057777	4	8	75.440720	99.677643	2.510301	0.626690	0.323705	0.226342	0.173966	
19	0.057989	4	16	62.587057	99.847305	3.609337	0.900823	0.470675	0.323806	0.247065	

19	0.059426	5	1	88.111635	99.592804	1.447175	0.357448	0.184625	0.131145	0.099983	
19	0.055386	5	2	82.540460	99.813370	1.909879	0.476210	0.249359	0.169130	0.130838	
19	0.057462	5	4	75.780289	99.830338	2.472190	0.626506	0.318207	0.223016	0.169890	
19	0.056420	5	8	63.986365	99.966064	3.473378	0.867075	0.453508	0.308234	0.239066	
19	0.057309	5	16	48.988533	99.983040	4.720283	1.180047	0.611927	0.426273	0.325478	

20	4.321068	1	1	99.544072	61.112995	0.508677	0.124179	0.062604	0.044012	0.033560	
20	0.052096	1	1	99.544072	61.112995	0.517533	0.126797	0.062582	0.043205	0.033568	
20	0.051620	1	2	99.231319	70.257889	0.545707	0.130877	0.067505	0.046554	0.035498	
20	0.053165	1	4	98.640735	77.485580	0.602339	0.145685	0.074393	0.050482	0.039059	
20	0.051578	1	8	97.624505	82.626404	0.685957	0.168447	0.086051	0.059344	0.045199	
20	0.053983	1	16	95.775023	86.087547	0.847063	0.210071	0.107600	0.074194	0.056517	

20	0.053063	2	1	98.756269	86.579575	0.584861	0.141903	0.072908	0.050306	0.038833	
20	0.051873	2	2	97.952174	91.584663	0.655559	0.159103	0.080719	0.055809	0.043175	
20	0.051420	2	4	95.616745	94.689514	0.853376	0.211934	0.108497	0.073620	0.056958	
20	0.055651	2	8	92.414170	96.657616	1.124754	0.277174	0.141797	0.099686	0.075837	
20	0.051697	2	16	88.188755	97.624702	1.484402	0.373828	0.192077	0.132370	0.100880	

20	0.058637	3	1	97.057353	95.164574	0.729407	0.180743	0.092776	0.065616	0.051035	
20	0.053796	3	2	95.079373	97.472008	0.895971	0.223109	0.114040	0.077526	0.060010	
20	0.051820	3	4	91.587884	98.473022	1.197499	0.292061	0.151169	0.105672	0.080431	
20	0.053801	3	8	85.216195	99.168648	1.724473	0.435529	0.224899	0.152422	0.118291	
20	0.051361	3	16	76.375474	99.474045	2.473145	0.613519	0.319343	0.222324	0.169596	

20	0.053408	4	1	93.794477	98.693588	0.999054	0.250152	0.125791	0.088336	0.070513	
20	0.052115	4	2	90.240121	99.355278	1.297559	0.320048	0.167682	0.115494	0.088034	
20	0.055721	4	4	85.020071	99.558868	1.736662	0.431848	0.221588	0.154291	0.118495	
20	0.053149	4	8	75.493184	99.745506	2.528171	0.632016	0.330118	0.229074	0.176848	
20	0.051635	4	16	62.617606	99.864265	3.621156	0.904146	0.470113	0.326785	0.251602	

20	0.053751	5	1	88.181273	99.609772	1.464608	0.360546	0.187294	0.131063	0.100661	
20	0.052683	5	2	82.615544	99.830338	1.928473	0.481290	0.251516	0.170112	0.131926	
20	0.056556	5	4	75.797832	99.847305	2.497065	0.621778	0.325099	0.222190	0.171473	
20	0.052071	5	8	64.025417	99.949104	3.491663	0.871157	0.449490	0.310061	0.239185	
20	0.052426	5	16	49.011038	99.983040	4.742087	1.183351	0.612558	0.421632	0.327804	

21	4.319988	1	1	99.553090	62.012215	0.524326	0.129144	0.065846	0.045448	0.034657	
21	0.054321	1	1	99.553090	62.012215	0.541735	0.132340	0.065745	0.044688	0.034687	
21	0.055339	1	2	99.245032	71.055313	0.560558	0.136275	0.069563	0.048093	0.036579	
21	0.053011	1	4	98.661232	78.639290	0.611712	0.148461	0.076391	0.052659	0.040112	
21	0.055121	1	8	97.652036	83.729210	0.700404	0.170445	0.086393	0.061766	0.046218	
21	0.053574	1	16	95.814813	86.901932	0.860279	0.210104	0.109495	0.075488	0.057611	

21	0.055528	2	1	98.787765	87.427887	0.600018	0.144863	0.073397	0.051578	0.039689	
21	0.053824	2	2	97.988369	92.161522	0.669392	0.165831	0.084121	0.057953	0.044137	
21	0.053754	2	4	95.660135	95.130638	0.866354	0.214082	0.110275	0.075985	0.057946	
21	0.054883	2	8	92.468282	96.844254	1.136903	0.278678	0.143978	0.099202	0.076744	
21	0.056507	2	16	88.255231	97.811333	1.506105	0.370426	0.191291	0.135374	0.101752	

21	0.058066	3	1	97.110020	95.537834	0.741410	0.180590	0.094493	0.065342	0.052004	
21	0.054357	3	2	95.132386	97.624702	0.913230	0.222534	0.115795	0.079814	0.060832	
21	0.052829	3	4	91.643966	98.489990	1.202611	0.304166	0.152333	0.106790	0.081323	
21	0.055113	3	8	85.277410	99.219543	1.735868	0.432955	0.226126	0.156090	0.119157	
21	0.052096	3	16	76.444074	99.491005	2.484734	0.617130	0.323798	0.219134	0.170757	

21	0.054960	4	1	93.867124	98.710556	1.011602	0.246741	0.127347	0.089381	0.070933	
21	0.055797	4	2	90.297066	99.236511	1.310778	0.325216	0.169581	0.116737	0.088933	
21	0.055345	4	4	85.086367	99.524940	1.745955	0.433606	0.223936	0.153914	0.119321	
21	0.053376	4	8	75.550628	99.813370	2.540130	0.635795	0.333235	0.229322	0.175130	
21	0.055045	4	16	62.672955	99.915169	3.634015	0.904873	0.466522	0.324823	0.249255	

21	0.056679	5	1	88.265514	99.677643	1.477286	0.372403	0.191657	0.133808	0.101814	
21	0.056123	5	2	82.667519	99.830338	1.941845	0.483905	0.249003	0.171378	0.134074	
21	0.057717	5	4	75.854680	99.830338	2.509750	0.623471	0.328037	0.226145	0.174008	
21	0.054651	5	8	64.070823	99.949104	3.503871	0.872025	0.452219	0.315434	0.240130	
21	0.055336	5	16	49.053827	99.983040	4.750161	1.186492	0.612072	0.429227	0.326848	

22	4.329904	1	1	99.554230	63.182896	0.534541	0.129175	0.067296	0.046475	0.035410	
22	0.056675	1	1	99.554230	63.182896	0.543432	0.131218	0.066080	0.045611	0.035366	
22	0.056977	1	2	99.250164	72.378693	0.571158	0.135963	0.070023	0.048986	0.037315	
22	0.056823	1	4	98.667712	79.826942	0.621423	0.150968	0.076261	0.053596	0.040813	
22	0.057874	1	8	97.667534	84.645401	0.709368	0.172862	0.087751	0.061560	0.046909	
22	0.056841	1	16	95.837073	87.869019	0.869473	0.215719	0.110576	0.076228	0.058102	

22	0.056729	2	1	98.794679	88.055649	0.609344	0.146195	0.076119	0.052563	0.040351	
22	0.056774	2	2	98.006775	92.585686	0.678886	0.166460	0.085266	0.057838	0.044836	
22	0.056762	2	4	95.685765	95.317276	0.874808	0.213012	0.109363	0.076271	0.058517	
22	0.057391	2	8	92.501125	97.030876	1.154612	0.284542	0.144814	0.100713	0.077334	
22	0.057068	2	16	88.302563	98.082802	1.502103	0.378460	0.194848	0.134186	0.102199	

22	0.057225	3	1	97.119228	96.369186	0.750844	0.188663	0.095932	0.067576	0.052555	
22	0.056886	3	2	95.156797	98.065826	0.917618	0.224862	0.114914	0.080708	0.061494	
22	0.058750	3	4	91.667284	98.778419	1.212426	0.303834	0.153474	0.106130	0.082048	
22	0.056834	3	8	85.308449	99.406174	1.746122	0.443608	0.224329	0.154662	0.120004	
22	0.060085	3	16	76.495319	99.626740	2.482059	0.620329	0.319721	0.221012	0.170647	

22	0.055715	4	1	93.865527	99.032913	1.020719	0.248622	0.131792	0.092241	0.071535	
22	0.056939	4	2	90.317827	99.406174	1.320068	0.333662	0.170574	0.115495	0.089583	
22	0.058909	4	4	85.108784	99.609772	1.756179	0.436180	0.224493	0.156286	0.120199	
22	0.056499	4	8	75.583430	99.864265	2.549037	0.637443	0.328950	0.226541	0.176003	
22	0.056059	4	16	62.725631	99.949104	3.637844	0.910206	0.468752	0.323331	0.252975	

22	0.056659	5	1	88.248197	99.779442	1.488250	0.375577	0.192973	0.134009	0.102747	
22	0.058301	5	2	82.684273	99.864265	1.961661	0.486569	0.250865	0.174545	0.134251	
22	0.057526	5	4	75.867119	99.915169	2.518228	0.629186	0.329282	0.223536	0.172906	
22	0.057036	5	8	64.102624	99.949104	3.521170	0.871945	0.450765	0.312767	0.240796	
22	0.056251	5	16	49.100850	99.983040	4.758077	1.190263	0.619720	0.422452	0.327531	

23	4.346985	1	1	99.556344	64.625046	0.557921	0.136052	0.070684	0.048664	0.037178	
23	0.057363	1	1	99.556344	64.625046	0.568868	0.137670	0.069339	0.047880	0.037170	
23	0.058217	1	2	99.253284	73.786903	0.596195	0.144039	0.072937	0.051340	0.039028	
23	0.058328	1	4	98.674903	80.658302	0.644992	0.154609	0.080862	0.054763	0.042482	
23	0.057573	1	8	97.678349	85.239227	0.731744	0.175956	0.092500	0.063680	0.048516	
23	0.058360	1	16	95.854026	88.242279	0.891985	0.222445	0.111689	0.077108	0.059713	

23	0.059760	2	1	98.801879	88.937904	0.634666	0.155393	0.077842	0.054778	0.042071	
23	0.058202	2	2	98.013721	93.196472	0.703267	0.168616	0.088634	0.061042	0.046505	
23	0.057523	2	4	95.703936	95.588730	0.897491	0.217653	0.114411	0.077452	0.060128	
23	0.058651	2	8	92.522453	97.234474	1.167371	0.293047	0.149999	0.103610	0.078909	
23	0.057900	2	16	88.337299	98.354256	1.523899	0.382289	0.197342	0.136051	0.105132	

23	0.057735	3	1	97.133448	96.420082	0.775260	0.187096	0.098875	0.068486	0.053966	
23	0.057942	3	2	95.167293	98.082802	0.941020	0.230162	0.120148	0.081485	0.063182	
23	0.059342	3	4	91.696324	98.880219	1.233058	0.304253	0.156898	0.108050	0.084175	
23	0.058197	3	8	85.339169	99.406174	1.763365	0.438131	0.226108	0.156296	0.121095	
23	0.057846	3	16	76.529824	99.609772	2.500729	0.625299	0.322656	0.222591	0.171628	

23	0.058161	4	1	93.881192	99.151680	1.046452	0.261167	0.134323	0.092984	0.073253	
23	0.054756	4	2	90.328114	99.507973	1.342443	0.332316	0.170642	0.119091	0.091193	
23	0.057158	4	4	85.141808	99.660667	1.776628	0.440361	0.228684	0.159709	0.121895	
23	0.058684	4	8	75.618706	99.864265	2.568982	0.641579	0.330451	0.231760	0.177038	
23	0.060026	4	16	62.758198	99.949104	3.654560	0.911667	0.470029	0.323544	0.250873	

23	0.058526	5	1	88.271450	99.779442	1.508294	0.374170	0.191907	0.134584	0.103710	
23	0.058302	5	2	82.690462	99.915169	1.973086	0.490867	0.254898	0.174709	0.136155	
23	0.062727	5	4	75.892883	99.932137	2.536264	0.647570	0.326281	0.228561	0.174313	
23	0.057904	5	8	64.123463	99.949104	3.530557	0.879739	0.453500	0.317744	0.242000	
23	0.057224	5	16	49.124259	99.983040	4.772779	1.196018	0.622635	0.430169	0.328533	

24	4.321217	1	1	99.561980	65.558197	0.569538	0.141173	0.071963	0.048778	0.037839	
24	0.056356	1	1	99.561980	65.558197	0.580862	0.141129	0.071993	0.049568	0.037812	
24	0.056444	1	2	99.253570	74.872749	0.615895	0.147602	0.075624	0.051348	0.039849	
24	0.053469	1	4	98.680876	81.591454	0.656009	0.161098	0.080715	0.055811	0.043205	
24	0.060049	1	8	97.689421	86.087547	0.749216	0.179612	0.092187	0.064650	0.049232	
24	0.055152	1	16	95.874099	88.870033	0.901067	0.224071	0.114984	0.079130	0.060259	

24	0.057703	2	1	98.817022	89.616562	0.647704	0.153240	0.078977	0.055560	0.042665	
24	0.054755	2	2	98.014003	93.841194	0.713048	0.173452	0.089908	0.061969	0.047235	
24	0.053457	2	4	95.716412	96.165588	0.906749	0.221773	0.113583	0.078276	0.060778	
24	0.053136	2	8	92.537689	97.421104	1.176273	0.290216	0.151463	0.102797	0.079500	
24	0.054892	2	16	88.358262	98.371223	1.531298	0.386780	0.198592	0.136825	0.104224	

24	0.055541	3	1	97.158676	96.878181	0.782115	0.194000	0.099851	0.069234	0.054593	
24	0.053501	3	2	95.146911	98.473022	0.952902	0.237134	0.121850	0.083428	0.064072	
24	0.055802	3	4	91.693906	99.049881	1.243921	0.311373	0.158101	0.108573	0.084175	
24	0.051565	3	8	85.340863	99.372246	1.775417	0.442175	0.228036	0.157125	0.121723	
24	0.052642	3	16	76.534481	99.575844	2.511850	0.624391	0.327168	0.223263	0.174239	

24	0.054863	4	1	93.917936	99.321342	1.052975	0.264220	0.132510	0.095038	0.073602	
24	0.053448	4	2	90.280635	99.575844	1.363590	0.339629	0.175481	0.120924	0.092748	
24	0.055107	4	4	85.125160	99.762466	1.786966	0.445723	0.229962	0.160921	0.122692	
24	0.055912	4	8	75.603826	99.898201	2.578405	0.644737	0.332173	0.229037	0.177654	
24	0.055452	4	16	62.753522	99.966064	3.663582	0.924381	0.478542	0.325137	0.251403	

24	0.055217	5	1	88.323175	99.847305	1.514192	0.375924	0.193545	0.137361	0.104035	
24	0.053500	5	2	82.634546	99.949104	1.994361	0.495785	0.257624	0.178478	0.135928	
24	0.055735	5	4	75.871481	99.949104	2.555786	0.635587	0.330072	0.229926	0.175289	
24	0.056715	5	8	64.103510	99.966064	3.540574	0.887194	0.462453	0.313724	0.243227	
24	0.054810	5	16	49.127259	100.000000	4.783341	1.196256	0.616134	0.431930	0.328887	

25	4.346907	1	1	99.567837	66.491348	0.593703	0.147121	0.074242	0.052165	0.039726	
25	0.056346	1	1	99.567837	66.491348	0.604474	0.146584	0.075415	0.051292	0.039692	
25	0.057767	1	2	99.262783	75.330849	0.632525	0.153980	0.079108	0.053535	0.041568	
25	0.057251	1	4	98.694371	81.981674	0.680617	0.164588	0.085455	0.058734	0.044985	
25	0.057470	1	8	97.702515	86.206314	0.766330	0.192118	0.095479	0.066852	0.051979	
25	0.061814	1	16	95.889339	88.971832	0.924459	0.231855	0.116218	0.081410	0.061999	

25	0.056474	2	1	98.835055	89.718361	0.667426	0.164317	0.083868	0.057885	0.044342	
25	0.056760	2	2	98.034380	93.993889	0.737921	0.181668	0.091532	0.064281	0.048970	
25	0.056946	2	4	95.741654	96.352226	0.941321	0.231757	0.116553	0.081997	0.062445	
25	0.056904	2	8	92.563309	97.743469	1.199559	0.300917	0.152021	0.106530	0.081120	
25	0.057296	2	16	88.383093	98.422119	1.554381	0.386125	0.201633	0.137179	0.105841	

25	0.057189	3	1	97.184740	96.979980	0.806313	0.199142	0.103098	0.072146	0.056247	
25	0.060095	3	2	95.182214	98.608757	0.976930	0.239951	0.123025	0.084864	0.065566	
25	0.055776	3	4	91.733538	99.151680	1.264598	0.312401	0.160612	0.112281	0.085733	
25	0.056755	3	8	85.376319	99.507973	1.796860	0.445754	0.230204	0.161316	0.122968	
25	0.057324	3	16	76.558962	99.677643	2.545256	0.633658	0.331199	0.224453	0.173820	

25	0.056975	4	1	93.959627	99.457077	1.073999	0.271192	0.135893	0.094992	0.075159	
25	0.058140	4	2	90.337927	99.660667	1.377082	0.342782	0.175801	0.122217	0.095623	
25	0.057785	4	4	85.174255	99.813370	1.821421	0.450771	0.230802	0.159594	0.124704	
25	0.057564	4	8	75.643690	99.915169	2.599793	0.649247	0.337218	0.234850	0.180094	
25	0.056834	4	16	62.771375	99.966064	3.686297	0.919597	0.482171	0.332241	0.252874	

25	0.058146	5	1	88.376452	99.796402	1.537930	0.383057	0.197289	0.139469	0.105789	
25	0.056689	5	2	82.699310	99.932137	2.005527	0.509975	0.257257	0.177385	0.137391	
25	0.055896	5	4	75.924803	99.932137	2.567580	0.640306	0.332271	0.231519	0.176478	
25	0.058551	5	8	64.142114	99.949104	3.559019	0.885218	0.464922	0.320661	0.245807	
25	0.056559	5	16	49.142984	99.983040	4.802273	1.205528	0.618786	0.433860	0.330315	

26	4.329291	1	1	99.574391	67.678993	0.595266	0.144461	0.074148	0.052109	0.039735	
26	0.058315	1	1	99.574391	67.678993	0.604610	0.145885	0.075518	0.051883	0.040984	
26	0.058391	1	2	99.270841	76.535454	0.631220	0.151960	0.079104	0.054538	0.041540	
26	0.058383	1	4	98.705818	83.152359	0.692205	0.163845	0.084034	0.059020	0.044955	
26	0.058940	1	8	97.718184	87.054634	0.765999	0.184320	0.096984	0.066843	0.050923	
26	0.058596	1	16	95.911128	89.650497	0.924898	0.230078	0.116276	0.079871	0.061917	

26	0.057892	2	1	98.854712	90.210381	0.666152	0.160376	0.084009	0.056748	0.044237	
26	0.058057	2	2	98.056719	94.451988	0.735144	0.178817	0.092836	0.063038	0.049439	
26	0.060053	2	4	95.766835	96.708519	0.940120	0.227001	0.118649	0.080466	0.062347	
26	0.057792	2	8	92.600182	97.794365	1.197714	0.295755	0.154186	0.106369	0.081281	
26	0.058634	2	16	88.420732	98.439095	1.564887	0.383612	0.197881	0.138826	0.105819	

26	0.058151	3	1	97.227114	97.200546	0.802875	0.195157	0.101088	0.072003	0.056079	
26	0.058631	3	2	95.226177	98.829315	0.973490	0.241511	0.124202	0.084495	0.066057	
26	0.058411	3	4	91.770370	99.372246	1.263241	0.311732	0.160421	0.112156	0.086223	
26	0.058102	3	8	85.421883	99.609772	1.793542	0.446218	0.231480	0.158657	0.124015	
26	0.059120	3	16	76.599698	99.711571	2.531481	0.636264	0.326171	0.227926	0.175029	

26	0.057904	4	1	94.023200	99.406174	1.069965	0.267112	0.137386	0.095947	0.074837	
26	0.057817	4	2	90.390372	99.711571	1.373995	0.339297	0.177653	0.122443	0.093312	
26	0.055567	4	4	85.209424	99.796402	1.805877	0.449798	0.231445	0.161995	0.123519	
26	0.057516	4	8	75.687606	99.915169	2.598570	0.650509	0.336515	0.234484	0.179701	
26	0.057425	4	16	62.808700	99.966064	3.688181	0.920838	0.482560	0.327061	0.253458	

26	0.062281	5	1	88.463097	99.745506	1.530607	0.391961	0.195875	0.138116	0.107257	
26	0.059703	5	2	82.753172	99.949104	2.004458	0.502093	0.261407	0.180163	0.137515	
26	0.060993	5	4	75.952980	99.932137	2.569250	0.641834	0.329724	0.229805	0.176448	
26	0.055935	5	8	64.183104	99.966064	3.573429	0.886379	0.458396	0.320662	0.244217	
26	0.056838	5	16	49.179525	99.983040	4.818976	1.203008	0.630321	0.434523	0.331093	

27	4.320755	1	1	99.579145	68.204948	0.623693	0.153754	0.079161	0.054154	0.041697	
27	0.057880	1	1	99.579145	68.204948	0.632909	0.153281	0.079003	0.054642	0.041667	
27	0.060941	1	2	99.278245	77.366814	0.660602	0.160222	0.082793	0.057113	0.043521	
27	0.059930	1	4	98.715547	83.932808	0.708383	0.174183	0.089286	0.060422	0.046928	
27	0.059418	1	8	97.735179	87.614525	0.792433	0.194420	0.098689	0.068085	0.052770	
27	0.059591	1	16	95.928432	90.261284	0.951220	0.236632	0.121511	0.082258	0.063815	

27	0.060340	2	1	98.867391	90.821175	0.694847	0.171048	0.087468	0.060403	0.046167	
27	0.060765	2	2	98.073385	94.842216	0.771431	0.184413	0.094913	0.066708	0.050809	
27	0.059115	2	4	95.786636	96.946045	0.957444	0.234875	0.122456	0.084404	0.064301	
27	0.059695	2	8	92.629343	97.913132	1.230837	0.301052	0.157855	0.108870	0.082853	
27	0.059501	2	16	88.441622	98.540894	1.580203	0.398642	0.205049	0.141264	0.107621	

27	0.059360	3	1	97.253288	97.285370	0.830437	0.202017	0.104353	0.073409	0.057864	
27	0.060824	3	2	95.257954	98.880219	1.000114	0.246543	0.128064	0.086868	0.067287	
27	0.063701	3	4	91.797869	99.406174	1.293174	0.327563	0.168479	0.114956	0.088366	
27	0.058853	3	8	85.454999	99.626740	1.820241	0.453912	0.234560	0.160956	0.125423	
27	0.058837	3	16	76.616110	99.779442	2.557917	0.639438	0.333435	0.230802	0.175903	

27	0.060150	4	1	94.066050	99.423141	1.096399	0.269715	0.140976	0.098885	0.076719	
27	0.059685	4	2	90.439158	99.813370	1.400984	0.344410	0.181079	0.122949	0.095098	
27	0.058840	4	4	85.238608	99.847305	1.833721	0.462972	0.236638	0.162135	0.125606	
27	0.058577	4	8	75.713277	99.932137	2.625838	0.655926	0.338741	0.232824	0.181163	
27	0.063268	4	16	62.815425	99.983040	3.717259	0.928356	0.485721	0.328960	0.255741	

27	0.057056	5	1	88.516877	99.796402	1.555173	0.384954	0.198229	0.140987	0.107173	
27	0.061491	5	2	82.816233	99.949104	2.029631	0.502607	0.260709	0.182283	0.138836	
27	0.060843	5	4	75.972988	99.915169	2.599985	0.650066	0.335137	0.234137	0.178403	
27	0.058493	5	8	64.195099	99.949104	3.593424	0.898230	0.463765	0.318566	0.252027	
27	0.067430	5	16	49.179714	99.983040	4.831825	1.205991	0.633304	0.429558	0.332353	

28	4.329759	1	1	99.580437	68.951477	0.615376	0.152190	0.077037	0.054105	0.041087	
28	0.055625	1	1	99.580437	68.951477	0.624875	0.150846	0.078107	0.052967	0.041104	
28	0.057564	1	2	99.282154	77.553444	0.652792	0.158378	0.080515	0.055543	0.042957	
28	0.059069	1	4	98.724035	84.153381	0.699686	0.168532	0.086577	0.059749	0.046353	
28	0.058053	1	8	97.750977	87.648460	0.787521	0.189889	0.099436	0.068234	0.053030	
28	0.057819	1	16	95.949067	90.295212	0.944036	0.232121	0.120454	0.081631	0.063303	

28	0.059539	2	1	98.876709	91.177467	0.687530	0.166105	0.086464	0.059688	0.045600	
28	0.055353	2	2	98.085487	95.215477	0.757726	0.187963	0.094419	0.065017	0.050396	
28	0.057071	2	4	95.803288	96.946045	0.951370	0.236727	0.121598	0.082510	0.063839	
28	0.059588	2	8	92.657672	98.031898	1.233379	0.298940	0.157107	0.106407	0.082400	
28	0.055565	2	16	88.475873	98.574821	1.575625	0.396854	0.204513	0.140843	0.107226	

28	0.056747	3	1	97.270361	97.726501	0.821820	0.200673	0.103285	0.073882	0.057347	
28	0.056933	3	2	95.274777	99.015953	0.993466	0.243897	0.127439	0.087671	0.066791	
28	0.057227	3	4	91.822340	99.372246	1.285449	0.322900	0.163005	0.112859	0.087089	
28	0.058166	3	8	85.494419	99.575844	1.817925	0.452671	0.232617	0.164885	0.125041	
28	0.057953	3	16	76.652618	99.711571	2.557396	0.641830	0.329646	0.230764	0.175623	

28	0.057904	4	1	94.083395	99.474045	1.091042	0.268440	0.138967	0.097079	0.077507	
28	0.057175	4	2	90.457361	99.796402	1.394610	0.348430	0.177116	0.124400	0.094861	
28	0.056612	4	4	85.260180	99.864265	1.832471	0.454805	0.234881	0.164219	0.127577	
28	0.056196	4	8	75.756925	99.932137	2.623807	0.657539	0.343889	0.232830	0.181400	
28	0.058167	4	16	62.849173	99.949104	3.718521	0.926760	0.479259	0.334986	0.255543	

28	0.053213	5	1	88.537162	99.796402	1.551018	0.384457	0.199223	0.140773	0.106849	
28	0.057958	5	2	82.842421	99.983040	2.025905	0.518609	0.264430	0.182271	0.139723	
28	0.056982	5	4	75.995706	99.949104	2.594660	0.648897	0.334098	0.230311	0.178264	
28	0.057777	5	8	64.235346	99.983040	3.589639	0.894131	0.469102	0.317898	0.246218	
28	0.056425	5	16	49.206696	100.000000	4.831657	1.210945	0.634193	0.430871	0.333054	

29	4.331872	1	1	99.586183	69.918564	0.654945	0.163740	0.083679	0.057803	0.044029	
29	0.059291	1	1	99.586183	69.918564	0.665670	0.159612	0.082457	0.057664	0.043982	
29	0.058692	1	2	99.290494	78.656265	0.694094	0.169919	0.087505	0.060083	0.046203	
29	0.058996	1	4	98.731383	84.967766	0.741632	0.182765	0.093666	0.064744	0.049244	
29	0.058679	1	8	97.761279	88.259247	0.824988	0.203866	0.105040	0.071508	0.055143	
29	0.059094	1	16	95.958441	90.702408	0.985635	0.240336	0.124245	0.085616	0.066158	

29	0.058186	2	1	98.888428	91.669495	0.729757	0.176034	0.092098	0.063461	0.048427	
29	0.057655	2	2	98.102933	95.843231	0.806205	0.193649	0.099845	0.068941	0.053443	
29	0.058011	2	4	95.823296	97.353241	0.994966	0.249839	0.128491	0.087835	0.066954	
29	0.060095	2	8	92.683173	98.167625	1.262401	0.311527	0.160223	0.112266	0.085505	
29	0.059907	2	16	88.488930	98.727516	1.618957	0.409083	0.206863	0.142746	0.110417	

29	0.058882	3	1	97.291130	97.845268	0.867562	0.211851	0.109263	0.077678	0.060364	
29	0.057490	3	2	95.301201	99.100784	1.037085	0.254533	0.133133	0.090220	0.069888	
29	0.058496	3	4	91.849183	99.389206	1.332980	0.336889	0.171741	0.118396	0.090174	
29	0.063203	3	8	85.528726	99.609772	1.859333	0.465152	0.242440	0.164676	0.127311	
29	0.061330	3	16	76.670799	99.779442	2.600726	0.648744	0.335772	0.234297	0.178410	

29	0.059308	4	1	94.096664	99.440109	1.135033	0.277948	0.145262	0.102578	0.080326	
29	0.057340	4	2	90.474014	99.745506	1.438809	0.357740	0.185823	0.126858	0.098362	
29	0.058290	4	4	85.276972	99.847305	1.876186	0.472616	0.240785	0.165603	0.129255	
29	0.061512	4	8	75.783441	99.932137	2.663895	0.668511	0.349377	0.236276	0.183880	
29	0.058321	4	16	62.859018	99.949104	3.753702	0.937178	0.484785	0.332446	0.257636	

29	0.059621	5	1	88.538440	99.898201	1.599721	0.397547	0.207836	0.143485	0.110957	
29	0.058073	5	2	82.852880	99.983040	2.070571	0.514801	0.265598	0.183230	0.141756	
29	0.057380	5	4	76.000944	99.949104	2.638958	0.656846	0.341960	0.234039	0.182213	
29	0.058186	5	8	64.252137	99.983040	3.628398	0.902636	0.465186	0.322437	0.248872	
29	0.060169	5	16	49.211459	100.000000	4.868531	1.217861	0.628320	0.433157	0.336221	

30	4.341894	1	1	99.590323	70.936546	0.679872	0.167837	0.086974	0.059063	0.045722	
30	0.059924	1	1	99.590323	70.936546	0.691638	0.165683	0.086982	0.059035	0.045739	
30	0.059592	1	2	99.296914	79.640312	0.717139	0.174177	0.090544	0.061302	0.047524	
30	0.058895	1	4	98.738223	85.408890	0.766205	0.183865	0.095413	0.066782	0.050866	
30	0.059159	1	8	97.769213	88.870033	0.848953	0.210445	0.106239	0.074463	0.056683	
30	0.060165	1	16	95.970363	91.160500	1.006017	0.250713	0.128762	0.087519	0.067679	

30	0.061283	2	1	98.896574	92.144554	0.750946	0.183907	0.095351	0.065289	0.049794	
30	0.059383	2	2	98.115584	95.945030	0.817266	0.199230	0.103954	0.070709	0.054558	
30	0.059566	2	4	95.836247	97.421104	1.009877	0.245957	0.129353	0.089188	0.067942	
30	0.060851	2	8	92.702668	98.218521	1.274526	0.316194	0.162012	0.111397	0.086336	
30	0.063946	2	16	88.511860	98.795387	1.630458	0.406646	0.208527	0.143928	0.111177	

30	0.059479	3	1	97.307566	97.896164	0.884968	0.214603	0.112755	0.079130	0.061383	
30	0.059686	3	2	95.327555	99.168648	1.050126	0.256719	0.134803	0.091767	0.070763	
30	0.059296	3	4	91.867267	99.440109	1.340662	0.337033	0.173014	0.118499	0.090954	
30	0.058777	3	8	85.559248	99.694603	1.866634	0.463707	0.243456	0.167617	0.127698	
30	0.059084	3	16	76.698155	99.830338	2.605219	0.648977	0.338551	0.231454	0.179528	

30	0.060524	4	1	94.117471	99.474045	1.147031	0.282509	0.145288	0.101725	0.080015	
30	0.058983	4	2	90.503991	99.830338	1.450103	0.358577	0.185025	0.129377	0.099576	
30	0.059180	4	4	85.293001	99.915169	1.883054	0.467522	0.242401	0.165952	0.128740	
30	0.058944	4	8	75.813728	99.966064	2.668552	0.666758	0.345198	0.239144	0.184396	
30	0.060041	4	16	62.877106	99.983040	3.761356	0.941877	0.485290	0.333711	0.258751	

30	0.061185	5	1	88.562205	99.898201	1.604705	0.397813	0.208523	0.145774	0.112064	
30	0.058858	5	2	82.888917	99.983040	2.073875	0.522380	0.270768	0.183901	0.142479	
30	0.063652	5	4	76.013120	99.966064	2.645791	0.660087	0.341739	0.236040	0.181650	
30	0.066245	5	8	64.280794	99.983040	3.631843	0.906549	0.474681	0.321258	0.249314	
30	0.059668	5	16	49.221899	100.000000	4.870585	1.222050	0.632071	0.434257	0.335403	

31	4.338525	1	1	99.593863	71.360710	0.682798	0.166912	0.085998	0.059208	0.045873	
31	0.062335	1	1	99.593863	71.360710	0.693434	0.170712	0.088218	0.060147	0.045998	
31	0.061078	1	2	99.304031	80.183235	0.720130	0.173992	0.090877	0.061647	0.047686	
31	0.063585	1	4	98.747468	85.934845	0.768356	0.186889	0.097249	0.065999	0.051051	
31	0.060605	1	8	97.780364	89.192398	0.850313	0.211092	0.106571	0.074518	0.056775	
31	0.063248	1	16	95.975800	91.448936	1.008187	0.250811	0.128991	0.088689	0.067782	

31	0.060415	2	1	98.901665	92.653549	0.751640	0.181097	0.092920	0.064309	0.049843	
31	0.059016	2	2	98.129754	96.182564	0.819440	0.197771	0.102093	0.070463	0.054607	
31	0.062016	2	4	95.851312	97.828300	1.011250	0.246674	0.129552	0.089250	0.068005	
31	0.062849	2	8	92.722035	98.320320	1.276427	0.316787	0.161532	0.113429	0.086357	
31	0.062861	2	16	88.518903	98.931114	1.631494	0.404341	0.208244	0.143409	0.111227	

31	0.061099	3	1	97.314046	98.048866	0.884727	0.216033	0.110793	0.077777	0.061391	
31	0.061713	3	2	95.343141	99.202576	1.051129	0.262807	0.134044	0.093291	0.070783	
31	0.063023	3	4	91.880356	99.507973	1.342453	0.339783	0.171996	0.119627	0.091370	
31	0.062072	3	8	85.574876	99.677643	1.869956	0.465970	0.240140	0.168325	0.129312	
31	0.063199	3	16	76.683030	99.847305	2.608909	0.649001	0.340030	0.235296	0.180741	

31	0.063789	4	1	94.115251	99.541908	1.152625	0.284311	0.146371	0.103678	0.080733	
31	0.063228	4	2	90.512654	99.847305	1.451569	0.366161	0.187692	0.128496	0.098706	
31	0.062765	4	4	85.297976	99.915169	1.884544	0.470879	0.245387	0.167493	0.130416	
31	0.061185	4	8	75.827357	99.983040	2.670745	0.667601	0.349691	0.237432	0.184931	
31	0.062513	4	16	62.851522	100.000000	3.764476	0.943228	0.486372	0.336059	0.258200	

31	0.063139	5	1	88.548714	99.881241	1.611392	0.406696	0.209487	0.144072	0.116310	
31	0.062497	5	2	82.894359	99.983040	2.075093	0.524236	0.271331	0.183586	0.143630	
31	0.060949	5	4	76.009667	99.966064	2.648637	0.662488	0.339949	0.234642	0.181891	
31	0.061735	5	8	64.294751	99.983040	3.632615	0.927048	0.473749	0.326944	0.260003	
31	0.067031	5	16	49.205094	100.000000	4.884128	1.231326	0.643851	0.433348	0.336182	

32	4.376354	1	1	99.596771	72.005424	0.697975	0.170868	0.085782	0.059337	0.045855	
32	0.059171	1	1	99.596771	72.005424	0.693308	0.166825	0.087118	0.059186	0.045823	
32	0.058176	1	2	99.308291	80.844925	0.718539	0.175432	0.090245	0.062447	0.047577	
32	0.058116	1	4	98.752037	86.443840	0.775132	0.189725	0.097048	0.065679	0.050930	
32	0.062204	1	8	97.788972	89.463860	0.847839	0.208977	0.105753	0.073446	0.056626	
32	0.059191	1	16	95.994036	91.890053	1.004148	0.250950	0.128587	0.088639	0.068063	

32	0.063872	2	1	98.907896	92.687485	0.753082	0.185210	0.095300	0.065592	0.050066	
32	0.054373	2	2	98.140771	96.250427	0.819378	0.199942	0.103961	0.071661	0.054614	
32	0.058046	2	4	95.866746	97.879204	1.011812	0.251898	0.129638	0.087934	0.067999	
32	0.058532	2	8	92.740515	98.422119	1.275434	0.313623	0.164454	0.111474	0.086410	
32	0.057708	2	16	88.549425	99.032913	1.630556	0.405974	0.211732	0.146112	0.111218	

32	0.058571	3	1	97.322769	98.405159	0.885017	0.216234	0.113343	0.078353	0.061584	
32	0.058659	3	2	95.360472	99.321342	1.051549	0.265810	0.134777	0.092554	0.070829	
32	0.058373	3	4	91.897609	99.575844	1.347837	0.343523	0.175008	0.118973	0.091983	
32	0.058359	3	8	85.592438	99.728539	1.883135	0.473704	0.239930	0.167985	0.129011	
32	0.059743	3	16	76.721089	99.898201	2.611676	0.651339	0.336037	0.235484	0.179304	

32	0.057446	4	1	94.125220	99.677643	1.150464	0.284560	0.146427	0.101673	0.080327	
32	0.061259	4	2	90.530857	99.864265	1.453214	0.361248	0.188211	0.127348	0.098815	
32	0.059142	4	4	85.312921	99.915169	1.886201	0.469989	0.242302	0.169535	0.129154	
32	0.057913	4	8	75.840636	99.983040	2.675692	0.671049	0.345292	0.237653	0.184347	
32	0.057613	4	16	62.891667	100.000000	3.770942	0.941091	0.485430	0.339982	0.258935	

32	0.056231	5	1	88.559611	99.932137	1.611019	0.400428	0.209025	0.143951	0.110837	
32	0.060689	5	2	82.905381	99.983040	2.082559	0.518342	0.269534	0.187412	0.144258	
32	0.055368	5	4	76.017504	99.966064	2.652466	0.663982	0.341323	0.240054	0.183480	
32	0.056932	5	8	64.304310	99.983040	3.641403	0.907430	0.468614	0.323383	0.251642	
32	0.057788	5	16	49.243001	100.000000	4.892103	1.223102	0.639324	0.441415	0.336558	

33	4.326092	1	1	99.599831	73.193077	0.744543	0.183286	0.095314	0.065708	0.050153	
33	0.060507	1	1	99.599831	73.193077	0.753945	0.182757	0.095370	0.065765	0.050103	
33	0.059408	1	2	99.306076	81.625381	0.778930	0.191048	0.098892	0.066835	0.051782	
33	0.066169	1	4	98.753274	87.190369	0.826554	0.201720	0.103350	0.071438	0.055200	
33	0.060557	1	8	97.793398	90.278252	0.889099	0.226776	0.113885	0.078581	0.061011	
33	0.058808	1	16	96.009096	92.331184	1.063555	0.259581	0.136096	0.092325	0.071628	

33	0.059721	2	1	98.917224	92.857140	0.810854	0.198063	0.102927	0.069802	0.054084	
33	0.059518	2	2	98.144311	96.369186	0.878172	0.214603	0.110245	0.077064	0.058694	
33	0.058424	2	4	95.879762	98.031898	1.065741	0.265414	0.134273	0.092851	0.073459	
33	0.059801	2	8	92.757620	98.574821	1.329017	0.329946	0.171833	0.118457	0.090123	
33	0.060894	2	16	88.581784	99.134712	1.681850	0.420468	0.218608	0.148600	0.117633	

33	0.060812	3	1	97.337959	98.439095	0.942377	0.237678	0.120520	0.083034	0.065541	
33	0.059498	3	2	95.355691	99.423141	1.107543	0.272081	0.142035	0.096415	0.075380	
33	0.060478	3	4	91.911155	99.575844	1.394429	0.353605	0.180385	0.123415	0.094685	
33	0.058973	3	8	85.608421	99.694603	1.916104	0.476080	0.249756	0.172377	0.131292	
33	0.058516	3	16	76.758483	99.864265	2.648618	0.672043	0.346777	0.234806	0.182506	

33	0.060389	4	1	94.148371	99.694603	1.205585	0.303270	0.159883	0.109701	0.084064	
33	0.059098	4	2	90.513517	99.881241	1.505621	0.374741	0.194830	0.134562	0.102484	
33	0.061261	4	4	85.328642	99.932137	1.934608	0.484416	0.247601	0.170721	0.133027	
33	0.060053	4	8	75.849396	99.983040	2.715603	0.681674	0.351828	0.245337	0.188637	
33	0.061628	4	16	62.922254	100.000000	3.803452	0.956520	0.501172	0.343315	0.283740	

33	0.066429	5	1	88.588665	99.949104	1.656051	0.416202	0.215988	0.150022	0.121555	
33	0.063173	5	2	82.860099	99.983040	2.127531	0.543599	0.281766	0.193206	0.156570	
33	0.062339	5	4	76.019784	99.966064	2.709854	0.676176	0.349083	0.242724	0.187978	
33	0.061972	5	8	64.294945	99.983040	3.688666	0.937182	0.488634	0.334007	0.258492	
33	0.061360	5	16	49.268640	100.000000	4.935442	1.258567	0.657774	0.445996	0.354096	

34	4.399722	1	1	99.602323	73.837799	0.799271	0.182870	0.093131	0.062628	0.069675	
34	0.064769	1	1	99.602323	73.837799	0.736811	0.177797	0.091948	0.063051	0.055987	
34	0.065021	1	2	99.308933	82.321007	0.752041	0.184019	0.096013	0.064509	0.052174	
34	0.066013	1	4	98.758240	87.563622	0.802163	0.197372	0.099432	0.068837	0.053171	
34	0.061464	1	8	97.796269	90.583649	0.880456	0.215754	0.112317	0.077080	0.068446	
34	0.062750	1	16	96.014907	92.449951	1.038649	0.260394	0.133309	0.091645	0.069733	

34	0.063010	2	1	98.926999	93.366135	0.784320	0.195071	0.099157	0.068448	0.052149	
34	0.060124	2	2	98.154571	96.640656	0.849714	0.210775	0.107034	0.073472	0.062533	
34	0.063389	2	4	95.890705	98.150665	1.045893	0.260719	0.133684	0.091447	0.070207	
34	0.067308	2	8	92.759669	98.761452	1.307532	0.322417	0.166417	0.114581	0.088659	
34	0.062342	2	16	88.590839	99.168648	1.680066	0.411587	0.215890	0.146594	0.113968	

34	0.062876	3	1	97.354261	98.473022	0.920543	0.223875	0.118794	0.083258	0.063850	
34	0.062699	3	2	95.371060	99.406174	1.082970	0.273412	0.140533	0.094756	0.073072	
34	0.063446	3	4	91.926691	99.558868	1.375905	0.347878	0.177649	0.120331	0.094975	
34	0.062776	3	8	85.607475	99.728539	1.901945	0.479768	0.248375	0.171058	0.131818	
34	0.066000	3	16	76.768522	99.915169	2.640762	0.659627	0.343285	0.239179	0.194608	

34	0.062513	4	1	94.175533	99.762466	1.180758	0.296130	0.154392	0.107081	0.083053	
34	0.062286	4	2	90.538547	99.864265	1.483609	0.368659	0.192541	0.130696	0.101128	
34	0.063065	4	4	85.350777	99.932137	1.917256	0.478315	0.248439	0.172341	0.131528	
34	0.060548	4	8	75.843751	99.983040	2.707021	0.677723	0.352402	0.245665	0.186687	
34	0.061484	4	16	62.927456	100.000000	3.812161	0.949476	0.489436	0.338810	0.261538	

34	0.062247	5	1	88.620826	99.949104	1.637323	0.408753	0.209992	0.148285	0.113086	
34	0.062673	5	2	82.885581	99.966064	2.115045	0.527539	0.271338	0.190496	0.145783	
34	0.063054	5	4	76.040642	99.949104	2.692301	0.679167	0.346557	0.244061	0.189256	
34	0.063277	5	8	64.284897	99.983040	3.676990	0.918987	0.475270	0.331830	0.254761	
34	0.062735	5	16	49.279685	100.000000	4.920324	1.232970	0.635628	0.438435	0.338682	

