=== Intel PCAF har

1	4.334262	1	1	98.315618	10.977265	0.279612	0.065878	0.032879	0.023140	0.017656	
1	0.044544	1	1	98.315618	10.977265	0.279136	0.069990	0.034588	0.023088	0.017644	
1	0.045360	1	2	97.737662	13.725823	0.334648	0.079877	0.039557	0.027790	0.021119	
1	0.046284	1	4	96.745492	17.594164	0.423837	0.101207	0.050838	0.034873	0.027092	
1	0.047871	1	8	94.971127	23.396675	0.575688	0.139957	0.070675	0.048769	0.037727	
1	0.046569	1	16	92.756088	30.471664	0.765255	0.190064	0.097789	0.066652	0.050807	

1	0.044584	2	1	95.620161	30.302004	0.517778	0.125673	0.064483	0.044375	0.034758	
1	0.044254	2	2	94.166399	35.086529	0.641463	0.154814	0.080420	0.055477	0.042257	
1	0.049935	2	4	91.295020	40.889038	0.883455	0.219767	0.110529	0.077507	0.059092	
1	0.046716	2	8	87.226876	48.982014	1.224709	0.300935	0.154829	0.106915	0.082794	
1	0.045407	2	16	83.135890	57.125889	1.567481	0.388525	0.203304	0.137955	0.106582	

1	0.045688	3	1	91.985930	49.643703	0.824757	0.204472	0.104821	0.073678	0.056901	
1	0.047479	3	2	89.334204	54.750591	1.044756	0.256497	0.131891	0.091036	0.070280	
1	0.045956	3	4	85.626574	60.247707	1.355220	0.340066	0.171592	0.120455	0.091925	
1	0.045243	3	8	78.819297	68.018326	1.921429	0.478521	0.246344	0.170057	0.131329	
1	0.044412	3	16	71.248029	75.110283	2.551940	0.641475	0.333286	0.229660	0.175568	

1	0.044221	4	1	87.351609	65.269768	1.206780	0.303454	0.153092	0.108415	0.083723	
1	0.044181	4	2	83.427675	69.918564	1.531262	0.381314	0.198556	0.134833	0.104173	
1	0.046407	4	4	78.834869	74.601288	1.926969	0.475575	0.246075	0.168738	0.130950	
1	0.044574	4	8	69.364633	81.218185	2.697840	0.672685	0.348931	0.243121	0.185477	
1	0.047097	4	16	58.423775	86.884972	3.624271	0.902460	0.471044	0.326206	0.249254	

1	0.045918	5	1	81.309426	76.908722	1.705495	0.423470	0.221660	0.152795	0.116413	
1	0.046618	5	2	75.879184	80.743126	2.152014	0.536931	0.276521	0.193483	0.147875	
1	0.050071	5	4	70.542681	84.967766	2.594608	0.653137	0.333768	0.233602	0.177887	
1	0.046956	5	8	59.062429	89.854088	3.560428	0.891418	0.459970	0.320106	0.243791	
1	0.048920	5	16	46.136773	93.060738	4.634256	1.155380	0.599306	0.417760	0.317910	

2	4.319811	1	1	98.969291	13.963352	0.225597	0.056520	0.027371	0.018385	0.014300	
2	0.047717	1	1	98.969291	13.963352	0.225672	0.056568	0.028349	0.018956	0.014355	
2	0.048552	1	2	98.395913	18.764847	0.280827	0.070360	0.034558	0.023268	0.017706	
2	0.045788	1	4	97.372316	26.009501	0.377476	0.088718	0.045545	0.031388	0.023917	
2	0.048663	1	8	95.807788	32.711231	0.513854	0.120922	0.062344	0.043011	0.033338	
2	0.045985	1	16	93.587455	41.007805	0.705771	0.171933	0.088925	0.060368	0.046681	

2	0.048463	2	1	96.846505	38.327114	0.420327	0.101225	0.050290	0.035767	0.027499	
2	0.048688	2	2	95.543517	44.468952	0.534192	0.129846	0.067997	0.045536	0.034736	
2	0.045974	2	4	92.726770	52.578896	0.770998	0.191234	0.097971	0.067434	0.051368	
2	0.047980	2	8	88.807383	59.586018	1.104476	0.272140	0.141931	0.096168	0.074417	
2	0.048633	2	16	84.368143	68.272820	1.480063	0.366752	0.188035	0.130409	0.100533	

2	0.046168	3	1	93.809592	58.313538	0.678985	0.165281	0.086821	0.061356	0.047149	
2	0.048598	3	2	91.288756	63.963352	0.890835	0.218598	0.111557	0.078386	0.060169	
2	0.048300	3	4	87.579829	70.970474	1.204187	0.295288	0.152256	0.106769	0.081353	
2	0.046814	3	8	80.779489	77.706139	1.773803	0.442075	0.230927	0.156589	0.121277	
2	0.048310	3	16	72.439850	84.085510	2.492355	0.617393	0.320264	0.222554	0.170268	

2	0.045656	4	1	89.578796	72.412621	1.031127	0.251987	0.131339	0.093086	0.071979	
2	0.047477	4	2	85.627201	77.417717	1.373246	0.342262	0.176261	0.121279	0.092381	
2	0.048791	4	4	80.829142	83.423820	1.765227	0.438080	0.226980	0.156873	0.121376	
2	0.048828	4	8	71.308427	88.700371	2.559708	0.636752	0.334016	0.230654	0.175828	
2	0.050397	4	16	59.591586	93.060738	3.557273	0.885560	0.455637	0.319576	0.243393	

2	0.049745	5	1	83.582551	82.066505	1.528079	0.385658	0.198181	0.138384	0.107480	
2	0.046514	5	2	77.934985	86.901932	1.997396	0.495528	0.256233	0.176953	0.136630	
2	0.047261	5	4	72.259796	90.922966	2.471853	0.615367	0.322286	0.218648	0.169421	
2	0.048005	5	8	60.694841	94.231422	3.450993	0.860535	0.450078	0.305374	0.236161	
2	0.048670	5	16	47.102386	96.793350	4.584500	1.149052	0.591547	0.413100	0.315327	

3	4.335193	1	1	99.061097	20.665083	0.230252	0.056131	0.027146	0.018702	0.014545	
3	0.054246	1	1	99.061097	20.665083	0.230755	0.057785	0.028944	0.019325	0.014529	
3	0.052957	1	2	98.572330	25.822872	0.277389	0.069704	0.034594	0.022571	0.017540	
3	0.049685	1	4	97.736822	33.831017	0.359002	0.084624	0.043126	0.029675	0.022625	
3	0.050033	1	8	96.313208	40.770275	0.482639	0.116471	0.058532	0.040292	0.031262	
3	0.051584	1	16	94.267155	47.964031	0.663301	0.161031	0.083272	0.056402	0.043690	

3	0.051047	2	1	97.218779	48.489990	0.403208	0.095557	0.047844	0.033564	0.026113	
3	0.049538	2	2	96.102693	53.902275	0.499637	0.120558	0.061626	0.041764	0.032359	
3	0.049183	2	4	93.508600	62.080078	0.720507	0.175182	0.090885	0.061607	0.047746	
3	0.050035	2	8	89.797425	67.950455	1.037185	0.259111	0.132939	0.091469	0.069709	
3	0.049525	2	16	85.509318	74.821854	1.404067	0.346427	0.181341	0.123100	0.095455	

3	0.047631	3	1	94.540399	67.475395	0.630158	0.156952	0.080200	0.056515	0.043989	
3	0.049309	3	2	92.210846	72.514420	0.830851	0.205714	0.103508	0.071684	0.055489	
3	0.049568	3	4	88.569848	78.927727	1.136686	0.283962	0.146210	0.100655	0.076668	
3	0.049992	3	8	82.099107	83.576515	1.682829	0.415872	0.218795	0.148294	0.115019	
3	0.050343	3	16	73.585945	88.615540	2.399398	0.599631	0.308503	0.215819	0.165118	

3	0.051041	4	1	90.656873	80.912796	0.956070	0.238110	0.122429	0.084993	0.067110	
3	0.049544	4	2	86.980434	84.832031	1.274945	0.311193	0.160244	0.110947	0.085787	
3	0.049456	4	4	81.903334	89.480827	1.691505	0.423401	0.216373	0.151769	0.115686	
3	0.049950	4	8	72.717986	92.399048	2.462092	0.616148	0.322471	0.222362	0.169393	
3	0.049533	4	16	60.449303	95.639633	3.527261	0.877386	0.456989	0.316461	0.242044	

3	0.050893	5	1	84.782052	88.988808	1.456189	0.365243	0.183975	0.128312	0.099443	
3	0.049591	5	2	79.545229	91.873093	1.887425	0.477689	0.241831	0.169101	0.128730	
3	0.048649	5	4	73.284081	94.774345	2.406273	0.601708	0.310356	0.213403	0.165142	
3	0.049249	5	8	61.990832	96.369186	3.369700	0.840598	0.438042	0.299360	0.231513	
3	0.052516	5	16	47.592201	98.031898	4.581702	1.141579	0.594303	0.408240	0.315508	

4	4.324724	1	1	99.083209	26.060400	0.239192	0.058760	0.028823	0.019680	0.015146	
4	0.046204	1	1	99.083209	26.060400	0.239343	0.060313	0.030180	0.020119	0.015114	
4	0.044281	1	2	98.648637	31.099424	0.281075	0.070452	0.034939	0.022986	0.017758	
4	0.044996	1	4	97.770510	39.837120	0.365733	0.085161	0.043180	0.030303	0.023095	
4	0.045168	1	8	96.378526	47.064812	0.487261	0.114507	0.059949	0.041364	0.031527	
4	0.045463	1	16	94.458608	52.867325	0.655547	0.158428	0.082403	0.055800	0.043245	

4	0.043928	2	1	97.392795	54.156769	0.397848	0.092640	0.048100	0.033248	0.025752	
4	0.044517	2	2	96.409007	58.992195	0.488551	0.116334	0.059407	0.040658	0.031288	
4	0.042425	2	4	93.733631	67.271805	0.715822	0.173935	0.089572	0.061806	0.047077	
4	0.046097	2	8	90.050500	73.702065	1.023585	0.251359	0.128949	0.090432	0.068863	
4	0.044477	2	16	85.890674	78.435692	1.379871	0.340847	0.175437	0.122903	0.093559	

4	0.045890	3	1	94.869204	73.854767	0.617427	0.150152	0.076931	0.054842	0.042863	
4	0.047754	3	2	92.737958	77.672211	0.792733	0.191682	0.100578	0.069276	0.052794	
4	0.044064	3	4	88.971485	83.780113	1.111559	0.277824	0.140714	0.098510	0.075008	
4	0.045035	3	8	82.489168	87.869019	1.659939	0.411162	0.212462	0.149455	0.113574	
4	0.046039	3	16	74.084686	91.126564	2.366622	0.601223	0.309418	0.213035	0.162270	

4	0.044765	4	1	91.032774	85.357994	0.933430	0.227369	0.119555	0.084353	0.066211	
4	0.044302	4	2	87.608708	87.869019	1.222683	0.301138	0.157765	0.106785	0.082734	
4	0.045973	4	4	82.362313	92.382088	1.663906	0.420914	0.216259	0.149087	0.113463	
4	0.043970	4	8	73.140522	94.553780	2.440421	0.606601	0.317809	0.219177	0.169672	
4	0.045169	4	16	60.929915	96.708519	3.488346	0.884421	0.448461	0.313377	0.238717	

4	0.048697	5	1	85.178229	92.076691	1.427080	0.356769	0.183967	0.126478	0.098517	
4	0.047516	5	2	80.161761	93.739395	1.842112	0.463558	0.236239	0.163023	0.126212	
4	0.044309	5	4	73.607245	96.555817	2.391245	0.595490	0.312631	0.215416	0.164018	
4	0.046557	5	8	62.335953	97.641670	3.355150	0.835418	0.438064	0.296636	0.230397	
4	0.046503	5	16	47.937843	98.574821	4.560944	1.143985	0.592362	0.411982	0.314917	

5	4.327658	1	1	99.123955	30.658297	0.248915	0.059937	0.029734	0.020275	0.015714	
5	0.048324	1	1	99.123955	30.658297	0.248752	0.062345	0.031218	0.020866	0.015697	
5	0.048289	1	2	98.725687	35.459789	0.287051	0.072052	0.035150	0.023738	0.018118	
5	0.046134	1	4	97.859847	45.928062	0.370837	0.086542	0.044538	0.030268	0.023421	
5	0.045806	1	8	96.577789	52.816422	0.483325	0.116390	0.059429	0.040987	0.031257	
5	0.048375	1	16	94.708434	57.058025	0.647481	0.156638	0.081258	0.055590	0.042665	

5	0.046165	2	1	97.557945	59.263657	0.396422	0.092578	0.047803	0.033189	0.025745	
5	0.045904	2	2	96.630082	64.065155	0.480614	0.112553	0.058579	0.040050	0.030765	
5	0.048168	2	4	93.942517	73.142174	0.705253	0.170199	0.087721	0.061310	0.046720	
5	0.046324	2	8	90.409665	78.282997	1.011244	0.248490	0.129381	0.087840	0.067911	
5	0.048410	2	16	86.264679	81.676277	1.361203	0.337514	0.176318	0.120059	0.092950	

5	0.044013	3	1	95.127632	77.740074	0.601987	0.145708	0.076649	0.053921	0.042249	
5	0.050370	3	2	93.071309	81.387856	0.778827	0.187813	0.098573	0.067901	0.051725	
5	0.046760	3	4	89.302482	87.546661	1.096911	0.269966	0.141107	0.095860	0.074037	
5	0.047883	3	8	82.938543	90.872070	1.635476	0.406558	0.213882	0.145840	0.112394	
5	0.048592	3	16	74.493389	93.264336	2.348999	0.588754	0.304585	0.207848	0.162515	

5	0.048692	4	1	91.355916	88.140480	0.919547	0.228379	0.118370	0.082085	0.064825	
5	0.045981	4	2	87.986026	90.329147	1.204247	0.298409	0.153293	0.107083	0.081894	
5	0.048094	4	4	82.704590	94.740417	1.650647	0.408706	0.210624	0.147967	0.112563	
5	0.047074	4	8	73.569796	96.420082	2.419626	0.606331	0.313066	0.214794	0.166277	
5	0.048195	4	16	61.286611	97.641670	3.472780	0.877239	0.446602	0.312661	0.239002	

5	0.048257	5	1	85.516758	93.688492	1.408993	0.348350	0.182273	0.125597	0.097634	
5	0.045755	5	2	80.501999	95.486931	1.829528	0.454935	0.235961	0.164169	0.125707	
5	0.047881	5	4	73.853761	97.845268	2.387155	0.597356	0.308835	0.213887	0.164014	
5	0.045980	5	8	62.652430	98.473022	3.347551	0.834875	0.430756	0.297473	0.229217	
5	0.049112	5	16	48.200195	99.066849	4.562407	1.152617	0.598442	0.412034	0.313702	

6	4.326245	1	1	99.208690	33.593483	0.258380	0.061394	0.030328	0.021032	0.016296	
6	0.049649	1	1	99.208690	33.593483	0.258175	0.064701	0.032398	0.021679	0.016290	
6	0.049804	1	2	98.807644	39.260265	0.296819	0.074449	0.035639	0.024120	0.018724	
6	0.048353	1	4	97.975307	50.016964	0.375910	0.087031	0.045139	0.031170	0.023763	
6	0.051025	1	8	96.743142	57.142860	0.486183	0.115700	0.059527	0.041054	0.031268	
6	0.049283	1	16	94.849482	61.876480	0.653951	0.155796	0.081619	0.056213	0.042846	

6	0.050696	2	1	97.828337	62.877499	0.386736	0.091977	0.046620	0.032290	0.025083	
6	0.049699	2	2	96.905948	68.476418	0.466863	0.112300	0.056892	0.038771	0.030055	
6	0.050994	2	4	94.243870	76.976585	0.690726	0.170003	0.086963	0.059981	0.045720	
6	0.049166	2	8	90.773603	81.879875	0.983183	0.240110	0.125934	0.085538	0.066135	
6	0.051137	2	16	86.520282	85.476753	1.346107	0.340021	0.173913	0.119799	0.091233	

6	0.049166	3	1	95.563589	79.487617	0.576186	0.139007	0.073283	0.050883	0.040506	
6	0.048964	3	2	93.520148	84.034607	0.748263	0.181911	0.094633	0.065237	0.049741	
6	0.047834	3	4	89.761692	89.904991	1.063366	0.261880	0.134083	0.092757	0.071656	
6	0.049545	3	8	83.385596	92.738380	1.594929	0.396276	0.206734	0.143320	0.110452	
6	0.049683	3	16	74.755173	94.808281	2.320537	0.579361	0.298012	0.208509	0.158724	

6	0.048924	4	1	91.915969	89.311165	0.878159	0.219406	0.112899	0.079242	0.062159	
6	0.050782	4	2	88.506344	91.974892	1.163446	0.291191	0.147348	0.103075	0.079376	
6	0.050273	4	4	83.186956	95.860199	1.606195	0.401202	0.205515	0.143952	0.109538	
6	0.048992	4	8	73.955454	97.522903	2.371697	0.593985	0.305834	0.214001	0.163862	
6	0.049585	4	16	61.459723	98.167625	3.429440	0.858403	0.448424	0.307491	0.237518	

6	0.052094	5	1	86.151669	94.265350	1.352204	0.334997	0.175005	0.123011	0.093103	
6	0.048291	5	2	80.979011	96.267387	1.779918	0.441161	0.227777	0.157409	0.121634	
6	0.049510	5	4	74.225804	98.354256	2.370328	0.583039	0.304374	0.210893	0.160657	
6	0.050944	5	8	62.898692	99.151680	3.298909	0.819307	0.429959	0.291346	0.226301	
6	0.046250	5	16	48.283790	99.338310	4.569672	1.127176	0.583950	0.407565	0.310997	

7	4.332418	1	1	99.263872	37.953850	0.260559	0.061949	0.030863	0.021604	0.016489	
7	0.063228	1	1	99.263872	37.953850	0.259984	0.065142	0.032628	0.021596	0.016420	
7	0.049713	1	2	98.887556	44.316254	0.296453	0.073223	0.034945	0.024071	0.018702	
7	0.050512	1	4	98.113438	54.156769	0.371303	0.086249	0.044488	0.030485	0.023438	
7	0.050535	1	8	96.928065	60.587036	0.482171	0.110825	0.058415	0.040258	0.030665	
7	0.052073	1	16	94.992432	65.337631	0.653648	0.155728	0.079521	0.055043	0.042556	

7	0.051148	2	1	98.011464	67.678993	0.379800	0.090037	0.045530	0.031641	0.024521	
7	0.050906	2	2	97.127670	72.785881	0.455615	0.109117	0.055787	0.037846	0.029321	
7	0.052948	2	4	94.527046	80.437729	0.677730	0.165142	0.083574	0.057787	0.044782	
7	0.050488	2	8	91.081536	84.747200	0.971093	0.241706	0.122861	0.084138	0.065150	
7	0.052539	2	16	86.764472	87.529686	1.341642	0.337033	0.173408	0.119517	0.091385	

7	0.051078	3	1	95.848169	83.746185	0.562231	0.137174	0.069987	0.049802	0.039624	
7	0.049636	3	2	93.854681	87.190369	0.732061	0.178167	0.090727	0.063707	0.048548	
7	0.049850	3	4	90.132045	92.365112	1.047441	0.257127	0.132386	0.092834	0.070521	
7	0.050055	3	8	83.675105	94.502884	1.592314	0.392862	0.207883	0.142584	0.109822	
7	0.050595	3	16	74.947578	95.843231	2.328117	0.585704	0.303777	0.205923	0.159963	

7	0.049957	4	1	92.292405	92.432983	0.860527	0.213833	0.110686	0.076451	0.060732	
7	0.050447	4	2	88.898852	94.519852	1.146874	0.282623	0.144856	0.100009	0.077481	
7	0.051232	4	4	83.579375	96.861214	1.594904	0.395867	0.203623	0.140805	0.108556	
7	0.049791	4	8	74.181343	98.252457	2.383753	0.594131	0.306177	0.214816	0.163754	
7	0.050166	4	16	61.573591	98.744492	3.462608	0.860643	0.444210	0.306412	0.236977	

7	0.050614	5	1	86.570406	96.521881	1.337036	0.328276	0.169945	0.119262	0.092103	
7	0.050553	5	2	81.351884	97.726501	1.773771	0.441494	0.226399	0.158892	0.121212	
7	0.050541	5	4	74.579740	98.812355	2.343108	0.595289	0.302958	0.210835	0.160654	
7	0.052852	5	8	63.054136	99.389206	3.328145	0.827331	0.433324	0.293859	0.228392	
7	0.051378	5	16	48.343509	99.609772	4.557859	1.136568	0.596577	0.411259	0.313663	

8	4.335953	1	1	99.314499	40.125553	0.280265	0.066446	0.033109	0.022840	0.017724	
8	0.046800	1	1	99.314499	40.125553	0.281263	0.070475	0.034024	0.023253	0.017724	
8	0.048632	1	2	98.952694	46.250423	0.316374	0.077581	0.037913	0.025644	0.019921	
8	0.048303	1	4	98.198842	56.345440	0.386420	0.090254	0.046609	0.031633	0.024562	
8	0.046291	1	8	97.018569	62.673908	0.495025	0.117153	0.060361	0.041602	0.031713	
8	0.048954	1	16	95.083402	67.254837	0.660045	0.160127	0.082955	0.057153	0.043547	

8	0.044268	2	1	98.131484	69.850693	0.392026	0.093258	0.049074	0.032595	0.025493	
8	0.048028	2	2	97.260955	75.025452	0.466357	0.111892	0.056438	0.038966	0.030140	
8	0.049586	2	4	94.681045	82.694267	0.688508	0.170079	0.086564	0.059601	0.045434	
8	0.051055	2	8	91.254136	86.019684	0.978999	0.244495	0.125538	0.084784	0.065794	
8	0.047615	2	16	86.936656	88.666443	1.346528	0.334522	0.171472	0.119019	0.091337	

8	0.048812	3	1	96.025919	85.663383	0.569378	0.137039	0.071114	0.051476	0.040176	
8	0.047792	3	2	94.038048	88.785210	0.742412	0.181789	0.092043	0.063898	0.049076	
8	0.048773	3	4	90.324556	93.213440	1.051423	0.257872	0.135005	0.093076	0.070933	
8	0.049063	3	8	83.881923	95.402107	1.593064	0.397336	0.205435	0.142857	0.109420	
8	0.048178	3	16	75.146051	96.454018	2.326930	0.582254	0.300963	0.206352	0.160620	

8	0.048505	4	1	92.526063	93.417038	0.862221	0.213877	0.108669	0.078136	0.060808	
8	0.050506	4	2	89.127146	95.402107	1.149537	0.284463	0.148193	0.100523	0.077744	
8	0.048324	4	4	83.777840	97.353241	1.598775	0.396339	0.204388	0.140981	0.109006	
8	0.048301	4	8	74.354690	98.625717	2.391015	0.607224	0.312944	0.211871	0.166313	
8	0.048942	4	16	61.701028	99.100784	3.473860	0.863156	0.445269	0.312172	0.237619	

8	0.048179	5	1	86.811365	97.149643	1.337019	0.331966	0.171170	0.121720	0.092116	
8	0.048748	5	2	81.605868	98.167625	1.775469	0.440002	0.226911	0.157952	0.121208	
8	0.047983	5	4	74.769550	99.066849	2.352064	0.588307	0.301632	0.211168	0.161326	
8	0.048431	5	8	63.187532	99.558868	3.329428	0.830842	0.429796	0.294361	0.228045	
8	0.048404	5	16	48.396407	99.660667	4.575262	1.140900	0.588422	0.406129	0.314059	

9	4.325373	1	1	99.359615	42.602646	0.296403	0.071172	0.035771	0.024643	0.018782	
9	0.049285	1	1	99.359615	42.602646	0.298633	0.074711	0.035567	0.024649	0.018800	
9	0.049893	1	2	99.002527	49.491009	0.333357	0.080301	0.039823	0.027506	0.020989	
9	0.049946	1	4	98.270890	60.111977	0.400524	0.095364	0.048721	0.033190	0.025428	
9	0.049529	1	8	97.120742	65.761795	0.501159	0.120175	0.061733	0.042565	0.032465	
9	0.046898	1	16	95.197408	70.868683	0.670524	0.165182	0.084128	0.057633	0.044243	

9	0.049496	2	1	98.257002	72.548355	0.404456	0.094374	0.047521	0.033213	0.026253	
9	0.049628	2	2	97.378870	78.096375	0.477938	0.115429	0.057632	0.039830	0.030811	
9	0.050365	2	4	94.845983	84.848999	0.692711	0.167539	0.087310	0.059166	0.045835	
9	0.049851	2	8	91.443711	88.055649	0.983109	0.241248	0.126598	0.085270	0.066182	
9	0.049734	2	16	87.114550	90.939941	1.354186	0.335329	0.172274	0.118674	0.091867	

9	0.049640	3	1	96.225215	87.275192	0.576488	0.139645	0.072922	0.050758	0.040520	
9	0.051474	3	2	94.203895	90.889046	0.745931	0.184293	0.094385	0.065007	0.049539	
9	0.050979	3	4	90.552596	94.333221	1.059311	0.258077	0.135394	0.092599	0.071058	
9	0.050258	3	8	84.115267	96.504921	1.599987	0.403495	0.208468	0.143204	0.109725	
9	0.049039	3	16	75.318923	97.505936	2.340088	0.586391	0.305580	0.207170	0.160424	

9	0.049353	4	1	92.742878	94.163551	0.869678	0.214538	0.111113	0.077506	0.061959	
9	0.049261	4	2	89.284256	96.420082	1.157232	0.290668	0.146268	0.102770	0.078993	
9	0.046801	4	4	84.004869	97.981003	1.602980	0.399988	0.205763	0.143655	0.109230	
9	0.048788	4	8	74.569023	98.863251	2.396178	0.608581	0.307943	0.212159	0.164794	
9	0.051844	4	16	61.841578	99.202576	3.485838	0.876570	0.449757	0.309940	0.238759	

9	0.051439	5	1	87.027064	97.539871	1.346985	0.333842	0.170778	0.122214	0.093251	
9	0.048277	5	2	81.707329	98.473022	1.789148	0.444780	0.232082	0.160420	0.123074	
9	0.049578	5	4	74.967789	99.389206	2.353819	0.590204	0.307722	0.212101	0.161570	
9	0.049844	5	8	63.351948	99.643707	3.344222	0.832218	0.429173	0.297242	0.229180	
9	0.050114	5	16	48.505239	99.796402	4.590081	1.151050	0.598562	0.414542	0.315659	

10	4.465742	1	1	99.419828	45.537834	0.307999	0.073656	0.036204	0.025137	0.019430	
10	0.050872	1	1	99.419828	45.537834	0.307885	0.076150	0.036970	0.025000	0.019410	
10	0.051068	1	2	99.075599	53.529011	0.341177	0.082668	0.041795	0.027746	0.021486	
10	0.051091	1	4	98.389318	63.725822	0.409023	0.094773	0.048323	0.033172	0.025673	
10	0.050819	1	8	97.266572	69.358673	0.502074	0.119900	0.061916	0.041971	0.032544	
10	0.051651	1	16	95.365060	74.414658	0.669768	0.164727	0.084777	0.058059	0.044227	

10	0.053106	2	1	98.414693	74.974548	0.406305	0.094542	0.048462	0.033852	0.026296	
10	0.052076	2	2	97.567573	80.624367	0.475101	0.113484	0.058356	0.040205	0.030636	
10	0.050515	2	4	95.095712	87.088570	0.688699	0.165570	0.086452	0.058569	0.046736	
10	0.050705	2	8	91.695682	90.346115	0.976039	0.237956	0.122747	0.084871	0.065749	
10	0.050012	2	16	87.400380	92.925003	1.349797	0.339218	0.173672	0.119918	0.091286	

10	0.050354	3	1	96.477223	88.802170	0.565441	0.137784	0.070995	0.051119	0.040046	
10	0.050384	3	2	94.468564	92.161522	0.737451	0.178189	0.093336	0.064241	0.048983	
10	0.047757	3	4	90.874441	95.368172	1.042662	0.256197	0.133810	0.090798	0.070251	
10	0.049904	3	8	84.389572	97.047844	1.591046	0.394310	0.204144	0.142990	0.109207	
10	0.050255	3	16	75.585863	97.964027	2.334538	0.584850	0.301971	0.207118	0.161850	

10	0.050284	4	1	93.061626	94.808281	0.853364	0.212485	0.110521	0.077012	0.060999	
10	0.050649	4	2	89.598882	97.064812	1.146436	0.282545	0.145068	0.101741	0.077542	
10	0.050970	4	4	84.361815	98.439095	1.582199	0.393434	0.206394	0.142457	0.108359	
10	0.049969	4	8	74.818317	99.168648	2.390942	0.601155	0.308877	0.215746	0.164946	
10	0.050305	4	16	62.034158	99.541908	3.489848	0.868643	0.456419	0.309210	0.239264	

10	0.051881	5	1	87.386372	97.828300	1.328315	0.328050	0.171615	0.118371	0.091391	
10	0.051626	5	2	82.048245	98.795387	1.792119	0.444217	0.231453	0.158633	0.121726	
10	0.052710	5	4	75.313966	99.440109	2.346343	0.585131	0.302350	0.207971	0.160953	
10	0.050622	5	8	63.572825	99.677643	3.349526	0.833916	0.436145	0.301379	0.230849	
10	0.049533	5	16	48.628629	99.864265	4.613576	1.152201	0.594815	0.409651	0.316731	

11	4.337381	1	1	99.435682	47.217510	0.324319	0.077010	0.039729	0.026900	0.020844	
11	0.052587	1	1	99.435682	47.217510	0.330278	0.078422	0.039580	0.027304	0.020804	
11	0.051440	1	2	99.091240	55.514080	0.363946	0.083415	0.042812	0.030331	0.022921	
11	0.052322	1	4	98.419456	65.371567	0.422884	0.100391	0.051421	0.035014	0.027003	
11	0.052852	1	8	97.313871	71.038345	0.520102	0.124041	0.063138	0.044032	0.033776	
11	0.053880	1	16	95.425486	75.449608	0.690378	0.168653	0.085268	0.058770	0.045427	

11	0.053964	2	1	98.471514	76.705124	0.418191	0.097692	0.049747	0.035170	0.027409	
11	0.052183	2	2	97.627048	82.337967	0.492184	0.117594	0.059403	0.041720	0.031809	
11	0.053932	2	4	95.170593	88.378014	0.703984	0.169871	0.086712	0.059897	0.046401	
11	0.051848	2	8	91.803015	91.245338	0.991145	0.242331	0.124848	0.087284	0.066411	
11	0.050685	2	16	87.520626	93.637596	1.355319	0.341954	0.173642	0.119109	0.092709	

11	0.051210	3	1	96.569855	89.650497	0.578512	0.138924	0.072300	0.052244	0.040822	
11	0.051546	3	2	94.562225	92.857140	0.751754	0.184943	0.095603	0.064525	0.053933	
11	0.053071	3	4	90.964212	95.877167	1.055751	0.263586	0.133310	0.092047	0.071175	
11	0.051680	3	8	84.485149	97.556839	1.602362	0.401918	0.205541	0.143920	0.110460	
11	0.052334	3	16	75.689932	98.082802	2.343457	0.590490	0.302131	0.211193	0.161893	

11	0.053332	4	1	93.160143	95.707497	0.866965	0.210978	0.109526	0.078452	0.061307	
11	0.053941	4	2	89.656187	97.404137	1.163709	0.294127	0.151278	0.103112	0.078556	
11	0.049740	4	4	84.423440	98.540894	1.604508	0.399398	0.204452	0.142397	0.110453	
11	0.058112	4	8	74.859907	99.236511	2.407998	0.601934	0.309114	0.217060	0.166237	
11	0.053332	4	16	62.088205	99.626740	3.501701	0.873055	0.454014	0.310813	0.241206	

11	0.051622	5	1	87.473923	98.456055	1.339794	0.332146	0.170592	0.121506	0.092221	
11	0.056726	5	2	82.069393	99.168648	1.796982	0.446171	0.231063	0.160246	0.122687	
11	0.050537	5	4	75.352658	99.491005	2.355342	0.587469	0.308284	0.210253	0.161849	
11	0.052809	5	8	63.582532	99.711571	3.360318	0.837521	0.433195	0.297503	0.230280	
11	0.050143	5	16	48.654766	99.898201	4.611215	1.156219	0.593439	0.410168	0.318020	

12	4.340196	1	1	99.449173	49.491009	0.336420	0.080561	0.041283	0.027926	0.021672	
12	0.050982	1	1	99.449173	49.491009	0.344024	0.082454	0.040617	0.028022	0.021718	
12	0.050470	1	2	99.112499	57.600952	0.376362	0.087985	0.045107	0.031104	0.023715	
12	0.051739	1	4	98.461180	67.305733	0.433618	0.102908	0.052623	0.036281	0.027648	
12	0.050658	1	8	97.378796	72.225990	0.527217	0.127159	0.065228	0.044372	0.034378	
12	0.050376	1	16	95.506247	77.248047	0.692345	0.170794	0.088412	0.060091	0.046127	

12	0.049892	2	1	98.514041	78.622330	0.428446	0.099659	0.052136	0.036165	0.028022	
12	0.049747	2	2	97.667793	84.102478	0.501415	0.121528	0.062057	0.041983	0.032482	
12	0.047307	2	4	95.257728	89.565659	0.705980	0.172824	0.089057	0.060395	0.046748	
12	0.049451	2	8	91.924646	92.382088	0.999259	0.248958	0.124639	0.086172	0.066497	
12	0.049345	2	16	87.692547	94.553780	1.354101	0.337230	0.173191	0.120516	0.092827	

12	0.049246	3	1	96.646430	91.092636	0.585457	0.142757	0.074369	0.052595	0.041283	
12	0.049316	3	2	94.617892	93.959961	0.758097	0.183364	0.095947	0.065232	0.050410	
12	0.049728	3	4	91.089872	96.454018	1.057337	0.260544	0.135106	0.091981	0.071353	
12	0.049562	3	8	84.625186	97.930099	1.601041	0.397326	0.209542	0.141848	0.110114	
12	0.051709	3	16	75.876438	98.506958	2.340098	0.582283	0.305648	0.206940	0.160268	

12	0.051187	4	1	93.267604	96.487953	0.870796	0.215428	0.111482	0.078723	0.061555	
12	0.049571	4	2	89.707761	97.845268	1.168835	0.289958	0.150609	0.102109	0.079039	
12	0.050428	4	4	84.550878	98.727516	1.604741	0.404047	0.208048	0.141063	0.109276	
12	0.049604	4	8	74.984455	99.372246	2.404055	0.601190	0.308937	0.216651	0.165487	
12	0.049017	4	16	62.260869	99.643707	3.489357	0.870848	0.448099	0.309553	0.239215	

12	0.046461	5	1	87.609806	98.574821	1.353909	0.331121	0.173563	0.121391	0.092165	
12	0.045934	5	2	82.095360	99.219543	1.810911	0.447705	0.230970	0.161526	0.123016	
12	0.048700	5	4	75.460451	99.609772	2.365553	0.588367	0.308002	0.212169	0.161635	
12	0.049391	5	8	63.677587	99.796402	3.357270	0.834634	0.434005	0.297724	0.230959	
12	0.050114	5	16	48.786763	99.915169	4.606667	1.146995	0.603188	0.415752	0.317405	

13	4.332583	1	1	99.463804	52.273499	0.361526	0.086522	0.044828	0.030647	0.023708	
13	0.050553	1	1	99.463804	52.273499	0.372661	0.084557	0.043812	0.030696	0.023410	
13	0.051477	1	2	99.128496	59.721748	0.401155	0.095371	0.048458	0.032884	0.025454	
13	0.048298	1	4	98.491278	68.578217	0.455749	0.107769	0.055820	0.037829	0.029299	
13	0.055610	1	8	97.421988	74.058365	0.549803	0.133226	0.068240	0.046292	0.035857	
13	0.051681	1	16	95.537987	78.673225	0.716163	0.174679	0.089156	0.062211	0.047426	

13	0.051089	2	1	98.555977	79.843910	0.449669	0.106037	0.054979	0.037547	0.029527	
13	0.052353	2	2	97.715374	85.391930	0.522402	0.126367	0.064748	0.044012	0.034028	
13	0.051368	2	4	95.322843	90.838142	0.737939	0.179183	0.091812	0.062143	0.048992	
13	0.054914	2	8	92.014790	93.535797	1.008765	0.251256	0.129215	0.089007	0.067797	
13	0.051381	2	16	87.756472	95.300308	1.376199	0.341736	0.175085	0.122477	0.093419	

13	0.053627	3	1	96.726208	91.805229	0.605930	0.148469	0.077165	0.054308	0.042519	
13	0.051715	3	2	94.712066	94.740417	0.776869	0.189482	0.096812	0.067144	0.051682	
13	0.052061	3	4	91.206915	96.963013	1.075206	0.265106	0.136259	0.093787	0.073157	
13	0.057887	3	8	84.745294	98.320320	1.622025	0.400950	0.207865	0.144514	0.111117	
13	0.049913	3	16	75.951476	98.795387	2.361743	0.589029	0.306552	0.212385	0.162211	

13	0.053305	4	1	93.374817	97.115715	0.886442	0.220252	0.111320	0.080087	0.062579	
13	0.052984	4	2	89.833915	98.320320	1.186348	0.300868	0.150407	0.105302	0.080196	
13	0.051103	4	4	84.681989	98.998985	1.622843	0.402491	0.210350	0.144771	0.110409	
13	0.051390	4	8	75.079358	99.558868	2.426781	0.606894	0.314542	0.217667	0.168028	
13	0.051062	4	16	62.298162	99.728539	3.520180	0.877539	0.456668	0.316733	0.243987	

13	0.053015	5	1	87.732536	98.914154	1.359158	0.340801	0.175467	0.123249	0.093400	
13	0.047923	5	2	82.215315	99.389206	1.819304	0.461209	0.232814	0.163019	0.124247	
13	0.050452	5	4	75.573950	99.643707	2.376325	0.603757	0.304624	0.214152	0.162935	
13	0.050686	5	8	63.736125	99.830338	3.385777	0.841993	0.437510	0.299276	0.231727	
13	0.053889	5	16	48.793248	99.949104	4.638328	1.172741	0.601998	0.419085	0.320539	

14	4.322147	1	1	99.478232	53.664745	0.377099	0.089442	0.046031	0.031694	0.024171	
14	0.051731	1	1	99.478232	53.664745	0.383636	0.088306	0.045151	0.031899	0.024231	
14	0.052086	1	2	99.146977	61.163895	0.412808	0.095055	0.049091	0.033877	0.026247	
14	0.052591	1	4	98.509647	70.105186	0.466788	0.110126	0.057419	0.038815	0.030095	
14	0.052171	1	8	97.449579	75.262985	0.560178	0.133407	0.069605	0.047206	0.036573	
14	0.051881	1	16	95.577666	79.725143	0.724766	0.174226	0.091527	0.063137	0.048037	

14	0.051732	2	1	98.587639	80.878860	0.460734	0.110676	0.055548	0.039129	0.030247	
14	0.051783	2	2	97.742305	86.647438	0.535317	0.127929	0.066230	0.044867	0.034784	
14	0.054289	2	4	95.343243	91.550735	0.738870	0.178072	0.093537	0.064337	0.049018	
14	0.052786	2	8	92.058785	94.163551	1.019743	0.248778	0.130550	0.089469	0.068542	
14	0.054017	2	16	87.812729	95.673569	1.384199	0.351285	0.179873	0.121557	0.093935	

14	0.054389	3	1	96.770263	92.789276	0.616387	0.148874	0.076726	0.054470	0.043213	
14	0.052592	3	2	94.753148	95.486931	0.787772	0.192847	0.099760	0.067777	0.052375	
14	0.051173	3	4	91.217614	97.302338	1.087415	0.266640	0.139637	0.096120	0.073238	
14	0.054629	3	8	84.798589	98.439095	1.632307	0.406215	0.209289	0.143856	0.111817	
14	0.049285	3	16	76.016715	98.982018	2.371607	0.593774	0.309810	0.212565	0.163607	

14	0.053294	4	1	93.403728	97.472008	0.898246	0.223804	0.115452	0.081144	0.063313	
14	0.054110	4	2	89.850493	98.506958	1.199102	0.295722	0.151597	0.106427	0.081054	
14	0.051764	4	4	84.645148	99.015953	1.638596	0.404176	0.212744	0.144655	0.111685	
14	0.052182	4	8	75.108394	99.592804	2.439246	0.615848	0.319364	0.220021	0.168385	
14	0.051595	4	16	62.342784	99.728539	3.532132	0.880813	0.453985	0.318047	0.241988	

14	0.050911	5	1	87.751713	99.151680	1.369789	0.341475	0.178132	0.124477	0.093782	
14	0.055256	5	2	82.219326	99.524940	1.836759	0.458130	0.236005	0.164559	0.126009	
14	0.051686	5	4	75.511185	99.694603	2.396018	0.598898	0.313503	0.215760	0.164760	
14	0.051481	5	8	63.742526	99.830338	3.402423	0.851174	0.436827	0.305937	0.233048	
14	0.054565	5	16	48.832895	99.966064	4.659604	1.161243	0.609558	0.419959	0.319696	

15	4.333380	1	1	99.486203	55.429249	0.404437	0.095976	0.050134	0.034593	0.026371	
15	0.051906	1	1	99.486203	55.429249	0.413987	0.097532	0.050078	0.034058	0.026354	
15	0.054727	1	2	99.157860	63.301666	0.442430	0.105274	0.053966	0.037199	0.028361	
15	0.054208	1	4	98.524892	72.175095	0.496968	0.119194	0.061260	0.041505	0.032156	
15	0.055493	1	8	97.479422	77.112320	0.588411	0.141513	0.073384	0.049654	0.038537	
15	0.055816	1	16	95.598168	81.201218	0.754274	0.182668	0.095475	0.065714	0.050047	

15	0.054189	2	1	98.601564	82.015610	0.490683	0.116045	0.060354	0.041450	0.032378	
15	0.055388	2	2	97.763453	87.631485	0.563934	0.136599	0.070040	0.048301	0.036791	
15	0.053182	2	4	95.361631	91.890053	0.766065	0.189990	0.096963	0.066990	0.051464	
15	0.052270	2	8	92.111724	94.553780	1.043591	0.256392	0.133989	0.090640	0.070266	
15	0.054809	2	16	87.871036	96.029861	1.406848	0.347536	0.181901	0.123764	0.095614	

15	0.055053	3	1	96.790875	92.975906	0.643991	0.153866	0.080568	0.057703	0.045171	
15	0.053428	3	2	94.772561	95.792328	0.815913	0.201978	0.103498	0.070316	0.054398	
15	0.053552	3	4	91.227740	97.438072	1.115279	0.278951	0.148259	0.098578	0.075345	
15	0.058502	3	8	84.834359	98.489990	1.653080	0.408765	0.216206	0.146280	0.114319	
15	0.054333	3	16	76.034840	99.015953	2.392410	0.598053	0.312019	0.215729	0.165042	

15	0.054483	4	1	93.419365	97.641670	0.926793	0.230414	0.118391	0.082291	0.065213	
15	0.055312	4	2	89.854412	98.659653	1.226872	0.308079	0.155372	0.108195	0.083030	
15	0.053052	4	4	84.629359	99.151680	1.665361	0.413538	0.216673	0.147930	0.113621	
15	0.054951	4	8	75.130747	99.524940	2.458626	0.615736	0.322450	0.218457	0.169531	
15	0.055306	4	16	62.345396	99.745506	3.547081	0.896291	0.456955	0.319653	0.243893	

15	0.055037	5	1	87.739644	99.185608	1.397748	0.343880	0.181726	0.127374	0.095823	
15	0.055081	5	2	82.197546	99.592804	1.860751	0.472249	0.242280	0.167082	0.127219	
15	0.055313	5	4	75.453893	99.711571	2.421903	0.605901	0.312006	0.214922	0.166407	
15	0.053149	5	8	63.743334	99.881241	3.417734	0.854961	0.446487	0.307616	0.235016	
15	0.055629	5	16	48.823650	99.949104	4.662347	1.166175	0.601359	0.415442	0.321694	

16	4.314878	1	1	99.500548	55.683743	0.429187	0.104221	0.055086	0.036410	0.028003	
16	0.052854	1	1	99.500548	55.683743	0.438760	0.104517	0.053299	0.036540	0.028060	
16	0.051786	1	2	99.177079	64.285713	0.466724	0.110603	0.056093	0.039471	0.030021	
16	0.051596	1	4	98.555622	73.006447	0.519424	0.123197	0.063245	0.043560	0.033753	
16	0.050537	1	8	97.509783	77.790977	0.610976	0.145485	0.074975	0.052672	0.040080	
16	0.051051	1	16	95.628727	81.981674	0.778795	0.189410	0.098343	0.067778	0.051617	

16	0.050743	2	1	98.641432	82.456741	0.512456	0.122959	0.062058	0.043790	0.033840	
16	0.050806	2	2	97.809455	88.004753	0.585470	0.143485	0.072606	0.050203	0.038248	
16	0.051193	2	4	95.434292	92.110619	0.785984	0.193739	0.097807	0.068695	0.052299	
16	0.051054	2	8	92.177102	94.621643	1.062894	0.261955	0.133927	0.092698	0.071595	
16	0.050627	2	16	87.927465	96.182564	1.426449	0.353389	0.181801	0.125505	0.096840	

16	0.051216	3	1	96.865659	93.450966	0.668386	0.159822	0.084456	0.058585	0.046398	
16	0.050805	3	2	94.849131	96.148628	0.833141	0.206165	0.105917	0.071719	0.055581	
16	0.050837	3	4	91.342642	97.641670	1.129270	0.286615	0.142913	0.100178	0.076253	
16	0.050984	3	8	84.920197	98.693588	1.670328	0.419587	0.214473	0.147577	0.114762	
16	0.050445	3	16	76.088153	99.151680	2.412825	0.601779	0.309899	0.214561	0.165491	

16	0.050897	4	1	93.536704	97.760429	0.940426	0.229790	0.120924	0.083729	0.066056	
16	0.052598	4	2	89.959487	98.863251	1.242761	0.311759	0.165594	0.110340	0.084112	
16	0.051216	4	4	84.773186	99.236511	1.677322	0.424750	0.217575	0.150176	0.115233	
16	0.051344	4	8	75.208134	99.558868	2.477606	0.618883	0.319875	0.219645	0.170806	
16	0.049860	4	16	62.377141	99.762466	3.571813	0.890182	0.466689	0.321390	0.244854	

16	0.050222	5	1	87.877636	99.304375	1.408642	0.349593	0.182724	0.126233	0.096725	
16	0.050871	5	2	82.313670	99.677643	1.874185	0.465192	0.244644	0.165659	0.128786	
16	0.050157	5	4	75.599967	99.711571	2.434770	0.610571	0.315847	0.219713	0.172420	
16	0.054337	5	8	63.802278	99.881241	3.437084	0.858124	0.444216	0.304465	0.235788	
16	0.051452	5	16	48.843677	99.966064	4.683073	1.188710	0.605635	0.416854	0.323819	

17	4.336031	1	1	99.508491	57.159824	0.445014	0.109425	0.055701	0.038165	0.029281	
17	0.054062	1	1	99.508491	57.159824	0.456078	0.109117	0.054933	0.038099	0.029588	
17	0.054249	1	2	99.188022	66.118088	0.484292	0.117813	0.058321	0.040338	0.031239	
17	0.052939	1	4	98.576266	74.143196	0.543430	0.127030	0.065353	0.045128	0.034923	
17	0.052733	1	8	97.538750	79.148285	0.633345	0.153571	0.079014	0.054144	0.041242	
17	0.053792	1	16	95.667825	82.779099	0.790682	0.195672	0.100304	0.068042	0.052672	

17	0.051932	2	1	98.660997	83.593491	0.528147	0.129012	0.065428	0.045602	0.034927	
17	0.051737	2	2	97.840974	88.971832	0.599369	0.144608	0.074971	0.051643	0.039357	
17	0.051153	2	4	95.477045	92.823204	0.800202	0.194870	0.099840	0.068999	0.053337	
17	0.053742	2	8	92.234186	95.266373	1.075630	0.265345	0.135944	0.095193	0.072531	
17	0.051628	2	16	87.991933	96.470985	1.437290	0.361863	0.186107	0.126117	0.097693	

17	0.051897	3	1	96.893343	94.316254	0.678073	0.162625	0.084933	0.059958	0.047459	
17	0.052243	3	2	94.892816	96.437057	0.847727	0.210442	0.107869	0.073296	0.056689	
17	0.051749	3	4	91.388003	97.913132	1.142712	0.285535	0.147102	0.099794	0.077264	
17	0.051863	3	8	84.992032	98.812355	1.678751	0.424448	0.219798	0.148275	0.115427	
17	0.054106	3	16	76.151496	99.253479	2.419185	0.605947	0.312442	0.214609	0.166220	

17	0.051826	4	1	93.566520	98.031898	0.953926	0.233751	0.120291	0.086309	0.067143	
17	0.051396	4	2	90.007954	98.982018	1.254013	0.310810	0.161917	0.111559	0.085056	
17	0.051352	4	4	84.803186	99.287407	1.689451	0.417877	0.216597	0.149900	0.116140	
17	0.051514	4	8	75.275072	99.660667	2.491412	0.620355	0.320509	0.221800	0.171415	
17	0.053112	4	16	62.418939	99.779442	3.578275	0.909442	0.468108	0.317247	0.245643	

17	0.053300	5	1	87.904508	99.440109	1.427696	0.354287	0.182507	0.127254	0.098146	
17	0.054918	5	2	82.362234	99.745506	1.886561	0.474083	0.245945	0.169600	0.129271	
17	0.053342	5	4	75.601574	99.779442	2.448930	0.612641	0.320635	0.217290	0.168504	
17	0.051224	5	8	63.848095	99.898201	3.452611	0.858585	0.442369	0.306827	0.236296	
17	0.054950	5	16	48.857634	99.983040	4.699372	1.210962	0.616447	0.422231	0.323277	

18	4.335749	1	1	99.522767	58.584999	0.464277	0.112824	0.057104	0.039432	0.030577	
18	0.054277	1	1	99.522767	58.584999	0.474914	0.116947	0.058175	0.039802	0.030572	
18	0.057490	1	2	99.201674	68.221924	0.503362	0.120545	0.060852	0.042737	0.032555	
18	0.059305	1	4	98.599473	75.602303	0.554670	0.133254	0.067748	0.046671	0.036169	
18	0.056258	1	8	97.570661	80.624367	0.644066	0.156083	0.080839	0.055724	0.042451	
18	0.055584	1	16	95.714385	84.272141	0.806842	0.199525	0.100562	0.070572	0.053777	

18	0.055231	2	1	98.701691	84.696297	0.545403	0.128573	0.066365	0.045848	0.036066	
18	0.053766	2	2	97.887327	89.786224	0.616848	0.150944	0.075670	0.053099	0.040467	
18	0.056474	2	4	95.537784	93.366135	0.815444	0.200536	0.102026	0.071373	0.054341	
18	0.053405	2	8	92.305652	95.690529	1.089372	0.267015	0.140078	0.094918	0.073445	
18	0.053632	2	16	88.070696	96.963013	1.450890	0.357995	0.184595	0.129649	0.098590	

18	0.056200	3	1	96.966516	94.842216	0.691178	0.167703	0.086823	0.062412	0.048569	
18	0.053047	3	2	94.967554	97.064812	0.861196	0.211738	0.108147	0.074297	0.058299	
18	0.055119	3	4	91.474390	98.201561	1.155320	0.284531	0.145988	0.102543	0.078079	
18	0.055835	3	8	85.074741	98.982018	1.691275	0.428863	0.217405	0.149763	0.116259	
18	0.053149	3	16	76.238608	99.372246	2.430695	0.609246	0.314584	0.215502	0.171657	

18	0.055035	4	1	93.665807	98.286392	0.966267	0.236409	0.123758	0.085448	0.068428	
18	0.053075	4	2	90.094189	99.168648	1.266337	0.320050	0.163458	0.112640	0.085868	
18	0.054426	4	4	84.894055	99.406174	1.700839	0.430666	0.217498	0.152555	0.116849	
18	0.058648	4	8	75.357831	99.694603	2.496437	0.625024	0.322799	0.221786	0.172785	
18	0.054132	4	16	62.503489	99.847305	3.587074	0.896360	0.469831	0.320550	0.246228	

18	0.055084	5	1	88.031963	99.440109	1.432448	0.360535	0.182213	0.130210	0.098363	
18	0.052843	5	2	82.451225	99.745506	1.896446	0.475040	0.245595	0.167817	0.130571	
18	0.055559	5	4	75.682990	99.830338	2.461608	0.614890	0.319595	0.218678	0.169241	
18	0.057660	5	8	63.918920	99.915169	3.457081	0.873690	0.452220	0.307016	0.237626	
18	0.056644	5	16	48.925038	99.966064	4.704491	1.179139	0.617818	0.418450	0.324048	

19	4.329045	1	1	99.533645	59.891415	0.483456	0.117186	0.060708	0.041518	0.031898	
19	0.057084	1	1	99.533645	59.891415	0.492890	0.119219	0.059697	0.041946	0.031949	
19	0.057167	1	2	99.219531	69.172035	0.520631	0.125895	0.064482	0.044387	0.033823	
19	0.057692	1	4	98.626400	76.111298	0.581047	0.138984	0.069814	0.048197	0.037365	
19	0.056031	1	8	97.602060	81.303017	0.660293	0.164642	0.082993	0.057174	0.043585	
19	0.056593	1	16	95.754798	84.950798	0.822816	0.204130	0.102753	0.071044	0.054867	

19	0.056097	2	1	98.728867	85.900917	0.561940	0.134651	0.068690	0.047364	0.037233	
19	0.058785	2	2	97.919880	91.024765	0.632049	0.155371	0.079102	0.054706	0.041652	
19	0.057247	2	4	95.589865	93.942993	0.829655	0.206390	0.105481	0.071608	0.055401	
19	0.057389	2	8	92.373466	96.233459	1.101438	0.276105	0.141585	0.097671	0.074450	
19	0.057140	2	16	88.153885	97.234474	1.461173	0.369268	0.189327	0.129564	0.099347	

19	0.056725	3	1	97.008628	95.215477	0.707585	0.174544	0.090631	0.063596	0.049629	
19	0.057526	3	2	95.024172	97.217514	0.875168	0.216817	0.111588	0.076793	0.060051	
19	0.057507	3	4	91.550268	98.354256	1.167244	0.296004	0.148188	0.102166	0.078960	
19	0.056692	3	8	85.160247	99.083817	1.702274	0.424313	0.220604	0.153027	0.117167	
19	0.056457	3	16	76.338098	99.423141	2.439953	0.614846	0.319713	0.218933	0.169837	

19	0.056830	4	1	93.728550	98.523918	0.981005	0.240550	0.123690	0.088541	0.068882	
19	0.057004	4	2	90.169532	99.287407	1.278318	0.325620	0.165535	0.114095	0.086829	
19	0.057014	4	4	84.987569	99.440109	1.712064	0.426850	0.219962	0.153390	0.117197	
19	0.057225	4	8	75.440720	99.677643	2.510991	0.628705	0.325818	0.222521	0.174112	
19	0.055929	4	16	62.587057	99.847305	3.595675	0.900290	0.466459	0.322930	0.249844	

19	0.059500	5	1	88.111635	99.592804	1.446214	0.361334	0.187524	0.131464	0.099655	
19	0.058159	5	2	82.540460	99.813370	1.908071	0.475570	0.248892	0.171425	0.130673	
19	0.057474	5	4	75.780289	99.830338	2.478281	0.627102	0.323763	0.221319	0.170015	
19	0.053772	5	8	63.986365	99.966064	3.472586	0.863794	0.445339	0.312301	0.237883	
19	0.056284	5	16	48.988533	99.983040	4.720894	1.182063	0.616101	0.420379	0.325202	

20	4.354683	1	1	99.544072	61.112995	0.505060	0.124161	0.063047	0.043421	0.033572	
20	0.053652	1	1	99.544072	61.112995	0.517389	0.128402	0.063811	0.043988	0.033555	
20	0.052205	1	2	99.231319	70.257889	0.544665	0.135679	0.067559	0.046528	0.035470	
20	0.052646	1	4	98.640735	77.485580	0.595885	0.145057	0.074192	0.051310	0.039054	
20	0.052210	1	8	97.624505	82.626404	0.683964	0.166345	0.084790	0.059007	0.045198	
20	0.051494	1	16	95.775023	86.087547	0.846253	0.207519	0.106380	0.073359	0.056545	

20	0.052610	2	1	98.756269	86.579575	0.584721	0.139238	0.072955	0.050249	0.038740	
20	0.052165	2	2	97.952174	91.584663	0.654950	0.159307	0.080898	0.055875	0.043182	
20	0.051817	2	4	95.616745	94.689514	0.852545	0.208183	0.108531	0.073740	0.057992	
20	0.053867	2	8	92.414170	96.657616	1.124018	0.280494	0.144422	0.098335	0.076857	
20	0.052441	2	16	88.188755	97.624702	1.482804	0.369332	0.190711	0.132533	0.101710	

20	0.051821	3	1	97.057353	95.164574	0.737429	0.178609	0.091385	0.064639	0.051023	
20	0.051856	3	2	95.079373	97.472008	0.894702	0.219869	0.112292	0.078669	0.059978	
20	0.053817	3	4	91.587884	98.473022	1.200178	0.302008	0.150949	0.105618	0.080462	
20	0.051906	3	8	85.216195	99.168648	1.722589	0.435443	0.225569	0.154931	0.119066	
20	0.058834	3	16	76.375474	99.474045	2.461384	0.626654	0.322448	0.222010	0.169068	

20	0.054291	4	1	93.794477	98.693588	1.000129	0.251717	0.127615	0.090406	0.073445	
20	0.052549	4	2	90.240121	99.355278	1.297340	0.321284	0.167714	0.113608	0.088071	
20	0.052147	4	4	85.020071	99.558868	1.733234	0.431315	0.221698	0.155450	0.118505	
20	0.051270	4	8	75.493184	99.745506	2.526090	0.629580	0.330932	0.228237	0.174412	
20	0.051760	4	16	62.617606	99.864265	3.617073	0.919267	0.466073	0.320490	0.248436	

20	0.053359	5	1	88.181273	99.609772	1.464555	0.363467	0.189984	0.131075	0.102576	
20	0.051846	5	2	82.615544	99.830338	1.925331	0.488239	0.246690	0.170626	0.132060	
20	0.052982	5	4	75.797832	99.847305	2.494061	0.625128	0.326600	0.225174	0.172362	
20	0.053318	5	8	64.025417	99.949104	3.495773	0.881151	0.456516	0.311788	0.240276	
20	0.051405	5	16	49.011038	99.983040	4.731609	1.206932	0.611763	0.421812	0.326089	

21	4.333442	1	1	99.553090	62.012215	0.523521	0.126173	0.066002	0.044745	0.034690	
21	0.054876	1	1	99.553090	62.012215	0.532388	0.128086	0.066081	0.044676	0.034688	
21	0.052930	1	2	99.245032	71.055313	0.561270	0.136256	0.069685	0.047132	0.036566	
21	0.057578	1	4	98.661232	78.639290	0.611306	0.146446	0.075202	0.052718	0.040108	
21	0.054722	1	8	97.652036	83.729210	0.698933	0.168506	0.086771	0.059815	0.046256	
21	0.052993	1	16	95.814813	86.901932	0.859753	0.210094	0.109699	0.074512	0.057538	

21	0.055124	2	1	98.787765	87.427887	0.607413	0.144956	0.073421	0.051569	0.039726	
21	0.053562	2	2	97.988369	92.161522	0.671629	0.161190	0.082767	0.057938	0.044160	
21	0.055983	2	4	95.660135	95.130638	0.874502	0.209503	0.108241	0.074731	0.057902	
21	0.056224	2	8	92.468282	96.844254	1.137494	0.281308	0.146349	0.100054	0.077586	
21	0.053566	2	16	88.255231	97.811333	1.496197	0.370322	0.190455	0.133672	0.101927	

21	0.055365	3	1	97.110020	95.537834	0.740870	0.179090	0.094721	0.066697	0.051832	
21	0.051590	3	2	95.132386	97.624702	0.918182	0.227424	0.117266	0.079357	0.060886	
21	0.052136	3	4	91.643966	98.489990	1.202128	0.296461	0.155027	0.105497	0.081327	
21	0.055299	3	8	85.277410	99.219543	1.736653	0.431737	0.226188	0.155906	0.119196	
21	0.056199	3	16	76.444074	99.491005	2.476188	0.630589	0.324010	0.222302	0.170611	

21	0.054881	4	1	93.867124	98.710556	1.010877	0.252201	0.129966	0.090411	0.070842	
21	0.055582	4	2	90.297066	99.236511	1.310654	0.325108	0.166311	0.116732	0.089013	
21	0.053276	4	4	85.086367	99.524940	1.747312	0.434439	0.227391	0.153847	0.119412	
21	0.054730	4	8	75.550628	99.813370	2.542739	0.637329	0.332473	0.227610	0.175433	
21	0.055720	4	16	62.672955	99.915169	3.632421	0.905835	0.475229	0.322293	0.249278	

21	0.055160	5	1	88.265514	99.677643	1.475702	0.376268	0.190548	0.131635	0.103127	
21	0.056083	5	2	82.667519	99.830338	1.943015	0.487892	0.248361	0.171841	0.133819	
21	0.054159	5	4	75.854680	99.830338	2.510381	0.630418	0.328333	0.226022	0.173358	
21	0.054391	5	8	64.070823	99.949104	3.510579	0.870753	0.457284	0.310408	0.242199	
21	0.055167	5	16	49.053827	99.983040	4.754357	1.190310	0.620507	0.429469	0.329004	

22	4.326368	1	1	99.554230	63.182896	0.534051	0.129000	0.066218	0.045666	0.035440	
22	0.056384	1	1	99.554230	63.182896	0.544147	0.131275	0.066111	0.045848	0.035442	
22	0.056900	1	2	99.250164	72.378693	0.571166	0.136329	0.071069	0.048983	0.037305	
22	0.059008	1	4	98.667712	79.826942	0.621469	0.154913	0.076360	0.053678	0.040830	
22	0.054388	1	8	97.667534	84.645401	0.708092	0.171327	0.089393	0.061585	0.046899	
22	0.056433	1	16	95.837073	87.869019	0.869158	0.216464	0.110735	0.076241	0.058099	

22	0.054379	2	1	98.794679	88.055649	0.611000	0.148279	0.074723	0.052527	0.040380	
22	0.057968	2	2	98.006775	92.585686	0.679143	0.166827	0.083829	0.057990	0.044850	
22	0.056676	2	4	95.685765	95.317276	0.874708	0.217053	0.111625	0.076932	0.058583	
22	0.057251	2	8	92.501125	97.030876	1.145340	0.280313	0.147384	0.099862	0.077356	
22	0.057674	2	16	88.302563	98.082802	1.502422	0.372429	0.194806	0.134054	0.102883	

22	0.056047	3	1	97.119228	96.369186	0.759946	0.185891	0.095699	0.066494	0.052546	
22	0.056759	3	2	95.156797	98.065826	0.927493	0.225611	0.115558	0.079603	0.061527	
22	0.056414	3	4	91.667284	98.778419	1.211372	0.297871	0.156090	0.107618	0.081978	
22	0.057407	3	8	85.308449	99.406174	1.743507	0.438131	0.227914	0.154263	0.120207	
22	0.056792	3	16	76.495319	99.626740	2.484901	0.625870	0.324811	0.222846	0.175096	

22	0.057023	4	1	93.865527	99.032913	1.022418	0.251463	0.131819	0.092417	0.071632	
22	0.058052	4	2	90.317827	99.406174	1.318858	0.334663	0.171625	0.117638	0.089616	
22	0.056819	4	4	85.108784	99.609772	1.755372	0.434329	0.225888	0.155318	0.121456	
22	0.056998	4	8	75.583430	99.864265	2.552060	0.644655	0.328611	0.226050	0.176766	
22	0.059569	4	16	62.725631	99.949104	3.638665	0.917221	0.468386	0.327924	0.250048	

22	0.058917	5	1	88.248197	99.779442	1.490086	0.375572	0.189707	0.135015	0.102299	
22	0.053890	5	2	82.684273	99.864265	1.958704	0.486007	0.250643	0.172724	0.133499	
22	0.058031	5	4	75.867119	99.915169	2.518557	0.628642	0.325828	0.227140	0.173074	
22	0.057934	5	8	64.102624	99.949104	3.513121	0.872873	0.451418	0.311383	0.240904	
22	0.056478	5	16	49.100850	99.983040	4.763107	1.196212	0.624189	0.430116	0.328092	

23	4.329992	1	1	99.556344	64.625046	0.559903	0.137668	0.069540	0.047946	0.037184	
23	0.058500	1	1	99.556344	64.625046	0.568865	0.137354	0.070868	0.048850	0.037205	
23	0.058096	1	2	99.253284	73.786903	0.603695	0.148296	0.073304	0.050361	0.039732	
23	0.064939	1	4	98.674903	80.658302	0.645821	0.158600	0.080835	0.054759	0.042509	
23	0.059231	1	8	97.678349	85.239227	0.731268	0.177068	0.090857	0.063751	0.048534	
23	0.057161	1	16	95.854026	88.242279	0.892329	0.218961	0.113414	0.078352	0.059668	

23	0.057742	2	1	98.801879	88.937904	0.634123	0.157533	0.079405	0.054749	0.042029	
23	0.058243	2	2	98.013721	93.196472	0.702684	0.176540	0.087263	0.061081	0.046530	
23	0.059497	2	4	95.703936	95.588730	0.898167	0.223470	0.114623	0.077542	0.060174	
23	0.058902	2	8	92.522453	97.234474	1.167293	0.287351	0.150278	0.101741	0.078891	
23	0.059732	2	16	88.337299	98.354256	1.522853	0.384841	0.197632	0.135781	0.103673	

23	0.056805	3	1	97.133448	96.420082	0.774235	0.187798	0.097283	0.068698	0.054730	
23	0.058018	3	2	95.167293	98.082802	0.938453	0.228482	0.120290	0.082870	0.063435	
23	0.056146	3	4	91.696324	98.880219	1.232718	0.303657	0.156184	0.108216	0.083479	
23	0.056874	3	8	85.339169	99.406174	1.765156	0.440363	0.230798	0.158502	0.121014	
23	0.057779	3	16	76.529824	99.609772	2.509254	0.624165	0.327223	0.221762	0.172363	

23	0.057422	4	1	93.881192	99.151680	1.053133	0.261651	0.134587	0.094510	0.073151	
23	0.058096	4	2	90.328114	99.507973	1.342506	0.337341	0.173717	0.117557	0.091188	
23	0.057985	4	4	85.141808	99.660667	1.775292	0.442541	0.227704	0.156821	0.121988	
23	0.058128	4	8	75.618706	99.864265	2.567870	0.642226	0.330489	0.228589	0.176991	
23	0.058337	4	16	62.758198	99.949104	3.657910	0.911978	0.477573	0.329303	0.252383	

23	0.059389	5	1	88.271450	99.779442	1.520975	0.375967	0.193144	0.137037	0.103996	
23	0.060279	5	2	82.690462	99.915169	1.974290	0.493261	0.257270	0.174512	0.135113	
23	0.057578	5	4	75.892883	99.932137	2.539633	0.640879	0.329245	0.229973	0.182296	
23	0.057504	5	8	64.123463	99.949104	3.533615	0.881278	0.462417	0.312399	0.243534	
23	0.058292	5	16	49.124259	99.983040	4.779721	1.193012	0.614479	0.431668	0.328574	

24	4.329869	1	1	99.561980	65.558197	0.569358	0.139436	0.072065	0.049639	0.037849	
24	0.053831	1	1	99.561980	65.558197	0.579097	0.140268	0.071012	0.048920	0.037853	
24	0.056783	1	2	99.253570	74.872749	0.607813	0.147983	0.074418	0.052227	0.039774	
24	0.055496	1	4	98.680876	81.591454	0.656600	0.161099	0.082371	0.056394	0.043248	
24	0.052695	1	8	97.689421	86.087547	0.741845	0.182321	0.093788	0.064528	0.049192	
24	0.058319	1	16	95.874099	88.870033	0.902513	0.224919	0.112959	0.079271	0.060509	

24	0.058068	2	1	98.817022	89.616562	0.643785	0.154429	0.080680	0.055616	0.042663	
24	0.054049	2	2	98.014003	93.841194	0.713708	0.173095	0.088800	0.061260	0.047252	
24	0.055967	2	4	95.716412	96.165588	0.908107	0.225105	0.115749	0.079768	0.060773	
24	0.055899	2	8	92.537689	97.421104	1.176882	0.294084	0.148641	0.102654	0.081128	
24	0.053291	2	16	88.358262	98.371223	1.535024	0.389481	0.195313	0.134905	0.104424	

24	0.058022	3	1	97.158676	96.878181	0.783756	0.191955	0.098472	0.070226	0.054690	
24	0.054156	3	2	95.146911	98.473022	0.953823	0.238271	0.121852	0.083795	0.065400	
24	0.056401	3	4	91.693906	99.049881	1.246447	0.305145	0.158725	0.110618	0.084436	
24	0.052385	3	8	85.340863	99.372246	1.776504	0.441843	0.227416	0.159614	0.121622	
24	0.054379	3	16	76.534481	99.575844	2.520070	0.632304	0.328451	0.222778	0.172334	

24	0.055841	4	1	93.917936	99.321342	1.052857	0.258091	0.132740	0.094802	0.073640	
24	0.055241	4	2	90.280635	99.575844	1.357491	0.341620	0.175546	0.120991	0.092154	
24	0.055791	4	4	85.125160	99.762466	1.788885	0.445125	0.228800	0.158234	0.122140	
24	0.054974	4	8	75.603826	99.898201	2.584606	0.643468	0.334286	0.231864	0.178237	
24	0.057322	4	16	62.753522	99.966064	3.670420	0.922361	0.479434	0.330473	0.251683	

24	0.058393	5	1	88.323175	99.847305	1.524273	0.374583	0.192836	0.137652	0.104172	
24	0.054986	5	2	82.634546	99.949104	1.999299	0.494211	0.259349	0.178586	0.136741	
24	0.054410	5	4	75.871481	99.949104	2.551004	0.634674	0.333689	0.226458	0.175240	
24	0.056762	5	8	64.103510	99.966064	3.545903	0.895461	0.462235	0.314225	0.242839	
24	0.056148	5	16	49.127259	100.000000	4.789126	1.194926	0.618694	0.424661	0.330402	

25	4.323712	1	1	99.567837	66.491348	0.595726	0.148057	0.075473	0.052019	0.039679	
25	0.056154	1	1	99.567837	66.491348	0.605249	0.146875	0.076057	0.051197	0.039698	
25	0.058215	1	2	99.262783	75.330849	0.633144	0.154134	0.079134	0.053602	0.041575	
25	0.059161	1	4	98.694371	81.981674	0.681652	0.165925	0.085543	0.059037	0.044992	
25	0.056684	1	8	97.702515	86.206314	0.767262	0.186033	0.097262	0.066377	0.050974	
25	0.057650	1	16	95.889339	88.971832	0.926113	0.227248	0.116258	0.081413	0.062007	

25	0.058769	2	1	98.835055	89.718361	0.668490	0.164467	0.084089	0.057124	0.044329	
25	0.056245	2	2	98.034380	93.993889	0.740016	0.178847	0.093347	0.064253	0.048937	
25	0.056860	2	4	95.741654	96.352226	0.932842	0.231323	0.118998	0.082035	0.062445	
25	0.056844	2	8	92.563309	97.743469	1.201238	0.296432	0.154653	0.104873	0.081184	
25	0.056843	2	16	88.383093	98.422119	1.557070	0.386052	0.198648	0.139133	0.105863	

25	0.056908	3	1	97.184740	96.979980	0.807576	0.194935	0.101241	0.072364	0.056196	
25	0.057081	3	2	95.182214	98.608757	0.977403	0.239076	0.125143	0.084629	0.065680	
25	0.055915	3	4	91.733538	99.151680	1.267037	0.317700	0.163115	0.112515	0.085716	
25	0.054235	3	8	85.376319	99.507973	1.799083	0.445197	0.230241	0.161447	0.123647	
25	0.055481	3	16	76.558962	99.677643	2.534550	0.632909	0.329987	0.228541	0.174117	

25	0.056932	4	1	93.959627	99.457077	1.075022	0.268952	0.138833	0.096726	0.075267	
25	0.056286	4	2	90.337927	99.660667	1.377158	0.339688	0.178363	0.122830	0.093595	
25	0.057671	4	4	85.174255	99.813370	1.819045	0.455346	0.231132	0.159431	0.124118	
25	0.056160	4	8	75.643690	99.915169	2.600542	0.652300	0.335184	0.233846	0.179288	
25	0.056327	4	16	62.771375	99.966064	3.686312	0.923891	0.478423	0.332281	0.254502	

25	0.057869	5	1	88.376452	99.796402	1.537627	0.388665	0.199580	0.137809	0.105793	
25	0.057285	5	2	82.699310	99.932137	2.006109	0.500519	0.257062	0.177778	0.137437	
25	0.056364	5	4	75.924803	99.932137	2.566573	0.641381	0.332541	0.231739	0.176736	
25	0.056181	5	8	64.142114	99.949104	3.559694	0.894625	0.465329	0.320645	0.244222	
25	0.055942	5	16	49.142984	99.983040	4.799117	1.202150	0.627189	0.429212	0.330462	

26	4.330390	1	1	99.574391	67.678993	0.594749	0.144304	0.074098	0.052073	0.039686	
26	0.060329	1	1	99.574391	67.678993	0.604064	0.144836	0.075502	0.052078	0.039685	
26	0.058422	1	2	99.270841	76.535454	0.631287	0.153038	0.079112	0.054145	0.041535	
26	0.058061	1	4	98.705818	83.152359	0.680834	0.169365	0.085648	0.058600	0.044968	
26	0.058447	1	8	97.718184	87.054634	0.766320	0.185602	0.096993	0.065996	0.050965	
26	0.057616	1	16	95.911128	89.650497	0.923833	0.229669	0.118095	0.080850	0.061947	

26	0.059029	2	1	98.854712	90.210381	0.666908	0.161944	0.083760	0.056922	0.044253	
26	0.058127	2	2	98.056719	94.451988	0.736272	0.181752	0.091264	0.064109	0.048799	
26	0.057753	2	4	95.766835	96.708519	0.929033	0.231338	0.118504	0.081769	0.062298	
26	0.059689	2	8	92.600182	97.794365	1.197505	0.296197	0.151529	0.104559	0.081055	
26	0.058606	2	16	88.420732	98.439095	1.553529	0.384174	0.201591	0.138878	0.105747	

26	0.055767	3	1	97.227114	97.200546	0.802858	0.196540	0.100993	0.072285	0.055976	
26	0.059514	3	2	95.226177	98.829315	0.972172	0.238208	0.124634	0.085230	0.065393	
26	0.058131	3	4	91.770370	99.372246	1.263245	0.318063	0.163169	0.112376	0.085565	
26	0.057600	3	8	85.421883	99.609772	1.793938	0.445598	0.234429	0.159861	0.123229	
26	0.058116	3	16	76.599698	99.711571	2.535914	0.644399	0.330542	0.226774	0.173836	

26	0.057588	4	1	94.023200	99.406174	1.078235	0.261571	0.134697	0.095846	0.074799	
26	0.061742	4	2	90.390372	99.711571	1.375487	0.339774	0.177580	0.122553	0.093412	
26	0.060226	4	4	85.209424	99.796402	1.807221	0.449643	0.231237	0.162225	0.123556	
26	0.059620	4	8	75.687606	99.915169	2.599097	0.649651	0.336895	0.230765	0.179977	
26	0.057098	4	16	62.808700	99.966064	3.698097	0.920059	0.482873	0.327198	0.253161	

26	0.057608	5	1	88.463097	99.745506	1.528953	0.380262	0.194852	0.136078	0.105307	
26	0.057865	5	2	82.753172	99.949104	2.002854	0.497957	0.260853	0.180326	0.137196	
26	0.058465	5	4	75.952980	99.932137	2.566391	0.642700	0.332895	0.231754	0.176900	
26	0.059157	5	8	64.183104	99.966064	3.565763	0.902571	0.458979	0.318607	0.245876	
26	0.058262	5	16	49.179525	99.983040	4.809859	1.205483	0.630818	0.434621	0.330953	

27	4.330877	1	1	99.579145	68.204948	0.622928	0.154294	0.079264	0.053897	0.041699	
27	0.059637	1	1	99.579145	68.204948	0.632917	0.152406	0.079840	0.054699	0.041652	
27	0.059390	1	2	99.278245	77.366814	0.660470	0.159945	0.082849	0.057125	0.043512	
27	0.059897	1	4	98.715547	83.932808	0.709231	0.171016	0.089372	0.061113	0.046913	
27	0.058593	1	8	97.735179	87.614525	0.793003	0.195236	0.098916	0.069313	0.052760	
27	0.059285	1	16	95.928432	90.261284	0.951002	0.233341	0.121682	0.083805	0.063857	

27	0.062943	2	1	98.867391	90.821175	0.702067	0.167410	0.085895	0.059526	0.046141	
27	0.059271	2	2	98.073385	94.842216	0.764692	0.185078	0.096819	0.065568	0.050842	
27	0.061051	2	4	95.786636	96.946045	0.958111	0.234775	0.122586	0.084640	0.064354	
27	0.061356	2	8	92.629343	97.913132	1.225037	0.307145	0.155063	0.108818	0.082872	
27	0.058910	2	16	88.441622	98.540894	1.581265	0.390550	0.201499	0.139095	0.107675	

27	0.060498	3	1	97.253288	97.285370	0.831264	0.201807	0.104767	0.074586	0.057986	
27	0.059236	3	2	95.257954	98.880219	1.000170	0.244511	0.125905	0.087062	0.067268	
27	0.059093	3	4	91.797869	99.406174	1.291543	0.320166	0.164103	0.112929	0.087564	
27	0.063063	3	8	85.454999	99.626740	1.830130	0.454180	0.233461	0.161445	0.125643	
27	0.061137	3	16	76.616110	99.779442	2.560923	0.638593	0.335071	0.228478	0.175713	

27	0.059527	4	1	94.066050	99.423141	1.096052	0.269940	0.139712	0.098497	0.076589	
27	0.061070	4	2	90.439158	99.813370	1.401171	0.352649	0.181510	0.123167	0.095274	
27	0.060113	4	4	85.238608	99.847305	1.835176	0.465083	0.234581	0.164579	0.125417	
27	0.060940	4	8	75.713277	99.932137	2.626164	0.664398	0.344399	0.237124	0.181440	
27	0.060102	4	16	62.815425	99.983040	3.716171	0.926082	0.483865	0.334502	0.255101	

27	0.060590	5	1	88.516877	99.796402	1.555874	0.388470	0.202362	0.141020	0.107031	
27	0.061936	5	2	82.816233	99.949104	2.027661	0.515574	0.261177	0.179849	0.138984	
27	0.059450	5	4	75.972988	99.915169	2.596084	0.646719	0.339792	0.230198	0.178347	
27	0.060251	5	8	64.195099	99.949104	3.585941	0.892821	0.466974	0.320907	0.247477	
27	0.059169	5	16	49.179714	99.983040	4.823120	1.208577	0.632957	0.428992	0.333159	

28	4.333227	1	1	99.580437	68.951477	0.614734	0.150637	0.076804	0.053899	0.041107	
28	0.055547	1	1	99.580437	68.951477	0.640208	0.151469	0.078142	0.053918	0.041121	
28	0.056627	1	2	99.282154	77.553444	0.668456	0.156512	0.081815	0.055539	0.042994	
28	0.057042	1	4	98.724035	84.153381	0.700341	0.169233	0.088347	0.060867	0.046359	
28	0.057925	1	8	97.750977	87.648460	0.784169	0.190739	0.097641	0.068558	0.052211	
28	0.058439	1	16	95.949067	90.295212	0.942885	0.229594	0.118422	0.081663	0.063277	

28	0.058175	2	1	98.876709	91.177467	0.686665	0.166414	0.086631	0.058841	0.045595	
28	0.058646	2	2	98.085487	95.215477	0.757386	0.184935	0.096064	0.065645	0.050355	
28	0.057232	2	4	95.803288	96.946045	0.951793	0.237326	0.119778	0.083351	0.063924	
28	0.058063	2	8	92.657672	98.031898	1.217775	0.301054	0.154502	0.106804	0.082553	
28	0.054930	2	16	88.475873	98.574821	1.574156	0.390112	0.204449	0.141063	0.107285	

28	0.056797	3	1	97.270361	97.726501	0.822960	0.200423	0.105483	0.073931	0.057408	
28	0.057302	3	2	95.274777	99.015953	0.994969	0.243328	0.125205	0.086498	0.066816	
28	0.057084	3	4	91.822340	99.372246	1.284647	0.316510	0.163030	0.112421	0.087112	
28	0.057826	3	8	85.494419	99.575844	1.815589	0.452580	0.237211	0.162000	0.124366	
28	0.057074	3	16	76.652618	99.711571	2.554517	0.636178	0.328897	0.230699	0.176307	

28	0.056846	4	1	94.083395	99.474045	1.092151	0.270612	0.137639	0.098242	0.076705	
28	0.060641	4	2	90.457361	99.796402	1.396814	0.344886	0.180774	0.124585	0.094906	
28	0.056181	4	4	85.260180	99.864265	1.829586	0.455343	0.235272	0.164256	0.125274	
28	0.056570	4	8	75.756925	99.932137	2.624951	0.654854	0.343652	0.236869	0.181324	
28	0.056247	4	16	62.849173	99.949104	3.713145	0.931865	0.479555	0.334890	0.255788	

28	0.056055	5	1	88.537162	99.796402	1.549293	0.385883	0.198239	0.138142	0.107637	
28	0.059859	5	2	82.842421	99.983040	2.023063	0.506063	0.260222	0.182279	0.138722	
28	0.056467	5	4	75.995706	99.949104	2.592046	0.659617	0.335781	0.234113	0.178459	
28	0.056437	5	8	64.235346	99.983040	3.593748	0.894367	0.461634	0.323399	0.246133	
28	0.056582	5	16	49.206696	100.000000	4.830123	1.207181	0.622966	0.436979	0.332746	

29	4.325390	1	1	99.586183	69.918564	0.660211	0.163902	0.082146	0.056734	0.043967	
29	0.058021	1	1	99.586183	69.918564	0.667034	0.162409	0.082650	0.057777	0.044025	
29	0.057971	1	2	99.290494	78.656265	0.695252	0.169046	0.085798	0.060187	0.045912	
29	0.058290	1	4	98.731383	84.967766	0.742808	0.180514	0.094498	0.064764	0.049255	
29	0.058762	1	8	97.761279	88.259247	0.825423	0.204207	0.104944	0.072405	0.055076	
29	0.060699	1	16	95.958441	90.702408	0.985223	0.246471	0.123961	0.086885	0.066375	

29	0.057857	2	1	98.888428	91.669495	0.730497	0.179895	0.090666	0.063638	0.048640	
29	0.057929	2	2	98.102933	95.843231	0.801952	0.201350	0.101945	0.070148	0.053481	
29	0.055941	2	4	95.823296	97.353241	0.995269	0.248486	0.127564	0.086681	0.067063	
29	0.058345	2	8	92.683173	98.167625	1.260151	0.312720	0.160282	0.112326	0.085525	
29	0.058096	2	16	88.488930	98.727516	1.619126	0.408598	0.210374	0.144965	0.110359	

29	0.058206	3	1	97.291130	97.845268	0.868470	0.211596	0.110714	0.078028	0.060419	
29	0.057361	3	2	95.301201	99.100784	1.038118	0.254457	0.133053	0.091757	0.069873	
29	0.058051	3	4	91.849183	99.389206	1.327456	0.328427	0.168678	0.116310	0.090233	
29	0.057936	3	8	85.528726	99.609772	1.856782	0.471262	0.237872	0.164114	0.127254	
29	0.058898	3	16	76.670799	99.779442	2.596041	0.649936	0.334323	0.234824	0.178458	

29	0.059219	4	1	94.096664	99.440109	1.144634	0.285544	0.144220	0.100715	0.079563	
29	0.055087	4	2	90.474014	99.745506	1.437920	0.355638	0.183733	0.126683	0.098009	
29	0.056933	4	4	85.276972	99.847305	1.874892	0.473598	0.241040	0.168278	0.128916	
29	0.057260	4	8	75.783441	99.932137	2.660992	0.673833	0.349434	0.240504	0.184043	
29	0.057406	4	16	62.859018	99.949104	3.756669	0.962689	0.491580	0.333319	0.258781	

29	0.060119	5	1	88.538440	99.898201	1.596668	0.396605	0.207589	0.144892	0.109622	
29	0.058691	5	2	82.852880	99.983040	2.069639	0.530429	0.271164	0.186132	0.142442	
29	0.057659	5	4	76.000944	99.949104	2.639766	0.662170	0.345409	0.234054	0.182500	
29	0.057670	5	8	64.252137	99.983040	3.628630	0.902866	0.467711	0.326601	0.249527	
29	0.057483	5	16	49.211459	100.000000	4.870671	1.220875	0.638590	0.440082	0.335171	

30	4.325971	1	1	99.590323	70.936546	0.682315	0.165992	0.085398	0.058893	0.045748	
30	0.059690	1	1	99.590323	70.936546	0.691499	0.169399	0.085494	0.058914	0.045772	
30	0.061742	1	2	99.296914	79.640312	0.717763	0.177415	0.090583	0.061626	0.047713	
30	0.060682	1	4	98.738223	85.408890	0.766710	0.184415	0.095254	0.065712	0.050919	
30	0.058891	1	8	97.769213	88.870033	0.849481	0.211213	0.106263	0.074441	0.056691	
30	0.059588	1	16	95.970363	91.160500	1.006086	0.251119	0.128861	0.088758	0.067640	

30	0.059503	2	1	98.896574	92.144554	0.752595	0.184380	0.094834	0.065072	0.050114	
30	0.064050	2	2	98.115584	95.945030	0.820014	0.203379	0.104084	0.071711	0.054607	
30	0.058714	2	4	95.836247	97.421104	1.011389	0.248447	0.127235	0.089304	0.067993	
30	0.058668	2	8	92.702668	98.218521	1.273435	0.313364	0.164726	0.111339	0.087037	
30	0.060060	2	16	88.511860	98.795387	1.630453	0.405962	0.211705	0.143392	0.111062	

30	0.061314	3	1	97.307566	97.896164	0.883311	0.219753	0.112570	0.079397	0.061541	
30	0.058982	3	2	95.327555	99.168648	1.051244	0.257795	0.134768	0.092970	0.071252	
30	0.062422	3	4	91.867267	99.440109	1.341617	0.337673	0.173211	0.119622	0.091366	
30	0.060257	3	8	85.559248	99.694603	1.867141	0.474429	0.243630	0.167712	0.128440	
30	0.058348	3	16	76.698155	99.830338	2.608926	0.649752	0.334473	0.234929	0.179999	

30	0.057327	4	1	94.117471	99.474045	1.149429	0.284444	0.145473	0.103334	0.080113	
30	0.061595	4	2	90.503991	99.830338	1.449260	0.357734	0.185258	0.127619	0.099324	
30	0.058956	4	4	85.293001	99.915169	1.882859	0.472978	0.240872	0.169040	0.129524	
30	0.058646	4	8	75.813728	99.966064	2.668784	0.666250	0.343989	0.241053	0.184023	
30	0.058730	4	16	62.877106	99.983040	3.757225	0.938478	0.483802	0.332898	0.258014	

30	0.059554	5	1	88.562205	99.898201	1.605467	0.399531	0.205440	0.145730	0.110540	
30	0.060288	5	2	82.888917	99.983040	2.080107	0.527980	0.266289	0.186756	0.142271	
30	0.064972	5	4	76.013120	99.966064	2.643799	0.660837	0.340431	0.237380	0.182021	
30	0.058029	5	8	64.280794	99.983040	3.626564	0.906556	0.473756	0.326840	0.249220	
30	0.061608	5	16	49.221899	100.000000	4.867998	1.221485	0.630678	0.440489	0.335473	

31	4.328102	1	1	99.593863	71.360710	0.683592	0.167387	0.087384	0.059182	0.045932	
31	0.061022	1	1	99.593863	71.360710	0.693393	0.173471	0.087288	0.059179	0.045931	
31	0.061849	1	2	99.304031	80.183235	0.719517	0.177765	0.090734	0.062601	0.047676	
31	0.062800	1	4	98.747468	85.934845	0.768071	0.185681	0.095747	0.065919	0.051070	
31	0.063577	1	8	97.780364	89.192398	0.850366	0.206983	0.108195	0.073296	0.056808	
31	0.061348	1	16	95.975800	91.448936	1.006834	0.247846	0.129166	0.087620	0.067779	

31	0.063134	2	1	98.901665	92.653549	0.750803	0.185121	0.094960	0.065505	0.049955	
31	0.064804	2	2	98.129754	96.182564	0.819408	0.203579	0.103993	0.071719	0.054654	
31	0.061973	2	4	95.851312	97.828300	1.011590	0.248276	0.129608	0.089248	0.068020	
31	0.063415	2	8	92.722035	98.320320	1.274610	0.315843	0.162016	0.113558	0.086437	
31	0.063447	2	16	88.518903	98.931114	1.634327	0.403980	0.210462	0.146031	0.111173	

31	0.062529	3	1	97.314046	98.048866	0.882896	0.217837	0.110984	0.078261	0.061511	
31	0.062181	3	2	95.343141	99.202576	1.050126	0.265138	0.134878	0.091292	0.070799	
31	0.063333	3	4	91.880356	99.507973	1.340881	0.331949	0.173395	0.117557	0.091026	
31	0.060301	3	8	85.574876	99.677643	1.865144	0.464259	0.239303	0.166067	0.127897	
31	0.063732	3	16	76.683030	99.847305	2.604294	0.650959	0.341110	0.231777	0.179536	

31	0.062909	4	1	94.115251	99.541908	1.149161	0.282838	0.148262	0.103653	0.080918	
31	0.061385	4	2	90.512654	99.847305	1.449438	0.366003	0.185419	0.127891	0.098719	
31	0.062304	4	4	85.297976	99.915169	1.882896	0.468468	0.241136	0.168038	0.128934	
31	0.062308	4	8	75.827357	99.983040	2.666250	0.665277	0.348354	0.240962	0.184471	
31	0.063222	4	16	62.851522	100.000000	3.758630	0.940451	0.484482	0.339266	0.258293	

31	0.062045	5	1	88.548714	99.881241	1.607806	0.404641	0.208960	0.146434	0.112291	
31	0.063170	5	2	82.894359	99.983040	2.075404	0.518639	0.266342	0.185553	0.143487	
31	0.062838	5	4	76.009667	99.966064	2.641751	0.672916	0.340165	0.235020	0.181867	
31	0.060274	5	8	64.294751	99.983040	3.626206	0.907518	0.472172	0.322312	0.248985	
31	0.061099	5	16	49.205094	100.000000	4.868757	1.222441	0.632628	0.433356	0.336226	

32	4.322668	1	1	99.596771	72.005424	0.683358	0.170055	0.085750	0.060165	0.045840	
32	0.056943	1	1	99.596771	72.005424	0.692650	0.169932	0.087036	0.059724	0.045798	
32	0.057452	1	2	99.308291	80.844925	0.726911	0.178169	0.090652	0.062492	0.047585	
32	0.059414	1	4	98.752037	86.443840	0.774345	0.189391	0.097023	0.065784	0.050948	
32	0.059170	1	8	97.788972	89.463860	0.848463	0.210328	0.107780	0.074401	0.056581	
32	0.058290	1	16	95.994036	91.890053	1.014466	0.245182	0.128389	0.087179	0.067582	

32	0.057457	2	1	98.907896	92.687485	0.751018	0.183685	0.095326	0.066054	0.050083	
32	0.058795	2	2	98.140771	96.250427	0.818603	0.203221	0.104000	0.071182	0.054660	
32	0.058657	2	4	95.866746	97.879204	1.011322	0.252974	0.127571	0.089267	0.068009	
32	0.061747	2	8	92.740515	98.422119	1.275166	0.313632	0.164654	0.111729	0.087057	
32	0.059902	2	16	88.549425	99.032913	1.631694	0.404032	0.212057	0.146145	0.111338	

32	0.058409	3	1	97.322769	98.405159	0.883856	0.221111	0.111175	0.078240	0.061521	
32	0.057717	3	2	95.360472	99.321342	1.060200	0.259386	0.134898	0.091560	0.070832	
32	0.058071	3	4	91.897609	99.575844	1.341531	0.338203	0.170351	0.117526	0.091240	
32	0.059050	3	8	85.592438	99.728539	1.868947	0.467134	0.239821	0.167883	0.128062	
32	0.058405	3	16	76.721089	99.898201	2.608618	0.653021	0.336315	0.235707	0.179328	

32	0.058318	4	1	94.125220	99.677643	1.154664	0.286459	0.145449	0.103834	0.080426	
32	0.058979	4	2	90.530857	99.864265	1.452599	0.362597	0.184909	0.129912	0.098875	
32	0.058731	4	4	85.312921	99.915169	1.885918	0.468569	0.241747	0.169480	0.129119	
32	0.057851	4	8	75.840636	99.983040	2.671503	0.669202	0.350719	0.241514	0.184967	
32	0.058071	4	16	62.891667	100.000000	3.766499	0.941331	0.493381	0.335339	0.258962	

32	0.056903	5	1	88.559611	99.932137	1.609028	0.411278	0.209091	0.146399	0.111117	
32	0.058326	5	2	82.905381	99.983040	2.090611	0.525732	0.267043	0.184131	0.143400	
32	0.058336	5	4	76.017504	99.966064	2.649920	0.674744	0.348075	0.237609	0.182606	
32	0.057778	5	8	64.304310	99.983040	3.637121	0.907975	0.469022	0.327860	0.249772	
32	0.058006	5	16	49.243001	100.000000	4.887164	1.223871	0.641543	0.442173	0.336589	

33	4.327571	1	1	99.599831	73.193077	0.745272	0.185852	0.093751	0.064789	0.050128	
33	0.059497	1	1	99.599831	73.193077	0.753065	0.182521	0.093897	0.065841	0.050129	
33	0.059604	1	2	99.306076	81.625381	0.779310	0.192767	0.097140	0.067973	0.051882	
33	0.059243	1	4	98.753274	87.190369	0.828627	0.201798	0.103241	0.072518	0.055196	
33	0.061287	1	8	97.793398	90.278252	0.911073	0.229262	0.116151	0.078920	0.060976	
33	0.059227	1	16	96.009096	92.331184	1.064481	0.261618	0.133972	0.094200	0.071684	

33	0.059843	2	1	98.917224	92.857140	0.813382	0.200374	0.101260	0.070160	0.054129	
33	0.059185	2	2	98.144311	96.369186	0.878499	0.212832	0.111816	0.077007	0.058660	
33	0.059781	2	4	95.879762	98.031898	1.068273	0.267421	0.136062	0.093125	0.073223	
33	0.062431	2	8	92.757620	98.574821	1.331232	0.327868	0.171932	0.117511	0.090280	
33	0.059715	2	16	88.581784	99.134712	1.683218	0.416941	0.214820	0.150651	0.114663	

33	0.060318	3	1	97.337959	98.439095	0.943321	0.231724	0.118266	0.083189	0.065430	
33	0.058980	3	2	95.355691	99.423141	1.108603	0.275405	0.142397	0.098149	0.074917	
33	0.064461	3	4	91.911155	99.575844	1.396333	0.344143	0.180549	0.122314	0.094725	
33	0.060746	3	8	85.608421	99.694603	1.918540	0.475251	0.246426	0.169463	0.131329	
33	0.060229	3	16	76.758483	99.864265	2.652093	0.667556	0.346297	0.235175	0.182141	

33	0.061440	4	1	94.148371	99.694603	1.206539	0.302509	0.155322	0.106614	0.084178	
33	0.059118	4	2	90.513517	99.881241	1.506799	0.376127	0.195343	0.132495	0.102551	
33	0.058845	4	4	85.328642	99.932137	1.936479	0.480578	0.247701	0.171380	0.132381	
33	0.060997	4	8	75.849396	99.983040	2.718700	0.681213	0.356619	0.241561	0.188558	
33	0.059901	4	16	62.922254	100.000000	3.805798	0.950919	0.491105	0.343234	0.261908	

33	0.061067	5	1	88.588665	99.949104	1.647694	0.413101	0.216305	0.147966	0.114654	
33	0.059341	5	2	82.860099	99.983040	2.132600	0.535062	0.274053	0.191967	0.146115	
33	0.061384	5	4	76.019784	99.966064	2.687626	0.675887	0.353069	0.239606	0.185413	
33	0.060984	5	8	64.294945	99.983040	3.679211	0.914022	0.480261	0.330972	0.253239	
33	0.059556	5	16	49.268640	100.000000	4.915874	1.227783	0.645403	0.444713	0.338508	

34	4.333679	1	1	99.602323	73.837799	0.713901	0.178863	0.090056	0.061951	0.048047	
34	0.061630	1	1	99.602323	73.837799	0.724368	0.178502	0.091444	0.062778	0.048018	
34	0.062625	1	2	99.308933	82.321007	0.755323	0.186235	0.093453	0.065446	0.049937	
34	0.062991	1	4	98.758240	87.563622	0.800699	0.197082	0.101504	0.069806	0.053198	
34	0.061089	1	8	97.796269	90.583649	0.881131	0.218670	0.112263	0.076031	0.058945	
34	0.062134	1	16	96.014907	92.449951	1.036565	0.253471	0.132954	0.091604	0.069790	

34	0.060880	2	1	98.926999	93.366135	0.783031	0.188503	0.097591	0.068364	0.052134	
34	0.063272	2	2	98.154571	96.640656	0.850521	0.208526	0.107796	0.074639	0.056917	
34	0.062564	2	4	95.890705	98.150665	1.042353	0.260269	0.133721	0.090930	0.070210	
34	0.060578	2	8	92.759669	98.761452	1.307252	0.322135	0.166216	0.114705	0.088646	
34	0.063160	2	16	88.590839	99.168648	1.663285	0.420647	0.215584	0.148938	0.113829	

34	0.062946	3	1	97.354261	98.473022	0.917092	0.228747	0.117110	0.082028	0.063637	
34	0.063403	3	2	95.371060	99.406174	1.083914	0.265421	0.137015	0.095986	0.073111	
34	0.063705	3	4	91.926691	99.558868	1.377827	0.343973	0.174488	0.122525	0.093282	
34	0.061300	3	8	85.607475	99.728539	1.904636	0.479860	0.248412	0.171089	0.130527	
34	0.062831	3	16	76.768522	99.915169	2.642707	0.659717	0.341141	0.234934	0.181585	

34	0.062449	4	1	94.175533	99.762466	1.180247	0.290964	0.149329	0.104807	0.082322	
34	0.061235	4	2	90.538547	99.864265	1.485690	0.374367	0.192763	0.132649	0.101227	
34	0.063399	4	4	85.350777	99.932137	1.921210	0.477273	0.250182	0.172421	0.131369	
34	0.063161	4	8	75.843751	99.983040	2.730229	0.678162	0.351715	0.244818	0.187021	
34	0.063194	4	16	62.927456	100.000000	3.805213	0.951762	0.492721	0.337690	0.262259	

34	0.063067	5	1	88.620826	99.949104	1.641963	0.409587	0.210228	0.149102	0.113068	
34	0.063460	5	2	82.885581	99.966064	2.118736	0.529114	0.275583	0.188408	0.145376	
34	0.062960	5	4	76.040642	99.949104	2.686045	0.671666	0.346844	0.242456	0.185612	
34	0.062415	5	8	64.284897	99.983040	3.679018	0.927186	0.474576	0.331176	0.254487	
34	0.062806	5	16	49.279685	100.000000	4.924838	1.234507	0.646230	0.445023	0.339023	

