=== Intel PCAF digits

5	0.014364	1	1	99.218304	52.281582	0.056398	0.014223	0.007114	0.004768	0.003604	
5	0.005063	1	1	99.218304	52.281582	0.056351	0.014188	0.007109	0.004770	0.003598	
5	0.005019	1	2	98.741996	64.440735	0.059307	0.014948	0.007489	0.005013	0.003782	
5	0.005090	1	4	97.909018	74.012245	0.064230	0.016130	0.008103	0.005497	0.004088	
5	0.004984	1	8	96.480663	81.552589	0.073087	0.018384	0.009228	0.006555	0.004648	
5	0.005150	1	16	94.109591	88.369507	0.088500	0.022207	0.011152	0.007469	0.005626	

5	0.004660	2	1	97.631461	81.552589	0.064532	0.016270	0.008167	0.005467	0.004115	
5	0.005276	2	2	96.218128	88.397331	0.072239	0.018112	0.009087	0.006089	0.004588	
5	0.005125	2	4	93.959051	93.628273	0.084268	0.021111	0.010596	0.007096	0.005366	
5	0.004736	2	8	90.212944	96.967163	0.104754	0.026270	0.013193	0.008818	0.006649	
5	0.005009	2	16	84.249187	98.580971	0.139133	0.034950	0.017505	0.011712	0.008803	

5	0.005141	3	1	94.246274	93.377853	0.081231	0.020440	0.010225	0.006860	0.005171	
5	0.004998	3	2	90.785905	96.633278	0.100055	0.024746	0.012402	0.008302	0.006244	
5	0.005059	3	4	86.157270	98.747917	0.121538	0.030451	0.015273	0.010221	0.007681	
5	0.005023	3	8	78.941361	99.471344	0.161263	0.039816	0.020032	0.013348	0.010051	
5	0.006186	3	16	67.398741	99.777405	0.220613	0.055147	0.027653	0.018466	0.013876	

5	0.005097	4	1	87.824521	97.746239	0.112306	0.028149	0.014123	0.009461	0.007150	
5	0.004045	4	2	80.573953	99.193100	0.148279	0.036882	0.018512	0.012372	0.009323	
5	0.005160	4	4	72.705170	99.610458	0.184548	0.046310	0.023209	0.015492	0.011660	
5	0.005032	4	8	61.396206	99.916527	0.240277	0.060380	0.030246	0.020215	0.015182	
5	0.005143	4	16	46.148498	99.944351	0.316005	0.078137	0.038257	0.026556	0.020377	

5	0.005118	5	1	76.797147	99.554810	0.164433	0.040896	0.020530	0.013746	0.010366	
5	0.006049	5	2	65.027189	99.860878	0.218399	0.054930	0.027534	0.018379	0.013938	
5	0.005032	5	4	54.914380	99.944351	0.264417	0.066595	0.033347	0.022068	0.016741	
5	0.005076	5	8	41.127342	100.000000	0.330156	0.078639	0.038813	0.026829	0.020827	
5	0.005539	5	16	26.113013	100.000000	0.395375	0.094785	0.048408	0.032772	0.025477	

6	0.012754	1	1	99.280066	57.679470	0.061472	0.015414	0.007737	0.005194	0.003916	
6	0.005509	1	1	99.280066	57.679470	0.061442	0.015401	0.007736	0.005188	0.003920	
6	0.004261	1	2	98.812521	69.476906	0.064369	0.016135	0.008104	0.005428	0.004097	
6	0.005066	1	4	98.010198	78.380630	0.069101	0.017352	0.008719	0.006037	0.004404	
6	0.005371	1	8	96.629267	85.503616	0.077816	0.019490	0.009792	0.006551	0.004937	
6	0.005277	1	16	94.291340	91.012802	0.092500	0.023249	0.011679	0.007812	0.005882	

6	0.005573	2	1	97.827460	84.780190	0.068683	0.017272	0.008666	0.005795	0.004371	
6	0.005435	2	2	96.439542	91.485809	0.075976	0.019121	0.009574	0.006399	0.004822	
6	0.005251	2	4	94.242096	95.659431	0.087149	0.021831	0.010965	0.007340	0.005519	
6	0.005413	2	8	90.606762	98.497498	0.106867	0.026600	0.013351	0.008925	0.006725	
6	0.005329	2	16	84.698900	99.165276	0.138503	0.034715	0.017434	0.011647	0.008752	

6	0.005529	3	1	94.573585	94.713417	0.083701	0.020995	0.010550	0.007068	0.005326	
6	0.005321	3	2	91.183565	97.885361	0.100825	0.024962	0.012516	0.008449	0.006301	
6	0.006380	3	4	86.669386	99.053978	0.121873	0.030267	0.015189	0.010159	0.007655	
6	0.005467	3	8	79.470769	99.666115	0.154479	0.038690	0.019370	0.012938	0.009730	
6	0.005540	3	16	68.047510	99.860878	0.209949	0.052512	0.026299	0.017570	0.013189	

6	0.005176	4	1	88.214860	98.553146	0.111786	0.028037	0.014082	0.009435	0.007106	
6	0.005286	4	2	81.059504	99.499168	0.143062	0.035890	0.018001	0.012042	0.009066	
6	0.005550	4	4	73.250605	99.944351	0.177289	0.044343	0.022225	0.014838	0.011145	
6	0.005390	4	8	61.975208	100.000000	0.225787	0.056954	0.028466	0.019002	0.014270	
6	0.005477	4	16	46.759014	99.972176	0.294132	0.074008	0.035583	0.024012	0.018645	

6	0.005510	5	1	77.231897	99.693939	0.157426	0.039416	0.019768	0.013239	0.009976	
6	0.005082	5	2	65.545214	99.916527	0.206148	0.051664	0.025903	0.017315	0.013018	
6	0.005395	5	4	55.426525	99.972176	0.250902	0.061811	0.030940	0.020670	0.015523	
6	0.005601	5	8	41.544100	100.000000	0.303090	0.073769	0.036341	0.024631	0.019284	
6	0.005534	5	16	26.541184	100.000000	0.366104	0.084322	0.044070	0.030337	0.023124	

7	0.012339	1	1	99.330619	63.133003	0.063654	0.016006	0.007999	0.005388	0.004058	
7	0.005644	1	1	99.330619	63.133003	0.063669	0.015948	0.008012	0.005379	0.004054	
7	0.005570	1	2	98.894589	73.873123	0.066304	0.016663	0.008347	0.005593	0.004218	
7	0.005664	1	4	98.120651	82.442963	0.071124	0.017948	0.009014	0.006103	0.004534	
7	0.004920	1	8	96.801671	89.037285	0.079254	0.019897	0.010002	0.006686	0.005038	
7	0.005803	1	16	94.519115	93.489143	0.094340	0.023660	0.011876	0.007946	0.005984	

7	0.005652	2	1	98.001465	88.258209	0.070521	0.017708	0.008882	0.005953	0.004490	
7	0.005562	2	2	96.710782	93.767395	0.077584	0.019437	0.009756	0.006523	0.004919	
7	0.005712	2	4	94.620121	97.050636	0.088598	0.022208	0.011152	0.007450	0.005627	
7	0.005704	2	8	91.095544	98.914856	0.110079	0.027082	0.013566	0.009806	0.006831	
7	0.005526	2	16	85.315704	99.526993	0.140582	0.035245	0.017648	0.011804	0.008870	

7	0.009420	3	1	94.966398	96.299385	0.084960	0.021428	0.010701	0.007161	0.005397	
7	0.006225	3	2	91.708534	98.887032	0.100704	0.025180	0.012653	0.008437	0.006359	
7	0.005337	3	4	87.243467	99.554810	0.121546	0.030439	0.015262	0.010205	0.007672	
7	0.005706	3	8	80.205624	99.805229	0.155783	0.039011	0.019568	0.013052	0.009833	
7	0.005793	3	16	68.877591	99.916527	0.215846	0.053102	0.026622	0.017766	0.013426	

7	0.005667	4	1	88.732754	99.193100	0.115026	0.028213	0.014151	0.009472	0.007152	
7	0.004394	4	2	81.873850	99.833054	0.142706	0.035749	0.017922	0.011990	0.009034	
7	0.005602	4	4	74.066988	99.944351	0.175521	0.044112	0.022106	0.014762	0.011112	
7	0.005795	4	8	62.736351	99.972176	0.225958	0.056704	0.028402	0.018972	0.014272	
7	0.005598	4	16	47.476154	99.972176	0.294345	0.074075	0.035056	0.024131	0.018647	

7	0.005597	5	1	77.784726	99.888702	0.157196	0.039435	0.019870	0.013237	0.009986	
7	0.005709	5	2	66.506345	100.000000	0.204709	0.051069	0.025607	0.017125	0.012861	
7	0.005874	5	4	56.277654	99.972176	0.244019	0.061388	0.030665	0.020452	0.015370	
7	0.005818	5	8	42.187396	100.000000	0.301614	0.075154	0.035596	0.024383	0.018967	
7	0.005694	5	16	26.918495	100.000000	0.364614	0.085203	0.043614	0.030130	0.022922	

8	0.017425	1	1	99.374448	65.247635	0.070763	0.017727	0.008896	0.005959	0.004508	
8	0.005250	1	1	99.374448	65.247635	0.070724	0.017759	0.008913	0.005970	0.004501	
8	0.005226	1	2	98.956205	76.905952	0.075002	0.018361	0.009223	0.006177	0.004657	
8	0.005232	1	4	98.196998	85.225372	0.078096	0.019593	0.009819	0.006576	0.004947	
8	0.005568	1	8	96.898426	92.014465	0.085933	0.021656	0.010814	0.007236	0.005454	
8	0.005234	1	16	94.656380	95.047302	0.100457	0.025361	0.012695	0.008480	0.006387	

8	0.005107	2	1	98.125935	89.899834	0.078708	0.019305	0.009717	0.006497	0.004897	
8	0.005390	2	2	96.862370	95.214249	0.085607	0.020997	0.010545	0.007053	0.005313	
8	0.005213	2	4	94.780719	97.913185	0.094794	0.023778	0.011927	0.007980	0.006007	
8	0.005175	2	8	91.331107	99.304398	0.113364	0.028402	0.014316	0.009521	0.007172	
8	0.005150	2	16	85.700628	99.638283	0.144595	0.036367	0.018200	0.012169	0.009140	

8	0.005286	3	1	95.200781	97.106293	0.090773	0.022844	0.011465	0.007649	0.005779	
8	0.005222	3	2	92.012685	99.220924	0.105811	0.026486	0.013281	0.008883	0.006692	
8	0.005202	3	4	87.447865	99.693939	0.126716	0.031775	0.015917	0.010649	0.008004	
8	0.005391	3	8	80.562731	99.972176	0.159172	0.039922	0.020006	0.013371	0.010053	
8	0.005608	3	16	69.365340	100.000000	0.213299	0.053591	0.026812	0.017930	0.013438	

8	0.006002	4	1	89.146805	99.443520	0.116963	0.029428	0.014722	0.009854	0.007438	
8	0.005559	4	2	82.348775	99.916527	0.146021	0.036675	0.018388	0.012293	0.009257	
8	0.005361	4	4	74.300077	99.916527	0.179509	0.045158	0.022637	0.015101	0.011367	
8	0.004997	4	8	63.115030	100.000000	0.228071	0.057579	0.028843	0.019233	0.014425	
8	0.005335	4	16	47.833057	100.000000	0.296009	0.074509	0.035737	0.024157	0.018763	

8	0.005145	5	1	78.341689	99.916527	0.160415	0.040223	0.020218	0.013476	0.010203	
8	0.005172	5	2	66.984588	100.000000	0.206603	0.051962	0.026057	0.017382	0.013108	
8	0.005569	5	4	56.420494	100.000000	0.248319	0.062063	0.031072	0.020724	0.015709	
8	0.005421	5	8	42.491213	100.000000	0.301635	0.074006	0.035503	0.025055	0.019085	
8	0.005290	5	16	27.094697	100.000000	0.363882	0.084887	0.043615	0.030137	0.022989	

9	0.017729	1	1	99.412134	68.948242	0.077966	0.019525	0.009798	0.006556	0.004948	
9	0.006627	1	1	99.412134	68.948242	0.078044	0.019521	0.009799	0.006561	0.004970	
9	0.005857	1	2	98.990281	79.910965	0.080514	0.020170	0.010135	0.006778	0.005111	
9	0.005638	1	4	98.259881	88.007790	0.085138	0.021359	0.010707	0.007162	0.005395	
9	0.005624	1	8	96.973827	94.045631	0.092948	0.023314	0.011701	0.007826	0.005898	
9	0.008300	1	16	94.752713	96.466331	0.107866	0.026986	0.013587	0.009044	0.006802	

9	0.004785	2	1	98.230375	91.903175	0.084221	0.021127	0.010603	0.007093	0.005343	
9	0.006032	2	2	96.972386	96.271561	0.091100	0.022841	0.011469	0.007663	0.005769	
9	0.005621	2	4	94.903049	98.469673	0.102287	0.025616	0.012834	0.008595	0.006474	
9	0.005845	2	8	91.457600	99.554810	0.121048	0.030356	0.015225	0.010180	0.007652	
9	0.004896	2	16	85.978622	99.805229	0.153114	0.038204	0.019155	0.012799	0.009665	

9	0.005829	3	1	95.393418	98.024490	0.098076	0.024624	0.012349	0.008256	0.006234	
9	0.005471	3	2	92.133560	99.360046	0.113890	0.028609	0.014307	0.009570	0.007213	
9	0.005537	3	4	87.588551	99.833054	0.136202	0.034196	0.017124	0.011446	0.008622	
9	0.005696	3	8	80.683823	100.000000	0.170424	0.042925	0.021551	0.014395	0.010905	
9	0.005604	3	16	69.655721	100.000000	0.226528	0.057063	0.028587	0.019075	0.014313	

9	0.011704	4	1	89.448628	99.693939	0.125950	0.031632	0.015868	0.010616	0.008007	
9	0.005893	4	2	82.369299	99.944351	0.158278	0.039884	0.019964	0.013364	0.010053	
9	0.005511	4	4	74.395085	100.000000	0.194339	0.048998	0.024665	0.016422	0.012326	
9	0.005912	4	8	63.129062	100.000000	0.247183	0.062379	0.031264	0.020865	0.015664	
9	0.005703	4	16	48.010584	100.000000	0.319239	0.077480	0.038876	0.027045	0.020307	

9	0.005921	5	1	78.825435	99.944351	0.173522	0.043461	0.021818	0.014615	0.011011	
9	0.005449	5	2	67.009072	100.000000	0.226522	0.056693	0.028466	0.019016	0.014301	
9	0.004347	5	4	56.486506	100.000000	0.271298	0.068457	0.034304	0.022644	0.017221	
9	0.005581	5	8	42.447617	100.000000	0.338644	0.079711	0.040396	0.027491	0.021296	
9	0.004401	5	16	27.111393	100.000000	0.401498	0.095836	0.049022	0.033393	0.025694	

10	0.013192	1	1	99.441581	71.702835	0.082793	0.020741	0.010405	0.006961	0.005248	
10	0.005840	1	1	99.441581	71.702835	0.082725	0.020749	0.010411	0.006958	0.005241	
10	0.005810	1	2	99.029524	83.055092	0.085331	0.021358	0.010714	0.007165	0.005398	
10	0.005847	1	4	98.314787	90.261551	0.089724	0.022483	0.011272	0.007541	0.005678	
10	0.006163	1	8	97.042954	95.436844	0.097661	0.024507	0.012267	0.008209	0.006171	
10	0.006244	1	16	94.794897	97.579300	0.113261	0.028057	0.014080	0.009413	0.007083	

10	0.009109	2	1	98.278760	93.322205	0.089083	0.022409	0.011205	0.007487	0.005651	
10	0.005984	2	2	97.060407	96.994987	0.095360	0.023882	0.011966	0.008001	0.006028	
10	0.006203	2	4	95.026573	98.747917	0.105945	0.026544	0.013319	0.009119	0.006706	
10	0.005807	2	8	91.632318	99.721756	0.124268	0.031117	0.015618	0.010434	0.007854	
10	0.005917	2	16	86.046527	99.860878	0.154916	0.038864	0.019459	0.013012	0.009785	

10	0.006044	3	1	95.478834	98.553146	0.102153	0.025539	0.012804	0.008556	0.006450	
10	0.005894	3	2	92.282091	99.693939	0.116268	0.029121	0.014598	0.009759	0.007354	
10	0.006989	3	4	87.809150	99.944351	0.136354	0.034160	0.017108	0.011441	0.008606	
10	0.006179	3	8	80.948455	100.000000	0.167831	0.042027	0.021068	0.014055	0.010577	
10	0.006007	3	16	69.653174	100.000000	0.219608	0.055113	0.027607	0.018428	0.013870	

10	0.005927	4	1	89.550011	99.833054	0.127077	0.031810	0.015965	0.010679	0.008048	
10	0.006039	4	2	82.613421	99.972176	0.155114	0.038908	0.019516	0.013044	0.009820	
10	0.005850	4	4	74.728815	100.000000	0.186500	0.046835	0.023481	0.015667	0.011777	
10	0.006017	4	8	63.429181	100.000000	0.232777	0.058487	0.029315	0.019598	0.014717	
10	0.005831	4	16	47.847700	100.000000	0.296685	0.073402	0.037866	0.024732	0.018848	

10	0.005930	5	1	78.989149	99.972176	0.167059	0.041842	0.021001	0.014031	0.010593	
10	0.006974	5	2	67.348755	100.000000	0.211678	0.052998	0.027058	0.017767	0.013337	
10	0.005976	5	4	56.865942	100.000000	0.250010	0.063195	0.031389	0.020961	0.015745	
10	0.005959	5	8	42.701899	100.000000	0.301620	0.075763	0.036237	0.024960	0.019035	
10	0.006004	5	16	26.859324	100.000000	0.360165	0.085769	0.043384	0.029923	0.022805	

11	0.018252	1	1	99.448845	74.401779	0.090812	0.022762	0.011430	0.007642	0.005772	
11	0.006133	1	1	99.448845	74.401779	0.090884	0.022753	0.011428	0.007633	0.005762	
11	0.006156	1	2	99.043207	85.475792	0.093441	0.023479	0.011759	0.007879	0.005922	
11	0.006195	1	4	98.324830	91.764053	0.097984	0.024583	0.012329	0.008251	0.006218	
11	0.006166	1	8	97.070480	96.215912	0.105675	0.026526	0.013355	0.008900	0.006686	
11	0.006288	1	16	94.827241	97.746239	0.120265	0.030145	0.015122	0.010117	0.007599	

11	0.004067	2	1	98.314976	94.602112	0.097221	0.024422	0.012229	0.008180	0.006158	
11	0.006364	2	2	97.107831	97.412354	0.103404	0.025922	0.012998	0.008695	0.006550	
11	0.006426	2	4	95.063007	99.248749	0.114488	0.028672	0.014378	0.009613	0.007230	
11	0.006320	2	8	91.713512	99.805229	0.132535	0.033244	0.016655	0.011138	0.008372	
11	0.006283	2	16	86.145771	99.888702	0.163620	0.041014	0.020576	0.013741	0.010328	

11	0.006393	3	1	95.561426	98.914856	0.110020	0.027580	0.013832	0.009246	0.006983	
11	0.008207	3	2	92.385571	99.582634	0.124467	0.031215	0.015650	0.010450	0.007873	
11	0.006159	3	4	87.816835	99.972176	0.145892	0.036474	0.018281	0.012228	0.009197	
11	0.006152	3	8	81.019460	100.000000	0.177202	0.044475	0.022308	0.014885	0.011200	
11	0.006429	3	16	69.728706	100.000000	0.234436	0.058126	0.029088	0.019441	0.017840	

11	0.006367	4	1	89.639314	99.805229	0.135766	0.034058	0.017096	0.011433	0.008628	
11	0.006398	4	2	82.765795	100.000000	0.165517	0.041435	0.020793	0.013863	0.010441	
11	0.006261	4	4	74.673210	100.000000	0.201812	0.050068	0.025088	0.016753	0.012596	
11	0.006309	4	8	63.511075	100.000000	0.250289	0.062222	0.031154	0.020819	0.015687	
11	0.006445	4	16	47.896638	100.000000	0.317395	0.078236	0.037881	0.025890	0.020088	

11	0.006317	5	1	79.088858	99.944351	0.178357	0.044918	0.022416	0.015005	0.011334	
11	0.006206	5	2	67.540416	100.000000	0.225276	0.056472	0.028253	0.018851	0.014197	
11	0.006175	5	4	56.833395	100.000000	0.268059	0.067184	0.033227	0.022130	0.016900	
11	0.006235	5	8	42.776223	100.000000	0.324038	0.077901	0.038743	0.026773	0.020388	
11	0.006451	5	16	26.888727	100.000000	0.385339	0.091187	0.045919	0.031521	0.024474	

12	0.017063	1	1	99.460198	76.460770	0.096506	0.024202	0.012143	0.008119	0.006127	
12	0.005648	1	1	99.460198	76.460770	0.096463	0.024176	0.012117	0.008112	0.006124	
12	0.005857	1	2	99.062130	87.367836	0.098599	0.024708	0.012428	0.008321	0.006258	
12	0.005610	1	4	98.345486	93.516975	0.102469	0.025838	0.012963	0.008663	0.006524	
12	0.005799	1	8	97.101426	97.245407	0.109694	0.027676	0.013878	0.009283	0.006981	
12	0.005940	1	16	94.866193	98.247078	0.124143	0.031197	0.015653	0.010452	0.007894	

12	0.005923	2	1	98.354816	95.242073	0.102379	0.025646	0.012859	0.008628	0.006500	
12	0.005609	2	2	97.156391	98.107956	0.108314	0.027162	0.013602	0.009100	0.006858	
12	0.005598	2	4	95.098874	99.610458	0.118749	0.029828	0.014975	0.009988	0.007526	
12	0.006022	2	8	91.763236	99.860878	0.136298	0.034185	0.017182	0.011449	0.008616	
12	0.005637	2	16	86.185451	99.944351	0.166659	0.041865	0.020978	0.014045	0.010548	

12	0.006906	3	1	95.651499	99.248749	0.114740	0.028733	0.014423	0.009645	0.007267	
12	0.005947	3	2	92.501861	99.749580	0.130603	0.032353	0.016224	0.010827	0.008163	
12	0.005699	3	4	87.868859	99.972176	0.150047	0.037505	0.018794	0.012582	0.009455	
12	0.005825	3	8	81.028499	100.000000	0.181168	0.045554	0.022773	0.015207	0.011431	
12	0.005682	3	16	69.727221	100.000000	0.236517	0.058622	0.029366	0.019671	0.014769	

12	0.005544	4	1	89.820698	99.944351	0.138539	0.034867	0.017808	0.011731	0.008834	
12	0.005710	4	2	82.929581	100.000000	0.167544	0.042016	0.021280	0.014075	0.010589	
12	0.005425	4	4	74.691056	100.000000	0.200775	0.050451	0.025274	0.016878	0.012682	
12	0.005592	4	8	63.485092	100.000000	0.247261	0.062004	0.031060	0.020745	0.015576	
12	0.005284	4	16	47.804221	100.000000	0.312167	0.076595	0.039124	0.025737	0.019800	

12	0.005885	5	1	79.309385	99.972176	0.179405	0.044935	0.022548	0.015072	0.011358	
12	0.005904	5	2	67.680767	100.000000	0.224721	0.056219	0.028215	0.018830	0.014159	
12	0.005789	5	4	56.815360	100.000000	0.265541	0.066495	0.033263	0.021893	0.016701	
12	0.005751	5	8	42.750502	100.000000	0.318413	0.076737	0.037389	0.025792	0.020018	
12	0.005911	5	16	26.775655	100.000000	0.378899	0.089264	0.044917	0.031490	0.023935	

13	0.014478	1	1	99.467782	78.491936	0.107044	0.026877	0.013423	0.008986	0.006810	
13	0.006125	1	1	99.467782	78.491936	0.107324	0.026908	0.013477	0.008998	0.006769	
13	0.006076	1	2	99.075129	88.731216	0.109571	0.027319	0.013734	0.009179	0.006898	
13	0.007163	1	4	98.363841	94.685585	0.113976	0.028546	0.014277	0.009591	0.007190	
13	0.006200	1	8	97.123435	97.718414	0.122002	0.030580	0.015283	0.010205	0.007689	
13	0.006226	1	16	94.903282	98.636612	0.136438	0.033962	0.017043	0.011404	0.008558	

13	0.006248	2	1	98.372720	95.909851	0.113414	0.028242	0.014280	0.009500	0.007170	
13	0.006172	2	2	97.186624	98.553146	0.119575	0.029946	0.014975	0.010013	0.007525	
13	0.006411	2	4	95.143372	99.721756	0.129873	0.032550	0.016294	0.010903	0.008192	
13	0.006174	2	8	91.812945	99.916527	0.148350	0.037078	0.018566	0.012397	0.009340	
13	0.007043	2	16	86.281099	99.972176	0.178204	0.044628	0.022387	0.014963	0.011241	

13	0.006230	3	1	95.685896	99.471344	0.124488	0.031435	0.015716	0.010515	0.007928	
13	0.011824	3	2	92.566956	99.888702	0.139686	0.034907	0.017516	0.011721	0.008801	
13	0.005917	3	4	87.938598	100.000000	0.159773	0.040173	0.020142	0.013459	0.010136	
13	0.006117	3	8	81.096273	100.000000	0.192085	0.048092	0.024040	0.016057	0.012062	
13	0.006192	3	16	69.834297	100.000000	0.243849	0.061105	0.030618	0.020424	0.015350	

13	0.008482	4	1	89.951238	99.916527	0.149133	0.037202	0.018670	0.012476	0.009385	
13	0.006176	4	2	83.099816	100.000000	0.178063	0.044489	0.022285	0.014895	0.011197	
13	0.006045	4	4	74.847404	100.000000	0.211664	0.052913	0.026504	0.017686	0.013292	
13	0.006017	4	8	63.568775	100.000000	0.257793	0.064690	0.032407	0.021634	0.016267	
13	0.006203	4	16	47.893188	100.000000	0.325020	0.078305	0.038854	0.026760	0.020411	

13	0.006065	5	1	79.509314	99.944351	0.188714	0.047349	0.023783	0.015885	0.011992	
13	0.006002	5	2	67.924598	100.000000	0.235013	0.058618	0.029399	0.019651	0.014758	
13	0.006235	5	4	56.996293	100.000000	0.275279	0.069004	0.033764	0.022599	0.017339	
13	0.006004	5	8	42.829644	100.000000	0.327856	0.079243	0.039306	0.027107	0.020652	
13	0.006018	5	16	26.815087	100.000000	0.386437	0.092077	0.046686	0.031637	0.024540	

14	0.018675	1	1	99.471727	79.604897	0.110535	0.027710	0.013924	0.009312	0.007003	
14	0.006365	1	1	99.471727	79.604897	0.110797	0.027698	0.013885	0.009290	0.006998	
14	0.008193	1	2	99.086046	89.565948	0.112446	0.028241	0.014141	0.009470	0.007128	
14	0.006488	1	4	98.373652	95.186424	0.118002	0.029310	0.014685	0.009814	0.007390	
14	0.006478	1	8	97.128952	97.801895	0.126154	0.031360	0.015722	0.010521	0.007931	
14	0.006683	1	16	94.920255	98.887032	0.139510	0.034911	0.017601	0.011706	0.008800	

14	0.006514	2	1	98.387174	96.688927	0.116742	0.029219	0.014659	0.009803	0.007550	
14	0.007933	2	2	97.205663	98.775742	0.122744	0.030703	0.015393	0.010282	0.007747	
14	0.009056	2	4	95.166516	99.805229	0.133379	0.033377	0.016722	0.011189	0.008405	
14	0.006513	2	8	91.802116	99.944351	0.151561	0.037925	0.019049	0.012697	0.009554	
14	0.006565	2	16	86.298276	100.000000	0.181772	0.045507	0.022807	0.015244	0.011522	

14	0.006661	3	1	95.708632	99.693939	0.129291	0.032336	0.016207	0.010844	0.008172	
14	0.006444	3	2	92.585835	99.916527	0.143262	0.035812	0.017954	0.011999	0.009021	
14	0.006647	3	4	87.931669	100.000000	0.164305	0.041113	0.020568	0.013758	0.010338	
14	0.006505	3	8	81.041323	100.000000	0.196096	0.049110	0.024608	0.016428	0.012340	
14	0.006459	3	16	69.819202	100.000000	0.248028	0.062195	0.031147	0.020793	0.015613	

14	0.006547	4	1	89.967963	99.916527	0.153952	0.038483	0.019271	0.012899	0.009731	
14	0.006629	4	2	83.104008	100.000000	0.182064	0.045588	0.022851	0.015291	0.011482	
14	0.006398	4	4	74.829063	100.000000	0.216053	0.054016	0.027057	0.018092	0.013566	
14	0.006320	4	8	63.478265	100.000000	0.262271	0.065888	0.032974	0.021843	0.016547	
14	0.006433	4	16	47.863450	100.000000	0.329878	0.078569	0.038732	0.026813	0.020809	

14	0.006419	5	1	79.519809	99.972176	0.193976	0.048604	0.024345	0.016303	0.012270	
14	0.006603	5	2	67.894248	100.000000	0.239541	0.059904	0.030037	0.020050	0.015078	
14	0.006762	5	4	56.945565	100.000000	0.280210	0.070210	0.033989	0.022847	0.017646	
14	0.006938	5	8	42.735218	100.000000	0.332853	0.079323	0.040013	0.027584	0.021114	
14	0.006417	5	16	26.789963	100.000000	0.392794	0.090456	0.046471	0.032164	0.024898	

15	0.017963	1	1	99.481145	81.107399	0.120004	0.030301	0.015087	0.010079	0.007605	
15	0.006753	1	1	99.481145	81.107399	0.120268	0.030128	0.015099	0.010098	0.007615	
15	0.006752	1	2	99.097051	90.818031	0.122304	0.030610	0.015340	0.010255	0.007728	
15	0.006836	1	4	98.384190	96.076790	0.126569	0.037043	0.015910	0.010622	0.011095	
15	0.006622	1	8	97.150510	98.247078	0.134430	0.033613	0.016860	0.011284	0.008470	
15	0.006807	1	16	94.956092	99.193100	0.148401	0.037255	0.018669	0.012439	0.009348	

15	0.006623	2	1	98.418208	97.189758	0.130639	0.031519	0.015819	0.010578	0.007955	
15	0.008241	2	2	97.248648	99.137451	0.131795	0.033044	0.016555	0.011063	0.008332	
15	0.006925	2	4	95.193489	99.944351	0.142646	0.035718	0.017898	0.011956	0.009035	
15	0.006969	2	8	91.853470	100.000000	0.160744	0.040244	0.020175	0.013484	0.010127	
15	0.006945	2	16	86.363269	100.000000	0.191032	0.047862	0.023977	0.016009	0.012039	

15	0.005773	3	1	95.782520	99.721756	0.138243	0.034674	0.017362	0.011604	0.008741	
15	0.006768	3	2	92.673624	99.916527	0.152463	0.038200	0.019132	0.012786	0.009613	
15	0.006884	3	4	87.949559	100.000000	0.174161	0.043630	0.021832	0.014563	0.010961	
15	0.006817	3	8	81.111382	100.000000	0.206152	0.051569	0.025830	0.017244	0.012967	
15	0.006866	3	16	69.876713	100.000000	0.258542	0.064747	0.032576	0.021634	0.016245	

15	0.006920	4	1	90.071720	99.916527	0.162863	0.040823	0.020483	0.013744	0.010306	
15	0.006731	4	2	83.245814	100.000000	0.191671	0.048078	0.024071	0.016081	0.012111	
15	0.006831	4	4	74.840955	100.000000	0.225763	0.056683	0.028404	0.018948	0.014248	
15	0.006764	4	8	63.562662	100.000000	0.272719	0.068521	0.034026	0.022664	0.017253	
15	0.006715	4	16	47.929477	100.000000	0.340067	0.081372	0.040792	0.028159	0.021474	

15	0.007882	5	1	79.679650	99.972176	0.203638	0.050953	0.025548	0.017076	0.012862	
15	0.006784	5	2	68.088544	100.000000	0.249590	0.062681	0.031277	0.020820	0.015743	
15	0.006747	5	4	56.951897	100.000000	0.291285	0.072923	0.035265	0.023545	0.018334	
15	0.006753	5	8	42.830590	100.000000	0.343944	0.081382	0.041303	0.028472	0.021687	
15	0.006811	5	16	26.814112	100.000000	0.400330	0.095716	0.048558	0.033590	0.025550	

16	0.017787	1	1	99.488132	81.914299	0.128686	0.031922	0.015974	0.010665	0.008034	
16	0.006147	1	1	99.488132	81.914299	0.127202	0.031855	0.015973	0.010676	0.008047	
16	0.006202	1	2	99.101825	91.652756	0.129465	0.032333	0.016227	0.010841	0.008144	
16	0.006240	1	4	98.392881	96.688927	0.133261	0.033373	0.016731	0.011176	0.008404	
16	0.006431	1	8	97.156653	98.497498	0.141754	0.035362	0.017730	0.011844	0.008901	
16	0.006359	1	16	94.960255	99.220924	0.154768	0.038784	0.019418	0.012952	0.009741	

16	0.006139	2	1	98.432546	97.161934	0.133833	0.033461	0.016768	0.011199	0.008444	
16	0.006373	2	2	97.258342	99.248749	0.139777	0.034929	0.017521	0.011699	0.008791	
16	0.006152	2	4	95.209341	99.972176	0.150243	0.037585	0.018836	0.012585	0.009456	
16	0.006393	2	8	91.843281	100.000000	0.168177	0.042022	0.021085	0.014089	0.010605	
16	0.004872	2	16	86.320081	100.000000	0.197807	0.049613	0.024853	0.016585	0.012457	

16	0.007248	3	1	95.802913	99.833054	0.145615	0.036431	0.018266	0.012206	0.009196	
16	0.006537	3	2	92.691309	99.916527	0.159550	0.039980	0.020007	0.013354	0.010043	
16	0.006233	3	4	87.959806	100.000000	0.180947	0.045221	0.022639	0.015132	0.011370	
16	0.006234	3	8	81.057219	100.000000	0.212133	0.053104	0.026564	0.017749	0.013342	
16	0.006362	3	16	69.767003	100.000000	0.263976	0.066164	0.033117	0.021923	0.016618	

16	0.006332	4	1	90.135971	99.944351	0.169311	0.042415	0.021285	0.014202	0.010701	
16	0.006439	4	2	83.264810	100.000000	0.198184	0.049659	0.024832	0.016615	0.012499	
16	0.006358	4	4	74.848525	100.000000	0.233037	0.058151	0.029104	0.019428	0.014605	
16	0.006453	4	8	63.484044	100.000000	0.277914	0.070209	0.033876	0.023151	0.017763	
16	0.006467	4	16	47.797234	100.000000	0.343192	0.081454	0.041331	0.028501	0.021720	

16	0.006493	5	1	79.772985	99.972176	0.209369	0.052424	0.026294	0.017554	0.013235	
16	0.006204	5	2	68.075691	100.000000	0.255400	0.063887	0.032021	0.021363	0.016112	
16	0.006514	5	4	56.926336	100.000000	0.296918	0.074174	0.035609	0.024075	0.018712	
16	0.006498	5	8	42.732365	100.000000	0.349974	0.081586	0.041155	0.028390	0.022033	
16	0.006166	5	16	26.733078	100.000000	0.406483	0.096383	0.049449	0.033438	0.026012	

17	0.016944	1	1	99.493881	83.695045	0.135182	0.033839	0.016952	0.011342	0.008544	
17	0.006608	1	1	99.493881	83.695045	0.135186	0.033845	0.016968	0.011358	0.008546	
17	0.006692	1	2	99.107939	91.958824	0.137050	0.034376	0.017185	0.011504	0.008641	
17	0.006715	1	4	98.399867	97.106293	0.141252	0.035598	0.017703	0.011835	0.008899	
17	0.006530	1	8	97.159025	98.692261	0.148801	0.037315	0.018673	0.012475	0.009380	
17	0.006709	1	16	94.967737	99.360046	0.162066	0.040666	0.020347	0.013591	0.010227	

17	0.006755	2	1	98.453856	97.885361	0.140926	0.035402	0.017733	0.011860	0.008904	
17	0.006512	2	2	97.286174	99.387863	0.147002	0.036809	0.018545	0.012315	0.009256	
17	0.006881	2	4	95.209821	99.944351	0.157640	0.039464	0.019744	0.013217	0.009916	
17	0.006585	2	8	91.841141	100.000000	0.175446	0.043964	0.022058	0.014804	0.011088	
17	0.006753	2	16	86.346413	100.000000	0.205763	0.051682	0.025853	0.017235	0.012958	

17	0.006781	3	1	95.847688	99.833054	0.152988	0.038337	0.019195	0.012836	0.009665	
17	0.006239	3	2	92.751703	99.944351	0.166990	0.041820	0.020957	0.014000	0.010523	
17	0.007761	3	4	87.966080	100.000000	0.190657	0.047247	0.023639	0.015786	0.011858	
17	0.006867	3	8	81.035821	100.000000	0.220824	0.055489	0.027658	0.018473	0.013874	
17	0.006596	3	16	69.778619	100.000000	0.273369	0.068381	0.033726	0.022555	0.017199	

17	0.006616	4	1	90.205491	99.972176	0.176823	0.044324	0.022229	0.014853	0.011194	
17	0.006624	4	2	83.368887	100.000000	0.205689	0.051558	0.025842	0.017271	0.013007	
17	0.006533	4	4	74.814434	100.000000	0.240837	0.060386	0.030220	0.020247	0.015169	
17	0.006606	4	8	63.437100	100.000000	0.287053	0.072225	0.035305	0.023824	0.018181	
17	0.005499	4	16	47.798966	100.000000	0.352554	0.083693	0.042493	0.029311	0.022348	

17	0.006626	5	1	79.888590	99.972176	0.219383	0.054399	0.027281	0.018253	0.013734	
17	0.006479	5	2	68.225882	100.000000	0.263218	0.065990	0.033054	0.021940	0.016622	
17	0.006760	5	4	56.896685	100.000000	0.306232	0.075961	0.036624	0.025282	0.019572	
17	0.006384	5	8	42.708318	100.000000	0.359081	0.084152	0.042590	0.029198	0.022678	
17	0.006610	5	16	26.744548	100.000000	0.413483	0.097708	0.049840	0.034568	0.026804	

18	0.018556	1	1	99.496953	85.281029	0.144341	0.035708	0.017892	0.011958	0.009011	
18	0.006872	1	1	99.496953	85.281029	0.142542	0.035738	0.017926	0.011961	0.009020	
18	0.007124	1	2	99.112859	93.183083	0.145035	0.036209	0.018137	0.012115	0.009118	
18	0.006431	1	4	98.408179	97.551476	0.148464	0.037185	0.018634	0.012448	0.009359	
18	0.007038	1	8	97.170175	99.109627	0.156105	0.039129	0.019604	0.013077	0.009833	
18	0.009438	1	16	94.990721	99.499168	0.170163	0.042544	0.021286	0.014211	0.010690	

18	0.007152	2	1	98.474410	98.330551	0.150265	0.037110	0.018644	0.012448	0.009363	
18	0.006964	2	2	97.311851	99.610458	0.153943	0.038511	0.019302	0.012883	0.009696	
18	0.007005	2	4	95.222616	99.972176	0.164290	0.041174	0.020641	0.013786	0.010374	
18	0.007077	2	8	91.857531	100.000000	0.182452	0.045688	0.022911	0.015286	0.011634	
18	0.006947	2	16	86.397680	100.000000	0.212381	0.053170	0.026616	0.017782	0.013363	

18	0.006929	3	1	95.883539	99.888702	0.162320	0.040046	0.020087	0.013415	0.010103	
18	0.006819	3	2	92.781747	99.972176	0.174103	0.043560	0.021848	0.014579	0.010956	
18	0.006984	3	4	87.966895	100.000000	0.196010	0.049104	0.024580	0.016399	0.012317	
18	0.006837	3	8	81.023958	100.000000	0.227748	0.056984	0.028529	0.019057	0.014324	
18	0.006874	3	16	69.843089	100.000000	0.280103	0.070027	0.034553	0.023217	0.017615	

18	0.007178	4	1	90.281227	99.972176	0.184147	0.046185	0.023120	0.015451	0.011656	
18	0.006978	4	2	83.439819	100.000000	0.213146	0.053371	0.026756	0.017883	0.013424	
18	0.007144	4	4	74.801028	100.000000	0.248513	0.062187	0.031170	0.020799	0.015653	
18	0.007022	4	8	63.401001	100.000000	0.295758	0.073829	0.035318	0.024503	0.018644	
18	0.007073	4	16	47.857802	100.000000	0.361619	0.083104	0.043418	0.029919	0.022810	

18	0.007068	5	1	80.007208	100.000000	0.224902	0.056318	0.028179	0.018861	0.014205	
18	0.007097	5	2	68.335679	100.000000	0.271548	0.067935	0.033993	0.022219	0.017100	
18	0.006929	5	4	56.874298	100.000000	0.315895	0.080291	0.039551	0.027425	0.020923	
18	0.007115	5	8	42.677197	100.000000	0.368915	0.085948	0.044114	0.030517	0.023241	
18	0.007108	5	16	26.798421	100.000000	0.426845	0.101845	0.051789	0.035058	0.027207	

19	0.013422	1	1	99.502397	85.587090	0.149660	0.037404	0.018760	0.012546	0.009448	
19	0.008358	1	1	99.502397	85.587090	0.149449	0.037470	0.018770	0.012536	0.009447	
19	0.007499	1	2	99.122029	93.628273	0.151156	0.037936	0.018984	0.012667	0.009525	
19	0.007487	1	4	98.418325	97.495827	0.155059	0.038855	0.019470	0.012997	0.009783	
19	0.006751	1	8	97.179477	99.165276	0.162650	0.040733	0.020448	0.013644	0.010270	
19	0.007357	1	16	95.009732	99.415695	0.176295	0.044127	0.022148	0.014774	0.011098	

19	0.008370	2	1	98.477860	98.497498	0.155231	0.038884	0.019487	0.013027	0.009799	
19	0.007581	2	2	97.323394	99.638283	0.161234	0.040408	0.020195	0.013509	0.010159	
19	0.007288	2	4	95.248919	100.000000	0.171623	0.042952	0.021507	0.014372	0.010797	
19	0.007370	2	8	91.884751	100.000000	0.189634	0.047491	0.023781	0.015880	0.011931	
19	0.008430	2	16	86.428961	100.000000	0.219848	0.054998	0.027567	0.018398	0.013820	

19	0.007413	3	1	95.889158	99.916527	0.167444	0.041924	0.021009	0.014035	0.010580	
19	0.007409	3	2	92.798559	100.000000	0.181677	0.045417	0.022741	0.015206	0.011418	
19	0.007277	3	4	88.006051	100.000000	0.203354	0.050841	0.025453	0.017002	0.012779	
19	0.008316	3	8	81.051469	100.000000	0.235206	0.058814	0.029451	0.019689	0.014786	
19	0.007062	3	16	69.867951	100.000000	0.287856	0.072158	0.034855	0.023359	0.018101	

19	0.007556	4	1	90.237049	99.972176	0.191997	0.048066	0.024090	0.016088	0.012117	
19	0.007214	4	2	83.442017	100.000000	0.220966	0.055294	0.027684	0.018502	0.014121	
19	0.007533	4	4	74.838321	100.000000	0.256451	0.064141	0.032199	0.021447	0.016115	
19	0.007279	4	8	63.411525	100.000000	0.303947	0.074968	0.036035	0.025102	0.019124	
19	0.007239	4	16	47.877148	100.000000	0.370474	0.085970	0.043737	0.030143	0.023365	

19	0.007229	5	1	79.978605	100.000000	0.232524	0.058196	0.029195	0.019519	0.014691	
19	0.007433	5	2	68.368401	100.000000	0.279196	0.069876	0.034405	0.022634	0.017603	
19	0.007286	5	4	56.895389	100.000000	0.323182	0.077694	0.038668	0.026205	0.020312	
19	0.007180	5	8	42.673049	100.000000	0.376825	0.089158	0.045200	0.030591	0.023754	
19	0.007395	5	16	26.802176	100.000000	0.433546	0.101626	0.052891	0.035845	0.027792	

20	0.017441	1	1	99.503940	86.505287	0.158240	0.039617	0.019853	0.013267	0.009994	
20	0.006771	1	1	99.503940	86.505287	0.158050	0.039562	0.019807	0.013248	0.009977	
20	0.006892	1	2	99.125231	94.212570	0.160247	0.040187	0.020078	0.013419	0.010146	
20	0.006899	1	4	98.424380	97.774071	0.164157	0.041025	0.021238	0.014011	0.010312	
20	0.006485	1	8	97.183421	99.165276	0.171656	0.042914	0.021520	0.014363	0.010793	
20	0.006682	1	16	95.026791	99.443520	0.184936	0.046341	0.023233	0.015490	0.011634	

20	0.006861	2	1	98.472881	98.831383	0.164057	0.041044	0.020567	0.013738	0.010338	
20	0.007973	2	2	97.325519	99.693939	0.169690	0.042425	0.021263	0.014225	0.010694	
20	0.006762	2	4	95.262456	100.000000	0.180961	0.045265	0.034170	0.021828	0.018793	
20	0.007164	2	8	91.890486	100.000000	0.201363	0.049769	0.024930	0.016680	0.012517	
20	0.007026	2	16	86.457520	100.000000	0.228845	0.057507	0.028771	0.019190	0.014429	

20	0.006828	3	1	95.863728	99.944351	0.176128	0.044071	0.022084	0.014756	0.011120	
20	0.006895	3	2	92.783465	99.944351	0.193377	0.047832	0.023924	0.015973	0.012013	
20	0.007895	3	4	88.002034	100.000000	0.213282	0.053458	0.026688	0.017818	0.013396	
20	0.006886	3	8	81.029868	100.000000	0.245397	0.061358	0.030727	0.020509	0.015433	
20	0.008413	3	16	69.907340	100.000000	0.298607	0.074769	0.036066	0.024605	0.018759	

20	0.006799	4	1	90.177179	99.972176	0.201710	0.050396	0.025275	0.016892	0.012709	
20	0.006707	4	2	83.424229	100.000000	0.230517	0.057749	0.028907	0.019306	0.014518	
20	0.006680	4	4	74.802571	100.000000	0.266952	0.066786	0.033438	0.022103	0.016790	
20	0.006764	4	8	63.360447	100.000000	0.315723	0.076451	0.037059	0.025830	0.019861	
20	0.006909	4	16	47.900801	100.000000	0.381134	0.089999	0.045908	0.031630	0.024102	

20	0.007010	5	1	79.865300	100.000000	0.243182	0.060860	0.030491	0.020370	0.015487	
20	0.007104	5	2	68.330395	100.000000	0.290594	0.072077	0.034784	0.023994	0.018308	
20	0.008140	5	4	56.832856	100.000000	0.338784	0.080571	0.039359	0.027150	0.021091	
20	0.006945	5	8	42.618463	100.000000	0.389299	0.092125	0.046092	0.032314	0.024638	
20	0.006878	5	16	26.816907	100.000000	0.447751	0.107465	0.053634	0.036939	0.028682	

21	0.018099	1	1	99.506458	87.006119	0.163704	0.041064	0.020571	0.013725	0.010355	
21	0.007180	1	1	99.506458	87.006119	0.164026	0.041026	0.020579	0.013732	0.010353	
21	0.007302	1	2	99.129380	94.657761	0.165589	0.041471	0.020736	0.013871	0.010433	
21	0.008178	1	4	98.425137	97.996666	0.169848	0.042487	0.021283	0.014215	0.010687	
21	0.007360	1	8	97.189171	99.220924	0.177642	0.044443	0.022264	0.014866	0.011181	
21	0.007122	1	16	95.042163	99.415695	0.190960	0.047953	0.024006	0.015999	0.012101	

21	0.007217	2	1	98.484948	98.887032	0.170016	0.042533	0.021316	0.014240	0.010725	
21	0.006857	2	2	97.346494	99.805229	0.178711	0.044145	0.022112	0.014763	0.011100	
21	0.007122	2	4	95.269327	100.000000	0.189558	0.046812	0.023441	0.015674	0.011776	
21	0.007050	2	8	91.887022	100.000000	0.206019	0.051520	0.025811	0.017224	0.012949	
21	0.007229	2	16	86.473853	100.000000	0.236820	0.059535	0.029697	0.019829	0.014894	

21	0.007036	3	1	95.895228	99.944351	0.182821	0.045750	0.022904	0.015303	0.011534	
21	0.006972	3	2	92.844848	100.000000	0.197678	0.049478	0.024789	0.028762	0.013000	
21	0.014655	3	4	88.009399	100.000000	0.220632	0.055313	0.027684	0.018473	0.013874	
21	0.007176	3	8	80.992211	100.000000	0.254506	0.063647	0.031880	0.021265	0.015985	
21	0.007350	3	16	69.915797	100.000000	0.308546	0.076456	0.036148	0.025439	0.019392	

21	0.007283	4	1	90.242988	99.972176	0.208760	0.052144	0.026138	0.017450	0.013157	
21	0.007162	4	2	83.536982	100.000000	0.238068	0.059665	0.029871	0.019955	0.014995	
21	0.007156	4	4	74.793677	100.000000	0.276276	0.069127	0.034517	0.022578	0.017392	
21	0.007284	4	8	63.292775	100.000000	0.325995	0.079060	0.039082	0.026948	0.020547	
21	0.007349	4	16	47.898894	100.000000	0.390913	0.091937	0.046679	0.032619	0.024814	

21	0.008591	5	1	79.945024	100.000000	0.251555	0.063006	0.031518	0.021064	0.034252	
21	0.007597	5	2	68.479538	100.000000	0.299642	0.074890	0.035835	0.024255	0.018859	
21	0.007120	5	4	56.801080	100.000000	0.346198	0.080765	0.041400	0.028640	0.021762	
21	0.007244	5	8	42.559088	100.000000	0.398497	0.094503	0.048147	0.032667	0.025304	
21	0.007250	5	16	26.806849	100.000000	0.455567	0.107805	0.055833	0.037828	0.029335	

