=== AMD SCF madelon

2	8	0.304390	0	0	27.050778	100.000000	3.067336	0.393903	0.196802	0.132462	0.100876	0.079664	0.067243	0.058303	0.051907	
2	16	0.575161	0	0	30.629306	100.000000	2.948791	0.374591	0.189485	0.127665	0.096259	0.076556	0.064835	0.056307	0.049737	
2	24	0.844336	0	0	31.783444	100.000000	2.920566	0.373331	0.187434	0.126619	0.095314	0.075921	0.064304	0.055722	0.049420	
2	32	1.112621	0	0	32.699972	100.000000	2.906773	0.369669	0.186091	0.125266	0.095141	0.075396	0.063725	0.055250	0.049074	
4	8	0.318147	0	0	29.302361	100.000000	3.000468	0.383606	0.191873	0.128658	0.097233	0.077938	0.065965	0.057246	0.050529	
4	16	0.600274	0	0	32.539833	100.000000	2.892101	0.371388	0.186609	0.124565	0.094519	0.075087	0.063600	0.055255	0.048720	
4	24	0.881132	0	0	34.131556	100.000000	2.848878	0.363150	0.183624	0.123004	0.092418	0.073835	0.062635	0.054258	0.048200	
4	32	1.161310	0	0	35.224167	100.000000	2.818441	0.361115	0.181426	0.121663	0.091434	0.073268	0.062148	0.053936	0.047886	
8	8	0.344453	0	0	32.474722	100.000000	2.892716	0.370412	0.185508	0.124281	0.094256	0.075468	0.063576	0.055206	0.049130	
8	16	0.642974	0	0	36.834083	100.000000	2.747564	0.351060	0.176229	0.119419	0.089987	0.071711	0.060567	0.052670	0.046553	
8	24	0.940299	0	0	39.273806	100.000000	2.677104	0.340199	0.171691	0.115827	0.086910	0.070275	0.058918	0.051158	0.045258	
8	32	1.239294	0	0	40.928111	100.000000	2.628775	0.335885	0.170262	0.113745	0.085634	0.068419	0.057933	0.050518	0.044920	
12	8	0.330899	0	0	26.584139	100.000000	3.148288	0.402684	0.201132	0.134867	0.102109	0.081745	0.069078	0.059986	0.053108	
12	16	0.597002	0	0	31.987194	100.000000	2.962222	0.381896	0.191717	0.128171	0.096790	0.077722	0.065619	0.057008	0.050714	
12	24	0.858925	0	0	35.290722	100.000000	2.864919	0.365685	0.182533	0.124235	0.092709	0.074602	0.062949	0.054763	0.048417	
12	32	1.117738	0	0	37.943722	100.000000	2.784706	0.355721	0.179955	0.120452	0.091219	0.072533	0.061303	0.053259	0.047174	
16	8	0.350036	0	0	39.319250	100.000000	2.682010	0.341670	0.172374	0.115473	0.086922	0.069794	0.059098	0.051401	0.045737	
16	16	0.620938	0	0	46.063833	100.000000	2.433147	0.310550	0.155797	0.105386	0.079981	0.063549	0.053825	0.047030	0.041748	
16	24	0.883897	0	0	50.014639	100.000000	2.304379	0.296332	0.147659	0.099656	0.075328	0.060212	0.051083	0.044402	0.039640	
16	32	1.146644	0	0	52.806056	100.000000	2.219930	0.283741	0.143313	0.096495	0.072956	0.058224	0.049173	0.042737	0.038067	
20	8	0.368869	0	0	43.850111	100.000000	2.519404	0.322630	0.161437	0.109395	0.082071	0.065963	0.055876	0.048583	0.042992	
20	16	0.639776	0	0	51.419472	100.000000	2.248542	0.289199	0.144773	0.098021	0.073374	0.058788	0.049787	0.043273	0.038412	
20	24	0.905398	0	0	55.849889	100.000000	2.100788	0.268653	0.134937	0.091316	0.068733	0.054789	0.046572	0.040526	0.035922	
20	32	1.168668	0	0	59.088667	100.000000	1.989230	0.257593	0.129341	0.086998	0.065099	0.052062	0.044259	0.038574	0.034321	
24	8	0.362486	0	0	35.729083	100.000000	2.885055	0.367686	0.185477	0.123767	0.094857	0.075138	0.063539	0.055118	0.048798	
24	16	0.627170	0	0	44.820444	100.000000	2.549372	0.325171	0.164621	0.110348	0.082854	0.066322	0.056379	0.049039	0.043255	
24	24	0.885872	0	0	50.029972	100.000000	2.376667	0.305244	0.152953	0.102235	0.077647	0.069187	0.052817	0.045517	0.040572	
24	32	1.143502	0	0	53.780722	100.000000	2.246551	0.286852	0.144781	0.096634	0.073237	0.058761	0.049852	0.043524	0.038276	
28	8	0.373586	0	0	38.169639	100.000000	2.903711	0.373243	0.186033	0.125083	0.094218	0.075484	0.063660	0.055399	0.049067	
28	16	0.645691	0	0	48.053500	100.000000	2.522292	0.324753	0.162933	0.109242	0.082601	0.065926	0.055944	0.048481	0.043055	
28	24	0.915680	0	0	53.817694	100.000000	2.321552	0.298804	0.149079	0.100499	0.075636	0.060788	0.051603	0.044719	0.039623	
28	32	1.171589	0	0	57.758611	100.000000	2.187954	0.280943	0.141284	0.094440	0.071949	0.057384	0.048317	0.042306	0.037306	
32	8	0.392790	0	0	41.856444	100.000000	2.781313	0.355090	0.179562	0.120451	0.090906	0.072254	0.061164	0.053102	0.047089	
32	16	0.673242	0	0	52.182861	100.000000	2.394770	0.307296	0.154978	0.104131	0.078265	0.062690	0.052966	0.045844	0.040633	
32	24	0.944670	0	0	58.080389	100.000000	2.184124	0.283299	0.140884	0.094716	0.072108	0.057258	0.048182	0.042175	0.037092	
32	32	1.213933	0	0	62.047528	100.000000	2.051794	0.265385	0.133140	0.089562	0.067748	0.054229	0.045360	0.039720	0.035241	
36	8	0.402296	0	0	39.622639	100.000000	2.900613	0.372371	0.187005	0.125651	0.094546	0.075335	0.063797	0.055317	0.049241	
36	16	0.668954	0	0	50.673833	100.000000	2.482825	0.319077	0.160572	0.107529	0.081497	0.065393	0.055194	0.048159	0.042578	
36	24	0.926190	0	0	56.824056	100.000000	2.258877	0.288701	0.145293	0.098193	0.073690	0.059275	0.050144	0.043493	0.038811	
36	32	1.184956	0	0	60.997000	100.000000	2.108885	0.271342	0.135910	0.091940	0.069211	0.055260	0.046848	0.040949	0.036456	
40	8	0.404266	0	0	47.902472	100.000000	2.594790	0.333860	0.167755	0.112292	0.084542	0.067614	0.057115	0.049688	0.043819	
40	16	0.685101	0	0	59.710278	100.000000	2.136491	0.274635	0.137806	0.092398	0.070555	0.055568	0.047269	0.041128	0.036498	
40	24	0.954380	0	0	65.804611	100.000000	1.911802	0.245774	0.124074	0.083302	0.063358	0.050062	0.042538	0.037183	0.032779	
40	32	1.217717	0	0	69.763389	100.000000	1.775698	0.229785	0.115041	0.077747	0.058982	0.047159	0.039690	0.034599	0.030648	
44	8	0.428261	0	0	52.816611	100.000000	2.423658	0.310041	0.155670	0.105172	0.078751	0.063424	0.053518	0.046491	0.041220	
44	16	0.719863	0	0	64.798528	100.000000	1.964393	0.251038	0.128068	0.084723	0.064495	0.051471	0.043489	0.038059	0.033584	
44	24	0.998975	0	0	70.701917	100.000000	1.745979	0.228678	0.114043	0.075903	0.057705	0.046263	0.038797	0.033778	0.030111	
44	32	1.270681	0	0	74.726333	100.000000	1.604643	0.208998	0.105221	0.070093	0.053081	0.042235	0.035809	0.031382	0.027942	
48	8	0.439556	0	0	54.551639	100.000000	2.390674	0.307457	0.153007	0.104067	0.077833	0.061979	0.052547	0.045876	0.040656	
48	16	0.751574	0	0	66.322167	100.000000	1.934076	0.249355	0.126120	0.084944	0.063962	0.050798	0.043046	0.037548	0.033190	
48	24	1.024116	0	0	72.351250	100.000000	1.709748	0.220940	0.110443	0.074123	0.056782	0.044838	0.038258	0.033125	0.029504	
48	32	1.306679	0	0	76.178139	100.000000	1.579330	0.206381	0.102789	0.068524	0.052272	0.041748	0.035101	0.030752	0.027330	
52	8	0.446562	0	0	50.982333	100.000000	2.568786	0.328148	0.165636	0.111361	0.083764	0.067160	0.056695	0.048970	0.043559	
52	16	0.739017	0	0	63.739694	100.000000	2.077431	0.268458	0.134666	0.089704	0.067829	0.054211	0.045801	0.039892	0.035246	
52	24	1.015094	0	0	69.972278	100.000000	1.847985	0.236900	0.119564	0.080448	0.060689	0.048561	0.041084	0.035773	0.031883	
52	32	1.283370	0	0	73.906083	100.000000	1.714194	0.222628	0.110823	0.074628	0.056683	0.051630	0.038441	0.033292	0.029811	
56	8	0.443563	0	0	34.996306	100.000000	3.265011	0.415783	0.209672	0.139956	0.105524	0.084398	0.071201	0.061803	0.054931	
56	16	0.723183	0	0	47.753417	100.000000	2.773484	0.355644	0.178441	0.119944	0.090416	0.072289	0.061420	0.053284	0.047147	
56	24	0.988403	0	0	54.744667	100.000000	2.527776	0.324354	0.162666	0.108565	0.082263	0.065904	0.055809	0.048623	0.048573	
56	32	1.251049	0	0	59.301694	100.000000	2.362978	0.304763	0.152264	0.102450	0.077789	0.061883	0.052434	0.045582	0.040698	
60	8	0.475067	0	0	61.758806	100.000000	2.183646	0.278753	0.140384	0.094441	0.071573	0.066056	0.048150	0.042147	0.037073	
60	16	0.775918	0	0	73.906333	100.000000	1.713788	0.225141	0.110966	0.074929	0.056729	0.045106	0.038061	0.033221	0.029462	
60	24	1.057065	0	0	79.430056	100.000000	1.522108	0.198786	0.100219	0.067009	0.050234	0.040130	0.033958	0.029796	0.026311	
60	32	1.337416	0	0	82.736917	100.000000	1.412859	0.190235	0.094342	0.062752	0.047451	0.037494	0.031567	0.027655	0.024457	
64	8	0.482944	0	0	38.562750	100.000000	3.181393	0.405160	0.204059	0.136130	0.102981	0.082290	0.069663	0.060436	0.053441	
64	16	0.782158	0	0	52.522778	100.000000	2.652068	0.342575	0.171496	0.115008	0.086326	0.069481	0.058669	0.050887	0.045025	
64	24	1.064337	0	0	59.523306	100.000000	2.406468	0.308832	0.154161	0.103930	0.078507	0.062804	0.053352	0.046130	0.041126	
64	32	1.338713	0	0	64.080167	100.000000	2.242522	0.288234	0.145522	0.096998	0.073428	0.058652	0.049795	0.043317	0.038605	
