=== AMD SCF har

2	8	1.265395	0	0	91.869440	50.152695	2.466275	0.329257	0.191433	0.179028	0.172968	0.151834	0.143002	0.133386	0.121251	
2	16	2.366349	0	0	93.290109	69.087204	2.112535	0.289448	0.184932	0.173692	0.162461	0.149847	0.138530	0.132503	0.125676	
2	24	3.465079	0	0	93.980207	77.129288	1.945403	0.269329	0.164915	0.152065	0.141641	0.128198	0.119568	0.112447	0.109143	
2	32	4.563406	0	0	94.476272	79.911774	1.838064	0.249830	0.151217	0.135640	0.126925	0.127607	0.108503	0.110746	0.099605	
4	8	1.313126	0	0	93.743241	60.637939	2.014506	0.272830	0.166895	0.146178	0.134138	0.120346	0.113407	0.107378	0.102064	
4	16	2.467855	0	0	95.150977	75.704102	1.662845	0.229391	0.130197	0.106830	0.096493	0.087059	0.082438	0.078794	0.074778	
4	24	3.590835	0	0	95.729621	78.571426	1.532565	0.206450	0.107919	0.077023	0.063972	0.056989	0.053231	0.051502	0.050148	
4	32	4.727899	0	0	95.989563	83.729210	1.492588	0.201231	0.107633	0.078885	0.068803	0.066691	0.060189	0.057131	0.055835	
8	8	1.479878	0	0	95.172471	63.725822	1.774759	0.241410	0.134925	0.107038	0.095719	0.087813	0.082996	0.079459	0.076598	
8	16	2.695148	0	0	96.611565	77.078384	1.410702	0.194818	0.102471	0.075434	0.063404	0.056899	0.053227	0.050719	0.048728	
8	24	3.907014	0	0	97.205085	80.827965	1.282118	0.174203	0.089404	0.062549	0.049958	0.043598	0.039624	0.036833	0.035426	
8	32	5.129148	0	0	97.446842	83.881912	1.251974	0.171772	0.088084	0.061609	0.049165	0.041796	0.038802	0.036325	0.035111	
12	8	1.496082	0	0	93.648268	77.298943	2.322096	0.311211	0.176015	0.145843	0.131613	0.118388	0.109963	0.106209	0.100824	
12	16	2.604681	0	0	95.235569	86.901932	1.919582	0.254889	0.132939	0.091741	0.073282	0.062913	0.058124	0.054281	0.052652	
12	24	3.686933	0	0	95.863511	90.244316	1.783444	0.238024	0.124241	0.087939	0.073010	0.064507	0.060649	0.057598	0.055349	
12	32	4.752747	0	0	96.195366	92.059723	1.731374	0.231514	0.122027	0.090601	0.076874	0.078941	0.064109	0.060813	0.058429	
16	8	1.498049	0	0	96.545102	66.253815	1.652235	0.222644	0.117767	0.083738	0.069627	0.066798	0.055797	0.052064	0.050741	
16	16	2.621917	0	0	97.635780	77.129288	1.395395	0.185881	0.095999	0.065177	0.051078	0.042111	0.037743	0.034397	0.031959	
16	24	3.725549	0	0	98.073528	81.913811	1.320146	0.176109	0.089821	0.061038	0.047253	0.037974	0.033072	0.030315	0.028056	
16	32	4.819818	0	0	98.324881	82.914825	1.292089	0.173110	0.087092	0.059422	0.045604	0.037015	0.032428	0.029295	0.026963	
20	8	1.563320	0	0	97.272262	65.659996	1.571141	0.209396	0.107709	0.073640	0.056087	0.046151	0.040800	0.036845	0.033967	
20	16	2.677650	0	0	97.982807	77.214119	1.422065	0.188612	0.096341	0.065820	0.049855	0.040767	0.035853	0.032037	0.029391	
20	24	3.785601	0	0	98.349805	79.877838	1.372036	0.180373	0.092349	0.062545	0.047431	0.038589	0.033219	0.029671	0.026782	
20	32	4.884338	0	0	98.540474	82.032570	1.366300	0.181669	0.092254	0.061754	0.046540	0.037625	0.032336	0.028886	0.025801	
24	8	1.580421	0	0	95.832873	81.642349	2.115437	0.283091	0.146713	0.104909	0.086233	0.075566	0.069692	0.066296	0.064864	
24	16	2.708431	0	0	96.931610	88.445877	1.863936	0.244365	0.126634	0.087835	0.068243	0.058192	0.052101	0.048326	0.045740	
24	24	3.795689	0	0	97.313525	91.974892	1.808499	0.237847	0.121656	0.083679	0.066313	0.056368	0.050021	0.046422	0.043354	
24	32	4.951656	0	0	97.506649	93.179504	1.805809	0.238720	0.120965	0.082281	0.062073	0.050470	0.043882	0.038927	0.035354	
28	8	1.597689	0	0	97.653088	71.072273	2.174517	0.281824	0.137435	0.090525	0.069252	0.058950	0.052063	0.047580	0.043659	
28	16	2.788092	0	0	98.348032	79.809975	2.148773	0.253043	0.125427	0.082919	0.063289	0.053127	0.047386	0.043224	0.039435	
28	24	3.835299	0	0	98.610329	82.405838	2.222318	0.254950	0.121264	0.079965	0.060537	0.051568	0.046041	0.041325	0.037964	
28	32	4.909883	0	0	98.753241	84.204277	2.131157	0.246817	0.119415	0.080524	0.060445	0.051886	0.046222	0.041789	0.038380	
32	8	1.528336	0	0	96.186066	81.218185	2.982007	0.388396	0.197922	0.136313	0.106605	0.088918	0.078875	0.072033	0.067052	
32	16	2.695245	0	0	97.172716	89.904991	2.770533	0.359327	0.182157	0.123363	0.093803	0.076391	0.066266	0.058866	0.053518	
32	24	3.884591	0	0	97.541611	92.449951	2.729765	0.354014	0.178457	0.120391	0.090974	0.072672	0.061599	0.053870	0.047777	
32	32	4.953252	0	0	97.773921	93.858162	2.708118	0.350880	0.177352	0.118930	0.089895	0.071882	0.060892	0.052969	0.047581	
36	8	1.615781	0	0	96.555367	83.864944	3.076701	0.400636	0.203603	0.137370	0.104990	0.085758	0.073752	0.065518	0.059783	
36	16	2.826007	0	0	97.355562	92.670509	2.913970	0.376620	0.190431	0.129427	0.097582	0.078831	0.066881	0.058583	0.053009	
36	24	3.915302	0	0	97.730997	93.892090	2.879469	0.371366	0.186522	0.126083	0.095694	0.077093	0.065217	0.057262	0.051337	
36	32	5.081453	0	0	97.939943	95.079742	2.874662	0.372529	0.187094	0.126074	0.094553	0.076074	0.064354	0.055993	0.049495	
40	8	1.756991	0	0	98.285821	71.174072	2.791814	0.361630	0.181701	0.121648	0.091760	0.073569	0.062030	0.053899	0.047922	
40	16	2.921722	0	0	98.753241	77.774010	2.741284	0.350351	0.177063	0.118619	0.089468	0.071692	0.060568	0.052462	0.046594	
40	24	4.093998	0	0	98.982256	81.727180	2.738793	0.351671	0.176510	0.119062	0.089641	0.071492	0.060408	0.052347	0.046699	
40	32	5.299129	0	0	99.078294	83.678314	2.781405	0.358585	0.178640	0.120319	0.090650	0.073075	0.061208	0.053032	0.047037	
44	8	1.552445	0	0	96.691218	87.784187	3.419148	0.438195	0.221553	0.148812	0.112321	0.090999	0.076728	0.066696	0.059326	
44	16	2.738721	0	0	97.419749	93.383102	3.269686	0.422002	0.211961	0.141970	0.107819	0.087081	0.073444	0.063886	0.056960	
44	24	3.847050	0	0	97.714741	95.402107	3.231398	0.415099	0.210503	0.141448	0.106815	0.086164	0.072910	0.063832	0.056671	
44	32	4.921469	0	0	97.889556	95.707497	3.233965	0.415038	0.210658	0.141546	0.106684	0.085883	0.072863	0.063517	0.056561	
48	8	1.727055	0	0	96.653635	88.411942	3.618035	0.463902	0.237740	0.157148	0.119056	0.096224	0.081294	0.070571	0.062841	
48	16	2.920410	0	0	97.462179	92.551750	3.454298	0.442335	0.223477	0.150001	0.113636	0.091563	0.077207	0.067289	0.060123	
48	24	4.079795	0	0	97.806404	95.113678	3.404329	0.440024	0.220769	0.148349	0.112359	0.090135	0.076578	0.066563	0.059677	
48	32	5.179303	0	0	97.965730	95.843231	3.411870	0.439218	0.222635	0.148839	0.112195	0.090700	0.076755	0.067107	0.059533	
52	8	1.671074	0	0	96.361915	90.566673	3.886010	0.499763	0.252769	0.169319	0.128357	0.103312	0.087489	0.076144	0.067630	
52	16	2.882743	0	0	97.130106	94.944016	3.740855	0.478209	0.241100	0.161927	0.122084	0.098785	0.083737	0.072824	0.065566	
52	24	4.054898	0	0	97.519637	96.250427	3.675995	0.472848	0.237763	0.160244	0.121130	0.097850	0.083007	0.072560	0.065243	
52	32	5.189088	0	0	97.702497	97.081779	3.678847	0.473528	0.238273	0.159951	0.120962	0.097773	0.082809	0.072191	0.064761	
56	8	1.812994	0	0	98.613430	69.935532	3.445500	0.442964	0.222112	0.148800	0.112335	0.089914	0.076080	0.065940	0.058326	
56	16	3.112914	0	0	99.016613	78.588394	3.412339	0.436298	0.219224	0.146123	0.110680	0.088489	0.074622	0.064781	0.057127	
56	24	4.360519	0	0	99.178763	80.743126	3.420285	0.439041	0.218301	0.146832	0.110916	0.089081	0.074754	0.064920	0.057648	
56	32	5.585414	0	0	99.252490	82.796059	3.452247	0.441724	0.221240	0.148494	0.112080	0.089583	0.075789	0.065664	0.058125	
60	8	1.799405	0	0	97.499375	85.374954	3.955492	0.505512	0.255666	0.171258	0.130351	0.104832	0.088640	0.077119	0.068688	
60	16	3.040966	0	0	98.105375	91.499832	3.846767	0.493007	0.247265	0.166208	0.124536	0.100513	0.084613	0.073642	0.065050	
60	24	4.226306	0	0	98.331195	93.841194	3.847327	0.492183	0.248115	0.165322	0.126062	0.100382	0.084675	0.073605	0.065135	
60	32	5.444722	0	0	98.451114	94.740417	3.871753	0.495928	0.250519	0.167246	0.126066	0.101235	0.085360	0.074002	0.065851	
64	8	1.728540	0	0	96.478848	92.110619	4.419145	0.568829	0.287647	0.193400	0.147861	0.119921	0.102374	0.090675	0.082137	
64	16	2.958157	0	0	97.236520	95.317276	4.281972	0.548611	0.276489	0.185998	0.140122	0.112679	0.095308	0.082752	0.073185	
64	24	4.063129	0	0	97.565884	97.353241	4.253234	0.542650	0.274151	0.183246	0.137978	0.111096	0.093919	0.081267	0.072230	
64	32	5.155242	0	0	97.740505	98.116730	4.266254	0.544315	0.274666	0.184894	0.139708	0.111790	0.094296	0.082005	0.072996	
