=== AMD SCF digits

2	8	0.087112	0	0	98.455938	17.417917	0.081761	0.016556	0.007283	0.005196	0.003950	0.003321	0.002891	0.002502	0.002281	
2	16	0.150774	0	0	98.593174	30.217028	0.083968	0.016649	0.007332	0.005544	0.004450	0.003426	0.002735	0.002529	0.002328	
2	24	0.214740	0	0	98.718575	39.065109	0.084790	0.017251	0.009026	0.005500	0.004471	0.003587	0.003039	0.002782	0.002543	
2	32	0.280985	0	0	98.810046	44.240398	0.086135	0.017517	0.008542	0.005551	0.004489	0.003740	0.003281	0.002352	0.002191	
4	8	0.096435	0	0	98.998724	27.351141	0.099230	0.016701	0.008296	0.006112	0.004205	0.003715	0.003239	0.002480	0.002319	
4	16	0.162431	0	0	99.101534	44.462994	0.097870	0.019044	0.009213	0.006225	0.004963	0.004026	0.003420	0.003041	0.002848	
4	24	0.229386	0	0	99.164533	54.702282	0.102364	0.019468	0.008961	0.006337	0.004877	0.003899	0.003520	0.002882	0.002611	
4	32	0.296195	0	0	99.214999	59.042847	0.111274	0.020250	0.008947	0.006522	0.005073	0.004011	0.003645	0.002606	0.002432	
8	8	0.114966	0	0	99.296951	42.431831	0.143176	0.026024	0.011466	0.008397	0.006321	0.005268	0.004077	0.003661	0.003220	
8	16	0.192071	0	0	99.394608	58.514191	0.140988	0.024756	0.011959	0.007795	0.006115	0.004804	0.004188	0.003165	0.002957	
8	24	0.263406	0	0	99.419805	65.859764	0.147056	0.028081	0.012391	0.008436	0.006469	0.005374	0.003672	0.003293	0.003146	
8	32	0.334596	0	0	99.447083	70.061211	0.148001	0.023371	0.012451	0.008724	0.006541	0.005218	0.004293	0.003598	0.003093	
12	8	0.131127	0	0	99.229890	57.178627	0.178029	0.030157	0.013832	0.009326	0.007650	0.006003	0.004961	0.003934	0.003596	
12	16	0.221894	0	0	99.300444	73.594879	0.182189	0.029410	0.015017	0.011044	0.008715	0.006370	0.005116	0.004328	0.003748	
12	24	0.301905	0	0	99.321274	79.437950	0.192862	0.029963	0.015404	0.009880	0.007503	0.006124	0.004796	0.004425	0.003799	
12	32	0.375360	0	0	99.334739	82.387314	0.189757	0.029156	0.015709	0.011541	0.008978	0.006911	0.005071	0.004274	0.004010	
16	8	0.150606	0	0	99.485977	66.833611	0.218505	0.033077	0.016633	0.011423	0.008658	0.007045	0.005663	0.005014	0.004408	
16	16	0.253558	0	0	99.502149	78.658882	0.224173	0.034021	0.016952	0.011667	0.008852	0.007120	0.005692	0.005032	0.004574	
16	24	0.344999	0	0	98.132034	84.056763	0.248520	0.037760	0.018967	0.013052	0.009463	0.007567	0.006322	0.005474	0.005004	
16	32	0.422407	0	0	96.473371	86.894821	0.278393	0.039053	0.020422	0.013947	0.010738	0.008856	0.006763	0.006025	0.005439	
20	8	0.159647	0	0	8.265061	96.327209	1.263110	0.162681	0.081552	0.055848	0.041140	0.033237	0.028248	0.024437	0.022113	
20	16	0.247917	0	0	1.932377	99.666115	1.296127	0.169290	0.085046	0.057730	0.044202	0.034908	0.029699	0.025891	0.023318	
20	24	0.343613	0	0	0.130569	99.944351	1.318302	0.172807	0.086647	0.058241	0.044123	0.042004	0.030119	0.026383	0.023768	
20	32	0.391219	0	0	0.672496	99.888702	1.338143	0.174395	0.088622	0.059912	0.045035	0.035923	0.030690	0.026674	0.024204	
24	8	0.121885	0	0	0.000000	100.000000	1.356199	0.177281	0.088678	0.058668	0.044568	0.035925	0.030760	0.026977	0.024559	
24	16	0.199392	0	0	0.000000	100.000000	1.373441	0.179805	0.090616	0.060589	0.045907	0.036463	0.031238	0.027209	0.024600	
24	24	0.224925	0	0	0.000000	100.000000	1.432683	0.187163	0.093777	0.063362	0.048053	0.038423	0.032704	0.028555	0.025726	
24	32	0.265612	0	0	0.000000	100.000000	1.501429	0.195018	0.099311	0.066527	0.049776	0.040271	0.034420	0.030060	0.027080	
28	8	0.145571	0	0	0.000000	100.000000	1.673491	0.215085	0.107049	0.072211	0.054255	0.042964	0.036632	0.031170	0.028120	
28	16	0.228264	0	0	0.000000	100.000000	1.668752	0.214109	0.108840	0.073296	0.054964	0.050755	0.037165	0.031618	0.028531	
28	24	0.272318	0	0	0.000000	100.000000	1.745585	0.223517	0.114055	0.075753	0.057722	0.045155	0.038375	0.032925	0.029719	
28	32	0.327614	0	0	0.000000	100.000000	1.812823	0.234672	0.117811	0.079263	0.060132	0.047335	0.040162	0.034519	0.031128	
32	8	0.170202	0	0	0.000000	100.000000	1.708988	0.223953	0.111553	0.075153	0.057150	0.044707	0.037840	0.032515	0.029105	
32	16	0.246426	0	0	0.000000	100.000000	1.738017	0.223284	0.113287	0.075375	0.057811	0.045317	0.038266	0.032666	0.029597	
32	24	0.300033	0	0	0.000000	100.000000	1.815486	0.235911	0.117652	0.078417	0.059574	0.047255	0.040051	0.034320	0.031123	
32	32	0.365662	0	0	0.000000	100.000000	1.872275	0.242110	0.121789	0.081220	0.061533	0.048645	0.041361	0.035978	0.032159	
36	8	0.070867	0	0	0.000000	100.000000	1.789409	0.230128	0.115612	0.078478	0.059113	0.046461	0.039530	0.034040	0.030671	
36	16	0.081082	0	0	0.000000	100.000000	1.842469	0.239017	0.119651	0.080618	0.060493	0.048013	0.040586	0.034907	0.031571	
36	24	0.030615	0	0	0.000000	100.000000	2.062675	0.265106	0.134007	0.089177	0.067517	0.053923	0.045742	0.039698	0.035672	
36	32	0.033054	0	0	0.000000	100.000000	2.144592	0.275004	0.138939	0.093783	0.070320	0.056425	0.047802	0.041640	0.037319	
40	8	0.079765	0	0	0.000000	100.000000	1.853079	0.237947	0.120788	0.080915	0.060764	0.048355	0.040866	0.035292	0.031797	
40	16	0.084510	0	0	0.000000	100.000000	1.909158	0.245833	0.124039	0.084093	0.062753	0.056668	0.042219	0.036207	0.032869	
40	24	0.037859	0	0	8.532706	90.734558	2.076183	0.267936	0.134011	0.089693	0.067894	0.054653	0.045978	0.040071	0.036144	
40	32	0.034102	0	0	0.000000	100.000000	2.222705	0.286785	0.143788	0.096318	0.072713	0.058443	0.049406	0.043113	0.038790	
44	8	0.089355	0	0	0.000000	100.000000	1.920458	0.244850	0.124590	0.083918	0.063064	0.049853	0.042212	0.036431	0.032809	
44	16	0.094513	0	0	0.000000	100.000000	1.976210	0.253377	0.128044	0.085715	0.064912	0.051436	0.043574	0.037484	0.034006	
44	24	0.037216	0	0	8.559009	90.734558	2.178811	0.277939	0.140280	0.094310	0.071273	0.057140	0.048409	0.042099	0.037954	
44	32	0.042019	0	0	3.116247	96.800217	2.299490	0.294351	0.148732	0.100528	0.075154	0.060847	0.051226	0.044733	0.040209	
48	8	0.100550	0	0	0.000000	100.000000	2.000546	0.257047	0.128565	0.086296	0.065365	0.052011	0.043962	0.038479	0.034310	
48	16	0.100616	0	0	0.000000	100.000000	2.039849	0.262967	0.132839	0.089050	0.067002	0.054085	0.045200	0.038900	0.035097	
48	24	0.046768	0	0	0.000000	100.000000	2.345736	0.301680	0.151723	0.101405	0.076388	0.061652	0.052076	0.045394	0.040977	
48	32	0.041082	0	0	0.000000	100.000000	2.417364	0.310111	0.155459	0.104494	0.079021	0.063947	0.053826	0.047098	0.042531	
52	8	0.103419	0	0	0.000000	100.000000	2.036248	0.263828	0.131681	0.088469	0.067080	0.053078	0.044962	0.038732	0.034835	
52	16	0.109936	0	0	0.000000	100.000000	2.105657	0.271509	0.135991	0.091453	0.069174	0.054716	0.046571	0.040141	0.036324	
52	24	0.050607	0	0	0.000000	100.000000	2.443370	0.310234	0.157027	0.105617	0.080142	0.064186	0.054449	0.047127	0.042717	
52	32	0.045504	0	0	0.000000	100.000000	2.518028	0.322722	0.160720	0.107573	0.081615	0.066576	0.056228	0.048867	0.044060	
56	8	0.112285	0	0	0.000000	100.000000	2.097931	0.271046	0.135566	0.091663	0.068865	0.054581	0.046298	0.039861	0.035903	
56	16	0.121255	0	0	0.000000	100.000000	2.176135	0.279957	0.140716	0.094340	0.071594	0.056492	0.047932	0.041436	0.037509	
56	24	0.047936	0	0	8.589126	90.595436	2.461440	0.319049	0.158672	0.106772	0.079906	0.065230	0.054906	0.047807	0.043065	
56	32	0.047059	0	0	3.091079	96.800217	2.594668	0.333617	0.166202	0.112056	0.084643	0.068629	0.058022	0.050576	0.045513	
60	8	0.118471	0	0	0.000000	100.000000	2.167330	0.278099	0.139789	0.095222	0.071211	0.056668	0.047742	0.041022	0.037118	
60	16	0.125063	0	0	0.000000	100.000000	2.325360	0.289511	0.144895	0.097717	0.073926	0.058763	0.049696	0.043071	0.038884	
60	24	0.057947	0	0	0.000000	100.000000	2.656284	0.339761	0.171554	0.114684	0.086609	0.070195	0.059288	0.051580	0.046481	
60	32	0.054895	0	0	0.000000	100.000000	2.761682	0.354655	0.175892	0.118977	0.089827	0.072860	0.061724	0.053824	0.048461	
64	8	0.123967	0	0	0.000000	100.000000	2.243806	0.288047	0.144764	0.097125	0.073352	0.058403	0.049359	0.042472	0.038367	
64	16	0.134907	0	0	0.000000	100.000000	2.312976	0.297264	0.150142	0.100277	0.075767	0.060227	0.050977	0.044095	0.039750	
64	24	0.062631	0	0	0.000408	100.000000	2.722685	0.349212	0.176230	0.117617	0.088793	0.071571	0.060713	0.052766	0.047614	
64	32	0.057265	0	0	0.723239	99.304398	2.862807	0.365814	0.184123	0.123228	0.093218	0.075581	0.064320	0.055785	0.050535	
