=== AMD SCF sift

2	8	2.513018	0	0	98.299825	19.604189	8.272208	1.118260	0.574066	0.394707	0.315300	0.280497	0.265482	0.256130	0.251963	
2	16	4.603502	0	0	98.627135	32.536007	7.746312	1.048818	0.538349	0.371561	0.293732	0.264680	0.250036	0.244013	0.244098	
2	24	6.705378	0	0	98.833313	40.452213	7.271719	0.984926	0.506461	0.347494	0.273383	0.241809	0.228233	0.222906	0.214104	
2	32	8.800732	0	0	98.947741	45.709538	7.056642	0.953848	0.488761	0.335989	0.262781	0.232010	0.216106	0.207641	0.207507	
4	8	2.974429	0	0	99.084645	31.397924	8.188098	1.077602	0.547520	0.372177	0.285031	0.243636	0.213827	0.195602	0.183491	
4	16	4.895129	0	0	99.386445	43.403164	7.445352	0.962979	0.483852	0.326055	0.247951	0.206939	0.178971	0.159061	0.142405	
4	24	6.812232	0	0	99.483554	49.838856	7.264604	0.931866	0.472107	0.317638	0.240590	0.200986	0.174661	0.155635	0.139604	
4	32	8.669953	0	0	99.552734	54.270321	7.126755	0.929124	0.464967	0.311529	0.236604	0.196978	0.170318	0.150469	0.136069	
8	8	3.766980	0	0	99.617939	45.372143	10.637529	1.352158	0.680778	0.456457	0.342136	0.276490	0.232492	0.202107	0.179030	
8	16	5.796391	0	0	99.759303	60.121864	10.367172	1.319202	0.660890	0.441730	0.332358	0.267836	0.225054	0.194435	0.171309	
8	24	7.771699	0	0	99.802507	66.280594	10.356091	1.313875	0.658013	0.439431	0.331398	0.266538	0.224502	0.194128	0.171238	
8	32	9.701540	0	0	99.826308	69.483337	10.305206	1.306490	0.655944	0.438717	0.330551	0.266277	0.223725	0.193324	0.170419	
12	8	3.469456	0	0	99.629516	62.362778	13.524277	1.713293	0.860891	0.575838	0.434852	0.356323	0.302704	0.263983	0.234572	
12	16	5.538197	0	0	99.760310	73.834221	13.273149	1.679964	0.841609	0.562897	0.426541	0.348241	0.295788	0.258052	0.229323	
12	24	7.565536	0	0	99.797944	78.638336	13.240871	1.677309	0.839483	0.561162	0.425511	0.346768	0.295329	0.257511	0.228924	
12	32	9.575319	0	0	99.818967	81.951859	13.235818	1.674692	0.842136	0.564113	0.423352	0.347323	0.295607	0.257568	0.228725	
16	8	4.434224	0	0	99.854502	62.508816	16.582091	2.080104	1.043758	0.698693	0.526590	0.433450	0.369613	0.321371	0.285378	
16	16	6.700633	0	0	99.895599	74.715477	16.538691	2.079136	1.041575	0.695775	0.524852	0.436245	0.367636	0.321009	0.285296	
16	24	8.765752	0	0	99.908936	78.698761	16.518910	2.087378	1.045460	0.697889	0.528085	0.432597	0.368931	0.321945	0.285775	
16	32	10.836919	0	0	99.916172	80.854065	16.550628	2.084866	1.044827	0.697140	0.525891	0.431611	0.367434	0.320304	0.285102	
20	8	4.310673	0	0	99.807462	69.483337	19.618048	2.465003	1.235444	0.824402	0.624180	0.518329	0.443015	0.387811	0.345697	
20	16	6.591031	0	0	99.856049	80.763420	19.632104	2.463383	1.235051	0.824630	0.622801	0.514904	0.441663	0.386621	0.344994	
20	24	8.760619	0	0	99.874078	84.736626	19.521900	2.455592	1.231807	0.825759	0.622297	0.520266	0.441098	0.386099	0.345019	
20	32	10.905459	0	0	99.881721	87.178970	19.549852	2.464393	1.236384	0.831026	0.624596	0.516655	0.441988	0.387349	0.345376	
24	8	4.587979	0	0	99.831902	72.509819	23.009910	2.896951	1.451337	0.972557	0.731511	0.610722	0.525672	0.462351	0.414029	
24	16	7.337933	0	0	99.871180	83.427338	23.241043	2.941739	1.466502	0.980639	0.738600	0.617890	0.530033	0.467671	0.416753	
24	24	9.731364	0	0	99.886471	86.997681	23.037415	2.896687	1.450837	0.970643	0.731725	0.614737	0.527031	0.463357	0.415617	
24	32	11.831883	0	0	99.892958	89.334274	23.028859	2.899136	1.453294	0.970855	0.732913	0.614422	0.525901	0.462688	0.413369	
28	8	4.653185	0	0	99.706687	88.553734	31.559691	3.889847	1.951899	1.307134	1.004378	0.896500	0.821827	0.761134	0.706503	
28	16	7.512069	0	0	99.759972	95.115318	29.374736	3.804197	1.923501	1.285923	0.972323	0.885936	0.817193	0.758704	0.705085	
28	24	9.639171	0	0	99.782577	96.741867	30.335222	3.870366	1.961046	1.302812	0.992170	0.902633	0.819836	0.755587	0.702521	
28	32	11.820899	0	0	99.793839	97.472054	29.097571	3.731824	1.875524	1.261737	0.966845	0.878306	0.806928	0.749915	0.700630	
32	8	5.380041	0	0	99.915053	69.206360	47.869282	5.990855	3.003046	2.006930	1.511824	1.225767	1.022162	0.881873	0.776232	
32	16	8.556713	0	0	99.931702	79.781448	47.700220	5.979468	2.997236	2.004715	1.506472	1.238401	1.018066	0.876302	0.772773	
32	24	10.986205	0	0	99.937999	83.276260	47.733374	5.988680	2.998348	2.003785	1.510046	1.222722	1.017510	0.876773	0.772064	
32	32	13.481866	0	0	99.941011	84.776917	47.781657	5.993094	3.001208	2.004414	1.510496	1.215927	1.018561	0.878120	0.773830	
36	8	6.141242	0	0	99.643240	93.151375	53.388967	6.708328	3.360013	2.245051	1.689578	1.379043	1.148978	0.993580	0.876648	
36	16	9.233522	0	0	99.699676	97.653343	53.265635	6.692503	3.349900	2.237775	1.683379	1.538481	1.148148	0.990410	0.873158	
36	24	12.328691	0	0	99.717859	98.368416	53.260303	6.690302	3.351785	2.243126	1.688128	1.588100	1.146495	0.990576	0.873433	
36	32	14.899740	0	0	99.725850	98.695740	53.276734	6.691504	3.351755	2.239296	1.687255	1.376185	1.146944	0.991094	0.874381	
40	8	6.802492	0	0	99.881819	81.418068	57.756181	7.238232	3.625656	2.422936	1.842551	1.510010	1.248540	1.074311	0.947944	
40	16	10.276894	0	0	99.901091	89.948639	57.677317	7.236723	3.623331	2.421505	1.820556	1.736202	1.244351	1.074083	0.947558	
40	24	14.487975	0	0	99.907214	92.501762	57.701690	7.229384	3.617954	2.417827	1.821295	1.476625	1.241919	1.072988	0.945810	
40	32	16.575586	0	0	99.909894	93.967171	57.727497	7.241118	3.625250	2.421457	1.825164	1.494709	1.250516	1.075276	0.947523	
44	8	6.212608	0	0	98.107857	99.843887	67.106367	8.521756	4.280640	2.859558	2.157815	1.759353	1.479878	1.283203	1.131861	
44	16	9.403316	0	0	98.282050	99.984894	66.633689	8.462845	4.249383	2.846736	2.145324	1.757329	1.477533	1.277746	1.131107	
44	24	12.050500	0	0	87.834725	99.989929	91.501122	12.225272	6.327081	4.389016	3.586052	3.354539	3.174820	2.935541	2.879459	
44	32	14.549194	0	0	62.252354	99.994965	146.025988	21.743457	13.802403	13.529238	12.394811	10.039457	8.510146	7.381394	6.607810	
48	8	6.780971	0	0	99.100100	99.466209	69.623418	8.778843	4.401254	2.942451	2.215919	1.803095	1.512866	1.310858	1.155001	
48	16	10.031071	0	0	99.188571	99.879143	69.367413	8.754483	4.386768	2.934095	2.209226	1.814852	1.507774	1.305121	1.151993	
48	24	13.001257	0	0	88.610862	99.934540	94.757647	12.529095	6.479845	4.494787	3.780906	3.138478	3.001010	2.887039	2.777905	
48	32	15.859372	0	0	62.794416	99.984894	149.803443	22.389358	13.158761	11.849806	11.579021	9.510796	7.794617	6.999278	6.403614	
52	8	7.390717	0	0	99.548909	98.146843	73.259088	9.203704	4.612556	3.079087	2.323886	1.887241	1.581991	1.369022	1.206311	
52	16	11.157302	0	0	99.595368	99.446068	73.254280	9.189967	4.609728	3.080598	2.330847	1.896797	1.580728	1.365558	1.202577	
52	24	14.117469	0	0	80.727038	99.733101	117.881099	16.761469	9.304265	8.323099	7.903743	6.779955	6.018365	5.128854	4.606135	
52	32	17.217222	0	0	58.737965	99.899284	162.271388	23.471219	13.775259	13.244518	12.639842	10.692600	8.930292	7.753722	6.928602	
56	8	7.889979	0	0	99.795624	94.274345	77.670385	9.728154	4.873199	3.256120	2.453132	1.998323	1.670552	1.443943	1.272007	
56	16	11.737148	0	0	99.816862	97.829590	77.438861	9.719851	4.881002	3.261021	2.452660	1.999166	1.671179	1.439321	1.268959	
56	24	15.185321	0	0	80.893193	98.962631	122.485856	16.910014	8.762458	6.479287	6.194449	5.215048	4.675805	4.197688	3.796214	
56	32	18.484983	0	0	54.256957	99.471245	175.563474	25.901876	17.040677	16.691271	15.163931	12.538474	10.259787	8.887162	7.787239	
60	8	8.458480	0	0	99.900943	87.209183	82.250311	10.283253	5.151423	3.439957	2.594414	2.126188	1.759768	1.522168	1.338498	
60	16	12.539205	0	0	99.911658	93.252090	82.107345	10.294989	5.154098	3.443932	2.594493	2.097378	1.762902	1.524116	1.341919	
60	24	16.259510	0	0	80.963662	96.449791	127.210543	17.671373	9.295793	7.202720	6.447184	5.455366	4.610935	4.252590	3.837578	
60	32	19.882366	0	0	54.299933	98.096481	180.023541	27.123101	18.449149	17.142166	15.530032	12.985217	10.875117	8.762338	7.844425	
64	8	9.039046	0	0	99.940819	76.855675	86.896646	10.852323	5.436576	3.632493	2.733272	2.214458	1.865706	1.607414	1.413973	
64	16	13.481673	0	0	99.947631	84.832314	86.723984	10.868632	5.444158	3.638565	2.740572	2.219440	1.862230	1.611592	1.417761	
64	24	17.707059	0	0	80.990104	90.427032	131.863923	18.422550	10.263607	9.260990	9.129974	7.693765	6.786944	6.093183	5.446914	
64	32	21.232836	0	0	54.315549	94.198814	184.647226	27.765554	19.583833	17.929567	16.443128	13.356408	10.468554	9.536635	8.397645	
