=== Intel SCF digits

2	8	0.033238	0	0	98.455938	17.417917	0.035105	0.009060	0.004517	0.003049	0.002300	
2	16	0.061041	0	0	98.593174	30.217028	0.035578	0.009210	0.004620	0.003095	0.002342	
2	24	0.088474	0	0	98.718561	39.065109	0.036379	0.009304	0.004652	0.003121	0.002345	
2	32	0.115909	0	0	98.810046	44.240398	0.037029	0.009423	0.004730	0.003168	0.002388	
4	8	0.036263	0	0	98.998724	27.351141	0.042469	0.010798	0.005414	0.003634	0.002736	
4	16	0.067267	0	0	99.101534	44.462994	0.043481	0.011039	0.005536	0.003719	0.016831	
4	24	0.096968	0	0	99.164533	54.702282	0.044532	0.011285	0.005673	0.003841	0.002869	
4	32	0.126800	0	0	99.214999	59.042847	0.045626	0.011552	0.005791	0.003898	0.002927	
8	8	0.046223	0	0	99.296951	42.431831	0.059562	0.015160	0.007582	0.005068	0.003852	
8	16	0.084695	0	0	99.394608	58.514191	0.060413	0.015444	0.007725	0.005158	0.003923	
8	24	0.119671	0	0	99.419805	65.859764	0.062410	0.015907	0.007950	0.005309	0.004008	
8	32	0.155916	0	0	99.447083	70.061211	0.064307	0.016218	0.008121	0.005427	0.004099	
12	8	0.059146	0	0	99.229890	57.178627	0.079262	0.020015	0.010012	0.006693	0.005039	
12	16	0.104778	0	0	99.300444	73.594879	0.081047	0.020634	0.010377	0.006873	0.005161	
12	24	0.154571	0	0	99.321274	79.437950	0.083285	0.021236	0.010600	0.007070	0.005318	
12	32	0.201147	0	0	99.334739	82.387314	0.085373	0.021570	0.010782	0.007202	0.005425	
16	8	0.063311	0	0	99.485977	66.833611	0.099191	0.025083	0.012524	0.008379	0.006295	
16	16	0.111262	0	0	99.502149	78.658882	0.102040	0.025631	0.012898	0.008612	0.006484	
16	24	0.172662	0	0	98.132034	84.056763	0.110323	0.027845	0.013940	0.009315	0.007002	
16	32	0.211163	0	0	96.473371	86.894821	0.121568	0.030815	0.015412	0.010301	0.007713	
20	8	0.064118	0	0	8.265061	96.327209	0.481367	0.115306	0.059152	0.040713	0.031307	
20	16	0.113566	0	0	1.932377	99.666115	0.496728	0.120366	0.060333	0.041435	0.032266	
20	24	0.167846	0	0	0.130569	99.944351	0.502866	0.122265	0.062278	0.042645	0.033044	
20	32	0.195268	0	0	0.653078	99.833054	0.508293	0.118898	0.062193	0.042850	0.033144	
24	8	0.051548	0	0	0.000000	100.000000	0.506343	0.122715	0.062595	0.042426	0.032972	
24	16	0.096095	0	0	0.000000	100.000000	0.507958	0.122768	0.062190	0.042883	0.033111	
24	24	0.116479	0	0	0.000000	100.000000	0.511146	0.121321	0.062228	0.043739	0.033308	
24	32	0.141952	0	0	0.000000	100.000000	0.514478	0.124766	0.062570	0.044009	0.033596	
28	8	0.062279	0	0	0.000000	100.000000	0.528876	0.128461	0.065296	0.044900	0.034562	
28	16	0.110938	0	0	0.000000	100.000000	0.531239	0.129529	0.066122	0.045560	0.034710	
28	24	0.139423	0	0	0.000000	100.000000	0.535721	0.129210	0.066581	0.045906	0.034960	
28	32	0.171643	0	0	0.000000	100.000000	0.538581	0.130399	0.069362	0.046179	0.035192	
32	8	0.071501	0	0	0.000000	100.000000	0.554452	0.133437	0.069114	0.046786	0.036292	
32	16	0.123586	0	0	0.000000	100.000000	0.557901	0.136247	0.068436	0.047267	0.036606	
32	24	0.155141	0	0	0.000000	100.000000	0.561724	0.134243	0.070262	0.048196	0.036921	
32	32	0.196365	0	0	0.000000	100.000000	0.564948	0.137012	0.069696	0.048808	0.037136	
36	8	0.029920	0	0	0.000000	100.000000	0.585150	0.140899	0.073268	0.050091	0.050904	
36	16	0.036266	0	0	0.000000	100.000000	0.585844	0.142172	0.074071	0.050847	0.050502	
36	24	0.015521	0	0	8.605807	90.511963	0.572208	0.140134	0.073228	0.049166	0.038966	
36	32	0.015972	0	0	0.810882	99.360046	0.594621	0.145049	0.075673	0.052192	0.040020	
40	8	0.033740	0	0	0.000000	100.000000	0.605794	0.148041	0.075968	0.052336	0.039854	
40	16	0.039660	0	0	0.000000	100.000000	0.608806	0.148237	0.075290	0.051915	0.040132	
40	24	0.016972	0	0	8.605807	90.511963	0.597041	0.145316	0.073303	0.051563	0.039261	
40	32	0.017062	0	0	0.078472	99.972176	0.619138	0.147743	0.076115	0.053513	0.040745	
44	8	0.036615	0	0	0.000000	100.000000	0.633088	0.153601	0.078114	0.053930	0.041847	
44	16	0.043334	0	0	0.000000	100.000000	0.636818	0.154350	0.080126	0.055239	0.042801	
44	24	0.018858	0	0	8.605807	90.511963	0.625840	0.150148	0.077184	0.054283	0.041296	
44	32	0.018797	0	0	0.090991	99.972176	0.647071	0.155799	0.080045	0.056140	0.042822	
48	8	0.040726	0	0	0.000000	100.000000	0.660760	0.161755	0.081377	0.056251	0.043628	
48	16	0.047462	0	0	0.000000	100.000000	0.663722	0.160995	0.084261	0.057639	0.043927	
48	24	0.020453	0	0	8.605807	90.511963	0.652866	0.156375	0.080767	0.055862	0.043127	
48	32	0.020534	0	0	0.078472	99.972176	0.675228	0.163487	0.084245	0.058665	0.044692	
52	8	0.045943	0	0	0.000000	100.000000	0.692402	0.171244	0.089037	0.061449	0.046548	
52	16	0.051607	0	0	0.000000	100.000000	0.694246	0.175186	0.089761	0.061005	0.046400	
52	24	0.022661	0	0	8.605807	90.511963	0.686651	0.167268	0.085061	0.059331	0.045165	
52	32	0.022320	0	0	0.078472	99.972176	0.705106	0.173533	0.088814	0.061125	0.047349	
56	8	0.046972	0	0	0.000000	100.000000	0.714017	0.173606	0.090426	0.062227	0.049966	
56	16	0.055998	0	0	0.000000	100.000000	0.721245	0.177222	0.089345	0.062678	0.047756	
56	24	0.024167	0	0	8.605807	90.511963	0.706790	0.171198	0.089641	0.062463	0.047412	
56	32	0.024238	0	0	0.078472	99.972176	0.729486	0.181106	0.092580	0.062970	0.048677	
60	8	0.050346	0	0	0.000000	100.000000	0.742038	0.184931	0.094109	0.064874	0.049422	
60	16	0.059754	0	0	0.000000	100.000000	0.746267	0.182207	0.094833	0.065336	0.049755	
60	24	0.030904	0	0	0.000000	100.000000	0.754814	0.188108	0.095680	0.066030	0.050368	
60	32	0.025615	0	0	0.078472	99.972176	0.759112	0.187299	0.096502	0.065243	0.050679	
64	8	0.054531	0	0	0.000000	100.000000	0.774644	0.190567	0.097329	0.067202	0.051149	
64	16	0.063842	0	0	0.000000	100.000000	0.773418	0.191810	0.096303	0.067851	0.051544	
64	24	0.027599	0	0	0.000000	100.000000	0.780503	0.192947	0.097178	0.067182	0.052167	
64	32	0.028154	0	0	0.052315	99.972176	0.787339	0.193042	0.098148	0.068966	0.052618	
