=== Intel SCF madelon

2	8	0.122887	0	0	27.050778	100.000000	0.983272	0.242769	0.126182	0.087121	0.066386	
2	16	0.230473	0	0	30.629306	100.000000	0.954294	0.237510	0.122218	0.082814	0.064269	
2	24	0.336900	0	0	31.783444	100.000000	0.938713	0.234120	0.120102	0.082884	0.063126	
2	32	0.444130	0	0	32.699889	100.000000	0.932225	0.231693	0.119216	0.082240	0.062646	
4	8	0.125215	0	0	29.302361	100.000000	0.949204	0.235899	0.121523	0.083923	0.063953	
4	16	0.232064	0	0	32.539833	100.000000	0.918088	0.229108	0.117337	0.080084	0.061695	
4	24	0.339664	0	0	34.131556	100.000000	0.905469	0.225638	0.115648	0.079834	0.060835	
4	32	0.446502	0	0	35.224167	100.000000	0.898535	0.219630	0.112621	0.079191	0.060271	
8	8	0.131771	0	0	32.474722	100.000000	0.935282	0.232936	0.117719	0.081449	0.062908	
8	16	0.241637	0	0	36.834111	100.000000	0.890040	0.221018	0.111814	0.077129	0.059696	
8	24	0.352661	0	0	39.273833	100.000000	0.866029	0.215530	0.110512	0.074932	0.058104	
8	32	0.461310	0	0	40.928139	100.000000	0.852856	0.207846	0.108653	0.074149	0.057108	
12	8	0.139864	0	0	26.584139	100.000000	1.025537	0.255553	0.131680	0.090724	0.069171	
12	16	0.250251	0	0	31.987194	100.000000	0.959740	0.238122	0.121157	0.084059	0.067586	
12	24	0.363220	0	0	35.290722	100.000000	0.930450	0.230875	0.116683	0.082071	0.062475	
12	32	0.497720	0	0	37.943722	100.000000	0.905961	0.220255	0.115885	0.078361	0.060780	
16	8	0.145434	0	0	39.319278	100.000000	0.873270	0.217099	0.111209	0.076252	0.058535	
16	16	0.263830	0	0	46.063833	100.000000	0.799177	0.194519	0.100496	0.069101	0.053383	
16	24	0.380402	0	0	50.014639	100.000000	0.759669	0.187014	0.096333	0.066413	0.050572	
16	32	0.500187	0	0	52.806056	100.000000	0.739384	0.178041	0.091827	0.064650	0.049227	
20	8	0.153327	0	0	43.850111	100.000000	0.827635	0.205828	0.105256	0.071704	0.055344	
20	16	0.274564	0	0	51.419472	100.000000	0.742709	0.183980	0.094341	0.065085	0.049534	
20	24	0.396247	0	0	55.849861	100.000000	0.698989	0.172923	0.087923	0.059892	0.046978	
20	32	0.517523	0	0	59.088667	100.000000	0.669924	0.162775	0.084168	0.058121	0.044253	
24	8	0.145604	0	0	35.729083	100.000000	0.935673	0.233884	0.119633	0.081507	0.062848	
24	16	0.262944	0	0	44.820444	100.000000	0.838593	0.207779	0.104739	0.073655	0.056125	
24	24	0.377284	0	0	50.029972	100.000000	0.785793	0.194661	0.099660	0.067626	0.052383	
24	32	0.491703	0	0	53.780722	100.000000	0.749741	0.183416	0.093564	0.064379	0.049922	
28	8	0.155302	0	0	38.169222	100.000000	0.919806	0.225449	0.117516	0.080997	0.061697	
28	16	0.281095	0	0	48.053472	100.000000	0.810899	0.197685	0.101497	0.070180	0.054586	
28	24	0.402920	0	0	53.817694	100.000000	0.748886	0.187875	0.094832	0.064281	0.049847	
28	32	0.524273	0	0	57.758583	100.000000	0.710455	0.174837	0.088072	0.061843	0.047135	
32	8	0.163633	0	0	41.855583	100.000000	0.890440	0.221029	0.113409	0.076833	0.059606	
32	16	0.295408	0	0	52.182861	100.000000	0.772414	0.192549	0.096259	0.066508	0.051563	
32	24	0.425889	0	0	58.080389	100.000000	0.710162	0.175492	0.089679	0.061846	0.047127	
32	32	0.549183	0	0	62.047528	100.000000	0.670669	0.164705	0.084336	0.057694	0.044371	
36	8	0.165179	0	0	39.622639	100.000000	0.929534	0.232565	0.121692	0.080595	0.062489	
36	16	0.297731	0	0	50.673833	100.000000	0.806997	0.197996	0.102590	0.069475	0.053940	
36	24	0.424625	0	0	56.824056	100.000000	0.742487	0.180597	0.094064	0.064776	0.049387	
36	32	0.552636	0	0	60.997000	100.000000	0.699752	0.171588	0.088264	0.060425	0.046424	
40	8	0.162708	0	0	47.902472	100.000000	0.842111	0.208696	0.107232	0.073991	0.056345	
40	16	0.291934	0	0	59.710278	100.000000	0.706126	0.171064	0.087464	0.061597	0.046889	
40	24	0.414430	0	0	65.804611	100.000000	0.638941	0.157075	0.081583	0.055550	0.042281	
40	32	0.536713	0	0	69.763389	100.000000	0.600255	0.145055	0.073619	0.050864	0.039470	
44	8	0.191563	0	0	52.816611	100.000000	0.799874	0.195120	0.099796	0.069100	0.053415	
44	16	0.334247	0	0	64.798528	100.000000	0.653746	0.160492	0.082344	0.056847	0.043340	
44	24	0.476804	0	0	70.701917	100.000000	0.591968	0.142502	0.072530	0.050055	0.038868	
44	32	0.619133	0	0	74.726333	100.000000	0.550912	0.132703	0.067313	0.046548	0.035998	
48	8	0.189216	0	0	54.551639	100.000000	0.785037	0.194286	0.099605	0.067728	0.053126	
48	16	0.340739	0	0	66.322167	100.000000	0.649444	0.154785	0.079953	0.055309	0.042835	
48	24	0.490369	0	0	72.351250	100.000000	0.587523	0.140239	0.073486	0.049865	0.038635	
48	32	0.629755	0	0	76.178139	100.000000	0.545873	0.133158	0.067665	0.046907	0.035692	
52	8	0.190269	0	0	50.982333	100.000000	0.846089	0.207706	0.107685	0.073156	0.056623	
52	16	0.342286	0	0	63.739694	100.000000	0.699156	0.169115	0.086479	0.059721	0.046375	
52	24	0.486917	0	0	69.973361	100.000000	0.631908	0.154405	0.077675	0.053700	0.041637	
52	32	0.631332	0	0	73.906083	100.000000	0.591203	0.144325	0.074815	0.050962	0.038836	
56	8	0.177763	0	0	34.996306	100.000000	1.058407	0.260990	0.135024	0.093769	0.071913	
56	16	0.318566	0	0	47.753417	100.000000	0.920454	0.224755	0.117801	0.081165	0.061832	
56	24	0.454690	0	0	54.744694	100.000000	0.851517	0.210841	0.108447	0.073596	0.056969	
56	32	0.581087	0	0	59.301667	100.000000	0.798527	0.197948	0.101356	0.069719	0.053334	
60	8	0.189954	0	0	61.758806	100.000000	0.734090	0.181623	0.092566	0.064173	0.048775	
60	16	0.345964	0	0	73.906333	100.000000	0.594744	0.145173	0.074409	0.050412	0.039109	
60	24	0.488802	0	0	79.430056	100.000000	0.537003	0.129407	0.066604	0.045984	0.035016	
60	32	0.622441	0	0	82.736917	100.000000	0.500257	0.123546	0.061968	0.041940	0.032564	
64	8	0.218127	0	0	38.562750	100.000000	1.052240	0.255510	0.134043	0.090827	0.070461	
64	16	0.377050	0	0	52.522778	100.000000	0.889861	0.220354	0.113698	0.078425	0.059725	
64	24	0.535035	0	0	59.523306	100.000000	0.816006	0.198149	0.101887	0.071522	0.054499	
64	32	0.698894	0	0	64.079917	100.000000	0.767894	0.190438	0.096000	0.066419	0.051448	
