=== Intel SCF digits

2	8	0.033125	0	0	98.455938	17.417917	0.035172	0.009018	0.004548	0.003044	0.002300	
2	16	0.060915	0	0	98.593174	30.217028	0.035826	0.009202	0.004604	0.003097	0.002362	
2	24	0.088342	0	0	98.718561	39.065109	0.036483	0.009276	0.004659	0.003119	0.002351	
2	32	0.116044	0	0	98.810046	44.240398	0.037032	0.009442	0.004734	0.003166	0.002387	
4	8	0.036246	0	0	98.998724	27.351141	0.042384	0.010798	0.005408	0.003639	0.002736	
4	16	0.067249	0	0	99.101534	44.462994	0.043479	0.011027	0.005523	0.003732	0.002796	
4	24	0.096848	0	0	99.164533	54.702282	0.044552	0.011285	0.005664	0.003791	0.002883	
4	32	0.127407	0	0	99.214999	59.042847	0.045608	0.011561	0.005787	0.003881	0.002925	
8	8	0.045811	0	0	99.296951	42.431831	0.059549	0.015209	0.007582	0.005076	0.003825	
8	16	0.084775	0	0	99.394608	58.514191	0.060817	0.015369	0.007697	0.005150	0.003911	
8	24	0.119769	0	0	99.419805	65.859764	0.062373	0.015821	0.007952	0.005316	0.004035	
8	32	0.155723	0	0	99.447083	70.061211	0.064070	0.016202	0.008115	0.005436	0.004112	
12	8	0.058517	0	0	99.229890	57.178627	0.079224	0.019992	0.010012	0.006685	0.005033	
12	16	0.104885	0	0	99.300444	73.594879	0.081037	0.020533	0.010272	0.006860	0.005157	
12	24	0.154424	0	0	99.321274	79.437950	0.083378	0.020971	0.010629	0.007087	0.005326	
12	32	0.200784	0	0	99.334739	82.387314	0.085370	0.021582	0.010789	0.007205	0.005421	
16	8	0.062984	0	0	99.485977	66.833611	0.099075	0.025032	0.012535	0.008375	0.006306	
16	16	0.111775	0	0	99.502149	78.658882	0.101988	0.025781	0.012886	0.008599	0.006475	
16	24	0.162424	0	0	98.132034	84.056763	0.110436	0.027953	0.013950	0.009336	0.007011	
16	32	0.209362	0	0	96.473371	86.894821	0.121719	0.030865	0.015390	0.010304	0.007729	
20	8	0.064007	0	0	8.265061	96.327209	0.479941	0.115050	0.059109	0.040050	0.031070	
20	16	0.112657	0	0	1.932377	99.666115	0.493691	0.118354	0.061102	0.042174	0.032026	
20	24	0.164866	0	0	0.130569	99.944351	0.500802	0.122007	0.063065	0.042727	0.032833	
20	32	0.191850	0	0	0.643776	99.888702	0.507690	0.121635	0.062899	0.042737	0.033071	
24	8	0.051589	0	0	0.000000	100.000000	0.506016	0.122078	0.061457	0.042447	0.032979	
24	16	0.097650	0	0	0.000000	100.000000	0.510821	0.121709	0.061995	0.042734	0.033031	
24	24	0.116411	0	0	0.000000	100.000000	0.511638	0.124411	0.063423	0.043698	0.033367	
24	32	0.141843	0	0	0.000000	100.000000	0.514714	0.124949	0.062603	0.043325	0.033578	
28	8	0.062176	0	0	0.000000	100.000000	0.529229	0.124839	0.064719	0.044521	0.034456	
28	16	0.110878	0	0	0.000000	100.000000	0.531778	0.126519	0.064918	0.045594	0.034696	
28	24	0.139266	0	0	0.000000	100.000000	0.535593	0.129776	0.066625	0.045087	0.035002	
28	32	0.171524	0	0	0.000000	100.000000	0.540360	0.130248	0.066968	0.045444	0.035228	
32	8	0.071407	0	0	0.000000	100.000000	0.555583	0.134490	0.067926	0.046984	0.036300	
32	16	0.122954	0	0	0.000000	100.000000	0.561860	0.135119	0.068347	0.047177	0.036601	
32	24	0.155202	0	0	0.000000	100.000000	0.563967	0.133973	0.070273	0.047610	0.036880	
32	32	0.196106	0	0	0.000000	100.000000	0.564909	0.138527	0.070752	0.047874	0.037125	
36	8	0.030174	0	0	0.000000	100.000000	0.581360	0.142095	0.071786	0.049980	0.038645	
36	16	0.036139	0	0	0.000000	100.000000	0.584677	0.148206	0.072268	0.050374	0.039045	
36	24	0.015402	0	0	8.605807	90.511963	0.571129	0.136845	0.071254	0.048346	0.037481	
36	32	0.015352	0	0	0.810882	99.360046	0.593037	0.142277	0.074888	0.051948	0.039718	
40	8	0.032920	0	0	0.000000	100.000000	0.605080	0.147770	0.075982	0.051498	0.039906	
40	16	0.039311	0	0	0.000000	100.000000	0.610513	0.149656	0.076456	0.051791	0.040158	
40	24	0.017434	0	0	8.605807	90.511963	0.596390	0.145465	0.074739	0.051574	0.039373	
40	32	0.016999	0	0	0.078472	99.972176	0.619970	0.150789	0.075995	0.053517	0.040728	
44	8	0.036656	0	0	0.000000	100.000000	0.633506	0.154090	0.078209	0.053974	0.041857	
44	16	0.043439	0	0	0.000000	100.000000	0.638658	0.155994	0.080030	0.055253	0.042112	
44	24	0.018807	0	0	8.605807	90.511963	0.625453	0.153774	0.078527	0.053776	0.041301	
44	32	0.018787	0	0	0.090991	99.972176	0.648518	0.158633	0.080196	0.056241	0.042825	
48	8	0.039979	0	0	0.000000	100.000000	0.658957	0.160033	0.083119	0.057255	0.043611	
48	16	0.047489	0	0	0.000000	100.000000	0.662577	0.161812	0.082034	0.057679	0.043898	
48	24	0.020617	0	0	8.605807	90.511963	0.651357	0.160934	0.080435	0.056535	0.043134	
48	32	0.020553	0	0	0.078472	99.972176	0.674943	0.165951	0.085026	0.058422	0.044693	
52	8	0.043951	0	0	0.000000	100.000000	0.688925	0.171856	0.088656	0.060923	0.046155	
52	16	0.051984	0	0	0.000000	100.000000	0.694619	0.172292	0.088376	0.060734	0.047389	
52	24	0.022420	0	0	8.605807	90.511963	0.681510	0.167641	0.085980	0.058266	0.045187	
52	32	0.022333	0	0	0.078472	99.972176	0.706502	0.170557	0.090132	0.062389	0.047576	
56	8	0.047152	0	0	0.000000	100.000000	0.714697	0.176214	0.088871	0.061438	0.047414	
56	16	0.055623	0	0	0.000000	100.000000	0.720819	0.178305	0.091087	0.062642	0.047762	
56	24	0.024241	0	0	8.605807	90.511963	0.707116	0.170604	0.089330	0.061259	0.046977	
56	32	0.024035	0	0	0.078472	99.972176	0.731774	0.178522	0.090793	0.063008	0.048692	
60	8	0.050368	0	0	0.000000	100.000000	0.743030	0.180955	0.093968	0.064805	0.049431	
60	16	0.058785	0	0	0.000000	100.000000	0.748156	0.183914	0.094487	0.065284	0.049821	
60	24	0.025682	0	0	0.000000	100.000000	0.756557	0.184088	0.095601	0.065181	0.050456	
60	32	0.025720	0	0	0.078472	99.972176	0.760881	0.186449	0.094948	0.065553	0.050666	
64	8	0.054522	0	0	0.000000	100.000000	0.767986	0.189489	0.097496	0.067118	0.051143	
64	16	0.063919	0	0	0.000000	100.000000	0.771746	0.190795	0.096330	0.066614	0.051564	
64	24	0.027614	0	0	0.000000	100.000000	0.781842	0.191158	0.099055	0.067183	0.052129	
64	32	0.027551	0	0	0.052315	99.972176	0.788178	0.195127	0.099892	0.068945	0.052565	
