=== AMD PCAF digits

5	0.021241	1	1	99.218304	52.281582	0.107541	0.020532	0.010413	0.007174	0.006140	0.005598	0.003895	0.003507	0.002643	
5	0.004151	1	1	99.218304	52.281582	0.106580	0.020483	0.009153	0.006949	0.005060	0.004566	0.003704	0.003019	0.002799	
5	0.004518	1	2	98.741996	64.440735	0.113689	0.021379	0.010022	0.007753	0.005824	0.004840	0.003679	0.004020	0.002757	
5	0.005295	1	4	97.909018	74.012245	0.128241	0.026990	0.013483	0.008078	0.007293	0.005077	0.005876	0.003307	0.003022	
5	0.004317	1	8	96.480678	81.552589	0.152729	0.024877	0.013167	0.008894	0.006729	0.007226	0.006587	0.004542	0.004874	
5	0.004305	1	16	94.109621	88.369507	0.196994	0.030997	0.018361	0.014586	0.010195	0.007368	0.006520	0.005463	0.004871	

5	0.004142	2	1	97.631490	81.552589	0.127578	0.020634	0.010782	0.008312	0.006627	0.005609	0.004250	0.003370	0.003039	
5	0.003985	2	2	96.218055	88.397331	0.148744	0.026782	0.013233	0.007842	0.008650	0.005298	0.004126	0.003726	0.003464	
5	0.005082	2	4	93.958964	93.628273	0.183777	0.035129	0.015795	0.009701	0.009236	0.008787	0.004868	0.004281	0.004044	
5	0.005226	2	8	90.212929	96.967163	0.239744	0.036554	0.019612	0.013051	0.009980	0.008305	0.006653	0.005380	0.005072	
5	0.004256	2	16	84.249172	98.580971	0.328809	0.054609	0.025544	0.020779	0.012684	0.014858	0.008214	0.007243	0.006610	

5	0.005781	3	1	94.246274	93.377853	0.171035	0.028169	0.013240	0.009573	0.008321	0.007483	0.004828	0.004237	0.004070	
5	0.005630	3	2	90.785919	96.633278	0.219165	0.035071	0.018921	0.013833	0.009499	0.007725	0.005677	0.005180	0.004736	
5	0.005769	3	4	86.157314	98.747917	0.280761	0.040174	0.022671	0.014380	0.011534	0.012049	0.006882	0.006468	0.005579	
5	0.004246	3	8	78.941419	99.471344	0.377603	0.052559	0.027502	0.020813	0.014354	0.011083	0.009479	0.007949	0.007426	
5	0.004370	3	16	67.398770	99.777405	0.528863	0.073692	0.036233	0.025010	0.021256	0.020441	0.012808	0.010820	0.009824	

5	0.003994	4	1	87.824565	97.746239	0.252017	0.037623	0.020548	0.014065	0.010817	0.009279	0.006853	0.005885	0.005409	
5	0.004000	4	2	80.573939	99.193100	0.341697	0.049838	0.025662	0.016754	0.014488	0.009643	0.008292	0.007631	0.006752	
5	0.005874	4	4	72.705097	99.610458	0.442144	0.060218	0.030679	0.023425	0.016367	0.012542	0.010357	0.009264	0.008804	
5	0.006503	4	8	61.396162	99.916527	0.582384	0.085505	0.040184	0.033202	0.024519	0.016346	0.013350	0.012195	0.011047	
5	0.004367	4	16	46.148557	99.944351	0.780029	0.105346	0.053093	0.035458	0.032237	0.020897	0.017780	0.015325	0.013776	

5	0.005946	5	1	76.797147	99.554810	0.382130	0.052278	0.030442	0.019375	0.014822	0.011245	0.009337	0.008596	0.007629	
5	0.004909	5	2	65.027247	99.860878	0.521625	0.073513	0.036638	0.024742	0.018717	0.014128	0.012047	0.010726	0.009464	
5	0.004206	5	4	54.914336	99.944351	0.635983	0.087795	0.045003	0.029772	0.022518	0.017329	0.017647	0.013042	0.011702	
5	0.004557	5	8	41.127298	100.000000	0.793588	0.108159	0.053165	0.036873	0.027305	0.021415	0.018042	0.015848	0.014565	
5	0.004403	5	16	26.113013	100.000000	0.973968	0.131018	0.065318	0.044420	0.033159	0.026731	0.022362	0.019310	0.017186	

6	0.021222	1	1	99.280066	57.679470	0.124585	0.021798	0.010409	0.007187	0.006844	0.004785	0.003816	0.003482	0.003126	
6	0.004612	1	1	99.280066	57.679470	0.120188	0.023228	0.012550	0.008045	0.006456	0.004780	0.004716	0.003260	0.003057	
6	0.004293	1	2	98.812521	69.476906	0.128551	0.022568	0.012479	0.007031	0.005878	0.004958	0.004065	0.003241	0.002973	
6	0.004674	1	4	98.010198	78.380630	0.142832	0.026509	0.012351	0.008546	0.007567	0.005184	0.004348	0.004360	0.003515	
6	0.004737	1	8	96.629253	85.503616	0.165799	0.029211	0.014110	0.009511	0.009738	0.006747	0.004649	0.004292	0.003740	
6	0.004387	1	16	94.291311	91.012802	0.205177	0.033202	0.017267	0.012933	0.011054	0.007690	0.005907	0.005315	0.005236	

6	0.004830	2	1	97.827460	84.780190	0.142172	0.024401	0.011793	0.009101	0.007923	0.006526	0.004623	0.004345	0.003564	
6	0.005273	2	2	96.439542	91.485809	0.160262	0.028238	0.013083	0.008600	0.009215	0.008090	0.005383	0.003780	0.003774	
6	0.006304	2	4	94.242096	95.659431	0.194376	0.032650	0.016163	0.010941	0.007644	0.006830	0.006656	0.004522	0.004436	
6	0.005095	2	8	90.606747	98.497498	0.249655	0.037581	0.021137	0.013153	0.010214	0.009020	0.006883	0.005652	0.004962	
6	0.004518	2	16	84.698827	99.165276	0.336687	0.055104	0.025988	0.017630	0.013336	0.010703	0.010736	0.007460	0.006683	

6	0.005322	3	1	94.573599	94.713417	0.182569	0.028524	0.014529	0.011144	0.008695	0.007076	0.004772	0.004346	0.004041	
6	0.005360	3	2	91.183594	97.885361	0.226288	0.037214	0.018175	0.012109	0.010254	0.007268	0.006074	0.005210	0.004690	
6	0.004289	3	4	86.669429	99.053978	0.289540	0.041805	0.021496	0.016127	0.010945	0.008995	0.007292	0.006230	0.005962	
6	0.004493	3	8	79.470769	99.666115	0.386677	0.055146	0.027237	0.018891	0.018541	0.012184	0.009572	0.008017	0.007512	
6	0.004385	3	16	68.047496	99.860878	0.536031	0.075724	0.037031	0.025291	0.024155	0.014751	0.012407	0.010925	0.009760	

6	0.004398	4	1	88.214874	98.553146	0.260657	0.037535	0.023165	0.017103	0.013462	0.011610	0.007023	0.005949	0.005381	
6	0.004269	4	2	81.059519	99.499168	0.349481	0.050047	0.025482	0.018317	0.013358	0.011857	0.009334	0.007623	0.006797	
6	0.004228	4	4	73.250576	99.944351	0.447491	0.061249	0.031291	0.024995	0.017164	0.012920	0.010536	0.011489	0.008842	
6	0.004190	4	8	61.975164	100.000000	0.586784	0.080203	0.042097	0.037992	0.022438	0.016382	0.013698	0.011839	0.011123	
6	0.005466	4	16	46.758999	99.972176	0.780965	0.108238	0.056014	0.035282	0.027214	0.021461	0.017879	0.015727	0.013702	

6	0.004442	5	1	77.231911	99.693939	0.387613	0.054407	0.029626	0.022933	0.015840	0.011585	0.009522	0.008478	0.007696	
6	0.004587	5	2	65.545214	99.916527	0.525759	0.073171	0.040410	0.025794	0.019142	0.015605	0.012207	0.010824	0.009640	
6	0.004149	5	4	55.426525	99.972176	0.645174	0.090481	0.046086	0.030273	0.023646	0.017944	0.014728	0.013492	0.012024	
6	0.004249	5	8	41.544085	100.000000	0.806653	0.107235	0.056548	0.037162	0.030125	0.021824	0.018441	0.015940	0.014806	
6	0.005875	5	16	26.541198	100.000000	0.990575	0.131570	0.065668	0.044558	0.036035	0.027000	0.022200	0.019263	0.017075	

7	0.020560	1	1	99.330634	63.105179	0.139876	0.021967	0.010909	0.009985	0.006032	0.006574	0.004187	0.004383	0.003192	
7	0.004801	1	1	99.330634	63.105179	0.131397	0.021813	0.010669	0.007985	0.006971	0.005535	0.005235	0.004600	0.003101	
7	0.005010	1	2	98.894589	73.873123	0.138965	0.022678	0.011947	0.009036	0.006281	0.006116	0.005057	0.003470	0.003321	
7	0.004483	1	4	98.120651	82.442963	0.156477	0.025277	0.012885	0.010535	0.008098	0.007242	0.004221	0.003757	0.003535	
7	0.005555	1	8	96.801671	89.037285	0.177107	0.030896	0.014890	0.009794	0.007457	0.006714	0.005728	0.004775	0.003911	
7	0.004827	1	16	94.519101	93.489143	0.214570	0.036364	0.018231	0.013315	0.011429	0.007609	0.007572	0.005762	0.005632	

7	0.004392	2	1	98.001450	88.286034	0.149850	0.027112	0.014320	0.008938	0.008710	0.006050	0.005233	0.003670	0.003418	
7	0.004343	2	2	96.710768	93.795219	0.169302	0.026396	0.014653	0.008891	0.007198	0.007566	0.005749	0.004230	0.003681	
7	0.004382	2	4	94.620121	97.050636	0.202510	0.030272	0.016610	0.010845	0.008820	0.007518	0.005793	0.004850	0.004323	
7	0.004419	2	8	91.095573	98.914856	0.254774	0.038585	0.021220	0.013371	0.009922	0.010399	0.006509	0.005663	0.005067	
7	0.004767	2	16	85.315704	99.526993	0.341903	0.053052	0.026872	0.017024	0.016748	0.011268	0.008734	0.007896	0.006631	

7	0.004403	3	1	94.966398	96.299385	0.188782	0.030866	0.016139	0.010997	0.008603	0.007490	0.005589	0.004434	0.004003	
7	0.004445	3	2	91.708563	98.887032	0.232506	0.034936	0.018188	0.012237	0.011996	0.006701	0.005830	0.005272	0.004933	
7	0.004876	3	4	87.243482	99.554810	0.295839	0.045847	0.022929	0.016866	0.011330	0.013185	0.007213	0.006519	0.005830	
7	0.004485	3	8	80.205653	99.805229	0.389407	0.055010	0.029112	0.020687	0.014540	0.011975	0.009350	0.008126	0.007390	
7	0.005376	3	16	68.877591	99.916527	0.538820	0.074124	0.038671	0.028643	0.018758	0.015279	0.012703	0.010928	0.009969	

7	0.004734	4	1	88.732754	99.193100	0.265672	0.040558	0.021219	0.016526	0.013849	0.008771	0.009222	0.005922	0.005624	
7	0.005570	4	2	81.873850	99.833054	0.352504	0.052477	0.026634	0.019871	0.013539	0.009970	0.008519	0.007648	0.006869	
7	0.006154	4	4	74.067003	99.944351	0.450535	0.060525	0.031242	0.022332	0.016851	0.012706	0.010701	0.009307	0.008855	
7	0.005791	4	8	62.736380	99.972176	0.591621	0.081259	0.042981	0.029678	0.027031	0.016389	0.013806	0.012027	0.010926	
7	0.005481	4	16	47.476197	99.972176	0.787198	0.109782	0.053794	0.039362	0.029057	0.026748	0.018156	0.015865	0.013768	

7	0.004798	5	1	77.784770	99.888702	0.394493	0.054867	0.027989	0.019620	0.014952	0.011855	0.009870	0.009145	0.007834	
7	0.006044	5	2	66.506388	100.000000	0.529178	0.074568	0.037164	0.025801	0.018827	0.014962	0.012251	0.010827	0.009818	
7	0.005574	5	4	56.277669	99.972176	0.651832	0.089326	0.044017	0.033461	0.024166	0.021226	0.015923	0.013678	0.012072	
7	0.006327	5	8	42.187382	100.000000	0.814443	0.111460	0.055867	0.037061	0.031897	0.022322	0.018342	0.016242	0.015045	
7	0.004640	5	16	26.918480	100.000000	1.000225	0.136479	0.069428	0.044331	0.034049	0.026703	0.022331	0.020629	0.017458	

8	0.020313	1	1	99.374448	65.247635	0.149730	0.027936	0.012155	0.008164	0.006670	0.005123	0.005067	0.003768	0.004041	
8	0.004326	1	1	99.374448	65.247635	0.145790	0.023356	0.012134	0.008702	0.008064	0.006524	0.004356	0.003552	0.003294	
8	0.004213	1	2	98.956205	76.905952	0.150995	0.028290	0.012773	0.008835	0.007351	0.007474	0.006492	0.005388	0.003447	
8	0.004326	1	4	98.196998	85.225372	0.163654	0.025789	0.015987	0.010529	0.009669	0.006498	0.005018	0.004131	0.004536	
8	0.006192	1	8	96.898455	92.014465	0.187337	0.031114	0.015666	0.012412	0.008208	0.007126	0.005591	0.005322	0.004391	
8	0.005095	1	16	94.656366	95.047302	0.227058	0.038609	0.019523	0.014187	0.010919	0.008831	0.007462	0.006106	0.005042	

8	0.004094	2	1	98.125935	89.899834	0.160660	0.025627	0.013438	0.008981	0.008879	0.006285	0.004251	0.003887	0.003742	
8	0.005737	2	2	96.862370	95.214249	0.179783	0.030472	0.014938	0.011700	0.007615	0.006228	0.005413	0.004738	0.003916	
8	0.003996	2	4	94.780690	97.913185	0.214346	0.034536	0.016874	0.012055	0.011227	0.007839	0.005355	0.004904	0.004546	
8	0.004270	2	8	91.331092	99.304398	0.264252	0.041284	0.023724	0.013979	0.012033	0.009777	0.006776	0.006023	0.005579	
8	0.005313	2	16	85.700599	99.638283	0.348798	0.053411	0.026883	0.017329	0.013786	0.012278	0.011068	0.007774	0.006799	

8	0.004437	3	1	95.200767	97.106293	0.202448	0.031925	0.016649	0.011717	0.010052	0.008534	0.005856	0.005472	0.004250	
8	0.004342	3	2	92.012715	99.220924	0.241316	0.034848	0.021376	0.012679	0.010489	0.007672	0.006197	0.005427	0.005151	
8	0.005596	3	4	87.447894	99.693939	0.303709	0.044039	0.026515	0.020307	0.015931	0.009556	0.007351	0.006678	0.006257	
8	0.004835	3	8	80.562701	99.972176	0.400934	0.056101	0.029603	0.022441	0.015244	0.011897	0.009508	0.008185	0.007600	
8	0.004012	3	16	69.365296	100.000000	0.544330	0.077218	0.038157	0.026801	0.020129	0.015168	0.012795	0.011143	0.009928	

8	0.004050	4	1	89.146820	99.443520	0.273638	0.039486	0.022602	0.017901	0.012703	0.010197	0.009353	0.006084	0.005816	
8	0.005572	4	2	82.348818	99.916527	0.364321	0.051296	0.028076	0.018187	0.014153	0.011083	0.008639	0.007706	0.006991	
8	0.005131	4	4	74.300120	99.916527	0.458197	0.063307	0.033299	0.021875	0.016886	0.014252	0.010734	0.009665	0.008954	
8	0.004363	4	8	63.115015	100.000000	0.602853	0.083463	0.042273	0.028171	0.021702	0.020107	0.013906	0.012097	0.011109	
8	0.005287	4	16	47.833013	100.000000	0.795637	0.114495	0.055957	0.038131	0.028008	0.021548	0.018096	0.015916	0.014025	

8	0.004247	5	1	78.341675	99.916527	0.402940	0.057139	0.031904	0.019964	0.018054	0.019543	0.009666	0.008629	0.007893	
8	0.004072	5	2	66.984559	100.000000	0.536826	0.075466	0.037684	0.025513	0.018977	0.015658	0.012707	0.010954	0.009998	
8	0.004406	5	4	56.420436	100.000000	0.664921	0.091254	0.046062	0.030314	0.022759	0.018820	0.015197	0.013223	0.012314	
8	0.005663	5	8	42.491155	100.000000	0.817600	0.114566	0.054724	0.037374	0.028434	0.021793	0.018470	0.016292	0.015169	
8	0.005212	5	16	27.094726	100.000000	1.006108	0.133083	0.066139	0.045080	0.034588	0.027428	0.022704	0.019984	0.017491	

9	0.023320	1	1	99.412134	68.948242	0.159006	0.024422	0.013200	0.009505	0.006740	0.005460	0.004566	0.003865	0.003658	
9	0.004387	1	1	99.412134	68.948242	0.155190	0.031006	0.015972	0.008398	0.008197	0.005312	0.004614	0.004282	0.003506	
9	0.007066	1	2	98.990281	79.910965	0.165536	0.026497	0.013523	0.009949	0.007026	0.007678	0.004306	0.003901	0.003821	
9	0.005737	1	4	98.259881	88.007790	0.177711	0.029749	0.015974	0.010292	0.009754	0.005508	0.004559	0.004402	0.003769	
9	0.004390	1	8	96.973827	94.045631	0.198957	0.034322	0.016714	0.010967	0.010115	0.006773	0.005555	0.004639	0.004398	
9	0.004781	1	16	94.752669	96.466331	0.238182	0.036278	0.019339	0.013227	0.011145	0.007482	0.006466	0.005701	0.005402	

9	0.005797	2	1	98.230375	91.903175	0.175787	0.029239	0.014234	0.010681	0.007450	0.005935	0.005635	0.004174	0.003971	
9	0.005422	2	2	96.972386	96.271561	0.189949	0.030183	0.015487	0.010214	0.008463	0.008838	0.005145	0.004486	0.004253	
9	0.004398	2	4	94.903035	98.469673	0.222458	0.033864	0.020995	0.011730	0.008982	0.007394	0.005785	0.005074	0.004510	
9	0.004328	2	8	91.457585	99.554810	0.273989	0.045141	0.020042	0.015493	0.011032	0.009017	0.006768	0.005965	0.005564	
9	0.005354	2	16	85.978593	99.805229	0.357955	0.053105	0.030018	0.018436	0.014754	0.010741	0.008661	0.007825	0.008777	

9	0.004460	3	1	95.393404	98.024490	0.207657	0.030252	0.016143	0.012604	0.010314	0.006574	0.005308	0.004975	0.004471	
9	0.004471	3	2	92.133545	99.360046	0.252933	0.038036	0.020652	0.015433	0.012929	0.007857	0.008144	0.005915	0.006570	
9	0.004408	3	4	87.588522	99.833054	0.312897	0.045659	0.022737	0.017597	0.014403	0.009402	0.007892	0.006966	0.006376	
9	0.005447	3	8	80.683780	100.000000	0.406902	0.056449	0.029912	0.019936	0.016745	0.012373	0.010731	0.008469	0.007536	
9	0.005253	3	16	69.655678	100.000000	0.556007	0.076430	0.039378	0.026695	0.019799	0.016225	0.013071	0.011279	0.009921	

9	0.004774	4	1	89.448628	99.693939	0.280712	0.043589	0.022498	0.016951	0.015158	0.008888	0.008763	0.006628	0.007561	
9	0.005011	4	2	82.369313	99.944351	0.368061	0.052734	0.026929	0.018710	0.014508	0.011065	0.008943	0.007929	0.007060	
9	0.004459	4	4	74.395085	100.000000	0.470001	0.067921	0.037491	0.023852	0.020834	0.014309	0.010957	0.009756	0.008931	
9	0.005921	4	8	63.129018	100.000000	0.609211	0.086474	0.045822	0.028648	0.024895	0.021166	0.014216	0.012269	0.011349	
9	0.006613	4	16	48.010570	100.000000	0.795374	0.113954	0.054735	0.037009	0.028119	0.021543	0.018242	0.015889	0.014191	

9	0.004309	5	1	78.825421	99.944351	0.404712	0.057310	0.030400	0.020244	0.019721	0.012256	0.010134	0.008905	0.008113	
9	0.005947	5	2	67.009072	100.000000	0.544057	0.074129	0.038568	0.024970	0.023008	0.015051	0.012576	0.011217	0.009997	
9	0.004817	5	4	56.486506	100.000000	0.668286	0.090761	0.052134	0.031478	0.023214	0.018174	0.015220	0.013344	0.012185	
9	0.006016	5	8	42.447690	100.000000	0.831155	0.108704	0.057855	0.038902	0.030133	0.022356	0.019334	0.016418	0.015331	
9	0.004464	5	16	27.111480	100.000000	1.010367	0.134650	0.068893	0.046972	0.034273	0.026927	0.022901	0.019974	0.017581	

10	0.020466	1	1	99.441581	71.702835	0.168732	0.027157	0.014047	0.011422	0.007135	0.005629	0.004828	0.004304	0.003752	
10	0.004558	1	1	99.441581	71.702835	0.168560	0.033652	0.014004	0.010612	0.007532	0.007057	0.004956	0.004262	0.003668	
10	0.005079	1	2	99.029524	83.055092	0.178897	0.030013	0.019028	0.011122	0.007754	0.006603	0.006136	0.004182	0.003998	
10	0.005829	1	4	98.314787	90.261551	0.188952	0.031130	0.015935	0.013229	0.010324	0.006525	0.004995	0.004672	0.004043	
10	0.006069	1	8	97.042954	95.436844	0.211886	0.036357	0.018065	0.012734	0.009246	0.007068	0.005397	0.005020	0.004586	
10	0.004746	1	16	94.794911	97.579300	0.255084	0.039035	0.020132	0.014542	0.012257	0.007940	0.006784	0.006049	0.005685	

10	0.005086	2	1	98.278760	93.322205	0.185495	0.028952	0.015415	0.012755	0.007901	0.006227	0.007745	0.004843	0.004165	
10	0.005130	2	2	97.060407	96.994987	0.203378	0.031836	0.016756	0.010680	0.007715	0.006566	0.005465	0.004824	0.004336	
10	0.004559	2	4	95.026588	98.747917	0.234283	0.037452	0.017698	0.012185	0.012451	0.007218	0.006098	0.005480	0.004898	
10	0.004959	2	8	91.632332	99.721756	0.289105	0.042402	0.022966	0.016545	0.011280	0.009377	0.008546	0.007985	0.005840	
10	0.005990	2	16	86.046556	99.860878	0.375109	0.056601	0.027441	0.018913	0.014265	0.015469	0.009067	0.007882	0.009851	

10	0.005579	3	1	95.478834	98.553146	0.220891	0.032633	0.018111	0.012647	0.008485	0.007305	0.006324	0.006484	0.004598	
10	0.006163	3	2	92.282106	99.693939	0.264223	0.040096	0.022402	0.014524	0.012348	0.010617	0.006498	0.006005	0.005268	
10	0.004504	3	4	87.809121	99.944351	0.324597	0.047574	0.025206	0.020300	0.017260	0.009385	0.007955	0.007379	0.006550	
10	0.005043	3	8	80.948426	100.000000	0.418333	0.060525	0.030408	0.020858	0.015776	0.013248	0.009941	0.008588	0.008288	
10	0.004711	3	16	69.653145	100.000000	0.568827	0.078554	0.040386	0.026910	0.020688	0.015413	0.013228	0.011538	0.010287	

10	0.005791	4	1	89.550011	99.833054	0.302174	0.044534	0.022303	0.015293	0.015099	0.010314	0.007368	0.006564	0.005823	
10	0.004688	4	2	82.613406	99.972176	0.379944	0.055699	0.030589	0.024175	0.014419	0.011204	0.009117	0.008221	0.007208	
10	0.004720	4	4	74.728785	100.000000	0.479786	0.066305	0.036296	0.032323	0.020866	0.013469	0.011312	0.009925	0.009119	
10	0.005402	4	8	63.429167	100.000000	0.621146	0.086284	0.042572	0.028046	0.021743	0.017804	0.014521	0.012433	0.011536	
10	0.005088	4	16	47.847715	100.000000	0.815604	0.111794	0.055250	0.037733	0.034447	0.022103	0.018518	0.016237	0.014423	

10	0.005964	5	1	78.989163	99.972176	0.417337	0.057245	0.031566	0.022497	0.016181	0.012721	0.012834	0.009296	0.008077	
10	0.004583	5	2	67.348784	100.000000	0.557518	0.077180	0.039297	0.028188	0.020677	0.015616	0.012998	0.011338	0.010229	
10	0.006274	5	4	56.865928	100.000000	0.679845	0.091547	0.047873	0.031562	0.023847	0.019007	0.015395	0.014035	0.012451	
10	0.005708	5	8	42.701870	100.000000	0.845291	0.115572	0.058023	0.049495	0.030344	0.022492	0.019048	0.016657	0.015652	
10	0.005932	5	16	26.859324	100.000000	1.034349	0.139935	0.070640	0.047928	0.035512	0.027386	0.023204	0.020172	0.018106	

11	0.021048	1	1	99.448845	74.401779	0.183770	0.029935	0.015239	0.011934	0.009875	0.008332	0.005147	0.004392	0.004158	
11	0.006245	1	1	99.448845	74.401779	0.183827	0.028967	0.015019	0.009824	0.009942	0.006224	0.005382	0.004281	0.004087	
11	0.005853	1	2	99.043207	85.475792	0.191370	0.034971	0.015223	0.010186	0.008869	0.007905	0.005782	0.004891	0.004034	
11	0.005190	1	4	98.324845	91.764053	0.204348	0.031907	0.017198	0.010745	0.008885	0.007913	0.005717	0.004788	0.004471	
11	0.006226	1	8	97.070451	96.215912	0.228883	0.035500	0.019092	0.011953	0.009551	0.008774	0.007102	0.005386	0.004664	
11	0.004740	1	16	94.827212	97.746239	0.272488	0.041879	0.021313	0.014335	0.010662	0.009150	0.006959	0.006279	0.005597	

11	0.005186	2	1	98.314976	94.602112	0.200351	0.034687	0.020420	0.010473	0.009937	0.008834	0.005901	0.004949	0.004157	
11	0.005317	2	2	97.107831	97.412354	0.220510	0.035835	0.017995	0.015080	0.009760	0.007056	0.005811	0.004846	0.004643	
11	0.006161	2	4	95.062993	99.248749	0.249781	0.037557	0.020345	0.013668	0.010475	0.007997	0.006443	0.005500	0.005173	
11	0.006147	2	8	91.713512	99.805229	0.301489	0.046003	0.024087	0.020634	0.012811	0.010130	0.009121	0.006620	0.005871	
11	0.004878	2	16	86.145756	99.888702	0.386926	0.057991	0.028447	0.018974	0.015549	0.012237	0.009312	0.009450	0.007447	

11	0.004834	3	1	95.561469	98.914856	0.234798	0.036479	0.018102	0.013674	0.010803	0.010257	0.008393	0.005411	0.004797	
11	0.005572	3	2	92.385615	99.582634	0.277084	0.039846	0.020713	0.013964	0.011554	0.009781	0.007970	0.006060	0.005656	
11	0.006509	3	4	87.816865	99.972176	0.340119	0.051468	0.025904	0.017170	0.015614	0.010084	0.008247	0.007299	0.006496	
11	0.004897	3	8	81.019475	100.000000	0.437018	0.060100	0.030810	0.020550	0.018222	0.014279	0.010327	0.009016	0.007983	
11	0.006446	3	16	69.728677	100.000000	0.587158	0.079498	0.046123	0.030688	0.021037	0.016483	0.013423	0.011845	0.010591	

11	0.005002	4	1	89.639285	99.805229	0.309277	0.046546	0.022997	0.016900	0.011899	0.011358	0.007938	0.006760	0.006117	
11	0.005813	4	2	82.765766	100.000000	0.393357	0.057490	0.028285	0.019410	0.016954	0.012551	0.010401	0.008437	0.007609	
11	0.006121	4	4	74.673166	100.000000	0.495421	0.068574	0.035490	0.025412	0.022733	0.014546	0.011490	0.010430	0.009315	
11	0.006437	4	8	63.511045	100.000000	0.634466	0.090962	0.047819	0.031220	0.022842	0.017464	0.014459	0.013069	0.011712	
11	0.006126	4	16	47.896653	100.000000	0.829608	0.118171	0.056143	0.038515	0.029586	0.022453	0.019199	0.016574	0.014616	

11	0.006115	5	1	79.088873	99.944351	0.431470	0.059876	0.030652	0.022467	0.017567	0.014082	0.010353	0.009379	0.008301	
11	0.007839	5	2	67.540402	100.000000	0.568729	0.077721	0.041797	0.028117	0.022171	0.019045	0.013119	0.011849	0.010410	
11	0.004702	5	4	56.833395	100.000000	0.695466	0.095385	0.047485	0.032109	0.024497	0.024335	0.015939	0.013966	0.012531	
11	0.006321	5	8	42.776237	100.000000	0.859276	0.116012	0.057832	0.039741	0.029748	0.022761	0.019540	0.017448	0.015722	
11	0.005096	5	16	26.888727	100.000000	1.050308	0.139192	0.069413	0.053037	0.036557	0.028658	0.023905	0.020783	0.018240	

12	0.020537	1	1	99.460198	76.460770	0.200664	0.031127	0.015834	0.012072	0.008492	0.008239	0.005692	0.005153	0.004250	
12	0.004572	1	1	99.460198	76.460770	0.199393	0.035335	0.016235	0.011329	0.008640	0.006744	0.006807	0.004563	0.004220	
12	0.004747	1	2	99.062130	87.367836	0.210423	0.031420	0.015881	0.014420	0.007854	0.009117	0.006649	0.004943	0.004612	
12	0.004619	1	4	98.345486	93.516975	0.220948	0.033267	0.018224	0.012458	0.009166	0.007334	0.006083	0.005005	0.004817	
12	0.005873	1	8	97.101397	97.245407	0.243912	0.039426	0.019372	0.014865	0.009524	0.007999	0.008207	0.005658	0.005481	
12	0.005666	1	16	94.866178	98.247078	0.288013	0.042332	0.024323	0.018480	0.012168	0.008575	0.007425	0.006612	0.005987	

12	0.005707	2	1	98.354831	95.242073	0.215064	0.034451	0.016843	0.011214	0.008922	0.007241	0.006912	0.005341	0.004422	
12	0.004967	2	2	97.156405	98.107956	0.234567	0.037151	0.019807	0.012405	0.012444	0.007690	0.007741	0.005212	0.004927	
12	0.006096	2	4	95.098874	99.610458	0.269525	0.044148	0.020829	0.013257	0.013116	0.012546	0.007149	0.006042	0.005381	
12	0.005016	2	8	91.763251	99.860878	0.322509	0.050676	0.024136	0.017432	0.013435	0.009465	0.007976	0.007037	0.006466	
12	0.006445	2	16	86.185494	99.944351	0.415738	0.061618	0.032670	0.020702	0.019219	0.012546	0.010369	0.008863	0.007896	

12	0.005735	3	1	95.651499	99.248749	0.260104	0.039173	0.018901	0.013382	0.009663	0.009663	0.006714	0.005810	0.005081	
12	0.004758	3	2	92.501846	99.749580	0.298125	0.043108	0.021969	0.015214	0.013979	0.011527	0.010693	0.007033	0.006042	
12	0.006492	3	4	87.868845	99.972176	0.367413	0.052970	0.028197	0.018608	0.014221	0.011952	0.009054	0.008046	0.007226	
12	0.005665	3	8	81.028456	100.000000	0.469467	0.064989	0.034778	0.023629	0.018667	0.016828	0.011884	0.009721	0.008852	
12	0.004939	3	16	69.727221	100.000000	0.629403	0.090075	0.043687	0.030597	0.023638	0.017908	0.014666	0.012864	0.011505	

12	0.005719	4	1	89.820713	99.944351	0.331733	0.046186	0.025113	0.017416	0.016011	0.010036	0.008514	0.007104	0.006575	
12	0.005227	4	2	82.929552	100.000000	0.425857	0.060642	0.030921	0.020741	0.017091	0.013456	0.010736	0.009050	0.008116	
12	0.006164	4	4	74.691114	100.000000	0.539591	0.074844	0.039230	0.025238	0.024778	0.016561	0.012458	0.011191	0.009996	
12	0.004979	4	8	63.485092	100.000000	0.692914	0.097517	0.048602	0.031586	0.028909	0.019492	0.016097	0.013815	0.012715	
12	0.006107	4	16	47.804206	100.000000	0.914408	0.124211	0.061071	0.040796	0.031081	0.024568	0.020782	0.018182	0.015955	

12	0.005398	5	1	79.309428	99.972176	0.470112	0.064259	0.034428	0.022275	0.018541	0.016977	0.013977	0.010345	0.009106	
12	0.004896	5	2	67.680825	100.000000	0.619323	0.084687	0.043899	0.029159	0.022131	0.021291	0.014590	0.012747	0.011244	
12	0.004597	5	4	56.815360	100.000000	0.762858	0.103755	0.051489	0.034613	0.027258	0.021360	0.017235	0.015265	0.013702	
12	0.004644	5	8	42.750517	100.000000	0.947405	0.124523	0.063120	0.042691	0.032019	0.025889	0.021167	0.018708	0.017243	
12	0.006368	5	16	26.775611	100.000000	1.142398	0.153512	0.078186	0.051485	0.038837	0.030830	0.025826	0.022397	0.020031	

13	0.021172	1	1	99.467782	78.491936	0.214670	0.034814	0.019436	0.011951	0.012361	0.006494	0.005763	0.005042	0.004714	
13	0.006447	1	1	99.467782	78.491936	0.215210	0.038451	0.017755	0.015477	0.010429	0.006985	0.005443	0.005088	0.004513	
13	0.004909	1	2	99.075129	88.731216	0.224551	0.034703	0.018445	0.014065	0.008651	0.008862	0.005708	0.005183	0.004693	
13	0.004842	1	4	98.363855	94.685585	0.241108	0.042509	0.019276	0.014382	0.009773	0.009020	0.006523	0.005544	0.005044	
13	0.005704	1	8	97.123435	97.718414	0.270640	0.040439	0.020694	0.013807	0.011508	0.008655	0.006687	0.006082	0.005716	
13	0.005467	1	16	94.903326	98.636612	0.320750	0.053261	0.024726	0.016061	0.015925	0.009535	0.008136	0.007359	0.006707	

13	0.006216	2	1	98.372706	95.909851	0.235900	0.037240	0.019606	0.014449	0.010679	0.008831	0.006222	0.005463	0.004862	
13	0.004869	2	2	97.186609	98.553146	0.259026	0.038912	0.020085	0.013374	0.010364	0.008801	0.006854	0.005946	0.005228	
13	0.005024	2	4	95.143357	99.721756	0.298916	0.049225	0.024054	0.015641	0.014246	0.009075	0.007409	0.006826	0.006120	
13	0.006098	2	8	91.812931	99.916527	0.371047	0.051771	0.029415	0.019431	0.013714	0.010329	0.008864	0.007883	0.007079	
13	0.004789	2	16	86.281027	99.972176	0.470823	0.068151	0.032965	0.023038	0.017233	0.013402	0.011067	0.009779	0.008901	

13	0.006151	3	1	95.685881	99.471344	0.281026	0.042125	0.022958	0.014843	0.011052	0.009950	0.009927	0.006363	0.005878	
13	0.005356	3	2	92.566941	99.888702	0.333038	0.048982	0.023500	0.017155	0.014395	0.009986	0.008259	0.007494	0.006622	
13	0.004761	3	4	87.938612	100.000000	0.409716	0.058513	0.030087	0.020151	0.016227	0.012429	0.010310	0.008803	0.007913	
13	0.005535	3	8	81.096317	100.000000	0.519890	0.073756	0.036911	0.034510	0.023106	0.016308	0.012320	0.011028	0.009681	
13	0.005580	3	16	69.834297	100.000000	0.690974	0.093693	0.048174	0.041638	0.025516	0.018948	0.015699	0.013856	0.012422	

13	0.005145	4	1	89.951282	99.916527	0.368608	0.051762	0.028298	0.021893	0.016521	0.014073	0.009338	0.008080	0.007341	
13	0.005878	4	2	83.099859	100.000000	0.470306	0.064770	0.034152	0.024757	0.018070	0.016509	0.011208	0.010004	0.009018	
13	0.006028	4	4	74.847448	100.000000	0.589754	0.081742	0.043897	0.030207	0.022827	0.016892	0.014690	0.012035	0.010824	
13	0.006240	4	8	63.568775	100.000000	0.749126	0.102578	0.051738	0.034757	0.025821	0.025143	0.016873	0.014897	0.013218	
13	0.006218	4	16	47.893188	100.000000	0.968412	0.131505	0.064904	0.045359	0.037041	0.025369	0.021523	0.019071	0.016638	

13	0.006298	5	1	79.509358	99.944351	0.516319	0.072616	0.037489	0.032903	0.026448	0.014944	0.012404	0.011171	0.009885	
13	0.004727	5	2	67.924641	100.000000	0.669408	0.092085	0.054823	0.035824	0.026689	0.018193	0.015412	0.013544	0.012787	
13	0.004770	5	4	56.996278	100.000000	0.813444	0.111681	0.058035	0.037042	0.029577	0.021546	0.018315	0.016106	0.014256	
13	0.005182	5	8	42.829644	100.000000	0.995355	0.130311	0.067004	0.044774	0.033441	0.025976	0.022036	0.019282	0.017604	
13	0.005178	5	16	26.815058	100.000000	1.200897	0.159966	0.080142	0.053353	0.043266	0.031564	0.026554	0.023029	0.020542	

14	0.021526	1	1	99.471712	79.604897	0.353402	0.051140	0.028919	0.021400	0.013518	0.012763	0.010456	0.007724	0.006680	
14	0.005275	1	1	99.471712	79.604897	0.354947	0.051957	0.026382	0.017411	0.014777	0.010267	0.008778	0.007305	0.006725	
14	0.005198	1	2	99.086032	89.565948	0.360824	0.050867	0.026310	0.017692	0.013477	0.011803	0.008811	0.007675	0.006804	
14	0.006452	1	4	98.373637	95.186424	0.371909	0.052354	0.030183	0.018810	0.014841	0.015947	0.008900	0.007931	0.007149	
14	0.006227	1	8	97.128938	97.801895	0.395021	0.057148	0.029889	0.019920	0.014295	0.013290	0.009521	0.008188	0.007457	
14	0.005946	1	16	94.920240	98.887032	0.433529	0.063389	0.031837	0.021684	0.017898	0.013257	0.010304	0.009071	0.008134	

14	0.005069	2	1	98.387174	96.688927	0.367938	0.051299	0.027284	0.019875	0.017506	0.010342	0.008948	0.009483	0.007082	
14	0.007304	2	2	97.205663	98.775742	0.384895	0.054573	0.027129	0.018757	0.016408	0.012085	0.010228	0.010034	0.007184	
14	0.006078	2	4	95.166516	99.805229	0.415249	0.060170	0.031024	0.024875	0.015070	0.011269	0.009782	0.008550	0.007540	
14	0.005638	2	8	91.802130	99.944351	0.464528	0.066488	0.032710	0.024034	0.020392	0.014153	0.010931	0.009294	0.008665	
14	0.005037	2	16	86.298247	100.000000	0.547682	0.075028	0.038845	0.038719	0.021728	0.020097	0.012523	0.011102	0.009893	

14	0.006323	3	1	95.708603	99.693939	0.400812	0.057019	0.031447	0.027022	0.014903	0.010865	0.009372	0.008434	0.007417	
14	0.005126	3	2	92.585806	99.916527	0.441107	0.062408	0.031653	0.021129	0.019247	0.015453	0.010305	0.009178	0.007996	
14	0.005872	3	4	87.931640	100.000000	0.502305	0.069895	0.039625	0.033744	0.019789	0.013992	0.012235	0.010206	0.009199	
14	0.006384	3	8	81.041309	100.000000	0.593752	0.080097	0.042979	0.036821	0.023685	0.015773	0.013487	0.011810	0.010689	
14	0.006344	3	16	69.819231	100.000000	0.739326	0.100106	0.050789	0.034030	0.027021	0.020952	0.016705	0.015219	0.012954	

14	0.006652	4	1	89.967963	99.916527	0.470384	0.066037	0.032868	0.023760	0.017534	0.013628	0.011163	0.009816	0.008743	
14	0.004991	4	2	83.104008	100.000000	0.556223	0.076227	0.038071	0.026078	0.020256	0.017185	0.012683	0.011268	0.009981	
14	0.006532	4	4	74.829063	100.000000	0.655804	0.083471	0.049458	0.032441	0.024372	0.017811	0.015014	0.012915	0.011619	
14	0.005434	4	8	63.478294	100.000000	0.796247	0.103833	0.054837	0.037608	0.027652	0.021106	0.017765	0.015566	0.013813	
14	0.005063	4	16	47.863508	100.000000	1.001899	0.130311	0.067373	0.044459	0.034085	0.026488	0.022119	0.019286	0.017022	

14	0.007226	5	1	79.519794	99.972176	0.591000	0.080821	0.040871	0.027436	0.024984	0.016367	0.013719	0.012077	0.010840	
14	0.006361	5	2	67.894248	100.000000	0.731560	0.099231	0.050610	0.036187	0.025229	0.020984	0.016550	0.014292	0.012777	
14	0.005573	5	4	56.945565	100.000000	0.859499	0.113278	0.058688	0.038430	0.029774	0.022654	0.019229	0.016635	0.014778	
14	0.005186	5	8	42.735247	100.000000	1.029447	0.135451	0.069168	0.046207	0.034274	0.026924	0.023038	0.019811	0.018037	
14	0.006652	5	16	26.789949	100.000000	1.223656	0.163901	0.081256	0.054336	0.040738	0.033857	0.026994	0.023405	0.020731	

15	0.021856	1	1	99.481145	81.107399	0.370936	0.055236	0.027539	0.020860	0.019226	0.010356	0.008694	0.007816	0.007008	
15	0.007486	1	1	99.481145	81.107399	0.372207	0.057665	0.028078	0.017685	0.014080	0.012573	0.011119	0.007898	0.006908	
15	0.005380	1	2	99.097051	90.818031	0.384120	0.053882	0.026955	0.018401	0.018723	0.012572	0.009140	0.007950	0.007049	
15	0.007327	1	4	98.384190	96.076790	0.389469	0.057592	0.027749	0.019483	0.017129	0.012110	0.010539	0.008068	0.007215	
15	0.005373	1	8	97.150510	98.247078	0.412052	0.057030	0.033147	0.020271	0.015751	0.012175	0.009606	0.008392	0.007583	
15	0.006712	1	16	94.956092	99.193100	0.448816	0.063052	0.037681	0.021705	0.017930	0.012460	0.010544	0.009066	0.008284	

15	0.005344	2	1	98.418223	97.189758	0.384698	0.053804	0.028996	0.021383	0.015927	0.012162	0.009122	0.007965	0.007288	
15	0.008445	2	2	97.248662	99.137451	0.406930	0.055955	0.029693	0.028234	0.018214	0.013793	0.009868	0.008537	0.010392	
15	0.006662	2	4	95.193503	99.944351	0.431918	0.059801	0.030368	0.021022	0.015219	0.012882	0.010141	0.008831	0.007934	
15	0.006615	2	8	91.853484	100.000000	0.480361	0.068497	0.033622	0.023555	0.018121	0.015740	0.011212	0.010046	0.008634	
15	0.006962	2	16	86.363298	100.000000	0.560497	0.076882	0.041414	0.029742	0.020037	0.015513	0.012831	0.011265	0.010074	

15	0.006695	3	1	95.782534	99.721756	0.417904	0.054805	0.033430	0.024160	0.014937	0.012137	0.010596	0.008618	0.007904	
15	0.006046	3	2	92.673624	99.916527	0.457898	0.064423	0.032026	0.023537	0.016752	0.013347	0.011132	0.013730	0.008442	
15	0.006516	3	4	87.949559	100.000000	0.519354	0.070162	0.035787	0.027514	0.022766	0.017619	0.011761	0.010406	0.009424	
15	0.006747	3	8	81.111368	100.000000	0.613227	0.084364	0.041976	0.027949	0.022984	0.021644	0.013829	0.012867	0.010760	
15	0.005266	3	16	69.876743	100.000000	0.758624	0.101376	0.054251	0.037492	0.027359	0.020534	0.016929	0.014803	0.013130	

15	0.006121	4	1	90.071749	99.916527	0.485733	0.066387	0.034705	0.022874	0.020005	0.013687	0.011434	0.009980	0.008910	
15	0.005852	4	2	83.245843	100.000000	0.568135	0.079937	0.043462	0.028613	0.021210	0.015608	0.013278	0.011490	0.023755	
15	0.007198	4	4	74.840926	100.000000	0.674634	0.092111	0.046179	0.030031	0.024707	0.018130	0.015045	0.013343	0.011852	
15	0.006603	4	8	63.562647	100.000000	0.810543	0.107414	0.055216	0.037156	0.027855	0.025321	0.018144	0.015836	0.014077	
15	0.006692	4	16	47.929477	100.000000	1.001814	0.138456	0.068712	0.045525	0.034082	0.026564	0.022450	0.019391	0.017384	

15	0.006438	5	1	79.679636	99.972176	0.604392	0.081512	0.042948	0.028608	0.022175	0.017410	0.014051	0.012327	0.011106	
15	0.005487	5	2	68.088530	100.000000	0.741483	0.098194	0.054150	0.036777	0.025398	0.019713	0.016616	0.014723	0.012987	
15	0.005642	5	4	56.951897	100.000000	0.871188	0.116688	0.059475	0.039940	0.030115	0.023300	0.019402	0.017082	0.015103	
15	0.005669	5	8	42.830590	100.000000	1.036854	0.134914	0.068298	0.046300	0.035397	0.027288	0.023088	0.020025	0.018176	
15	0.005236	5	16	26.814112	100.000000	1.226624	0.167377	0.082036	0.058434	0.041635	0.032050	0.027109	0.025185	0.020855	

16	0.020634	1	1	99.488132	81.914299	0.384668	0.055306	0.027507	0.019725	0.016468	0.012666	0.010312	0.008169	0.007319	
16	0.006302	1	1	99.488132	81.914299	0.385448	0.058033	0.030632	0.023864	0.016853	0.011264	0.009156	0.008019	0.007341	
16	0.006166	1	2	99.101825	91.652756	0.396225	0.055216	0.029652	0.022901	0.015499	0.011577	0.009126	0.008035	0.007329	
16	0.005350	1	4	98.392881	96.688927	0.404910	0.058604	0.030338	0.022446	0.014914	0.014809	0.009376	0.008455	0.007375	
16	0.005659	1	8	97.156653	98.497498	0.425331	0.061625	0.033030	0.023017	0.015452	0.012999	0.009956	0.008604	0.007848	
16	0.007063	1	16	94.960255	99.220924	0.463001	0.066006	0.035559	0.022870	0.017671	0.013519	0.010722	0.009478	0.008490	

16	0.005767	2	1	98.432546	97.161934	0.400596	0.055918	0.029095	0.019964	0.019188	0.011831	0.009928	0.008237	0.007316	
16	0.005046	2	2	97.258342	99.248749	0.416664	0.061285	0.029090	0.019659	0.015438	0.017326	0.009600	0.008530	0.007833	
16	0.005000	2	4	95.209341	99.972176	0.446411	0.063011	0.034752	0.021938	0.019963	0.012335	0.010293	0.008976	0.008121	
16	0.006898	2	8	91.843266	100.000000	0.493444	0.072541	0.034818	0.024029	0.021473	0.014396	0.011303	0.009968	0.008937	
16	0.006218	2	16	86.320066	100.000000	0.574629	0.078849	0.039929	0.029094	0.020490	0.016502	0.016608	0.011456	0.010340	

16	0.006179	3	1	95.802913	99.833054	0.428955	0.060916	0.032479	0.022840	0.016466	0.011900	0.010136	0.009089	0.008131	
16	0.006965	3	2	92.691309	99.916527	0.469131	0.066573	0.034928	0.023591	0.017527	0.012859	0.010956	0.009691	0.008579	
16	0.007104	3	4	87.959806	100.000000	0.534210	0.073897	0.037637	0.029291	0.018329	0.014793	0.012152	0.013716	0.009646	
16	0.006608	3	8	81.057233	100.000000	0.623210	0.086691	0.042695	0.029541	0.022697	0.018495	0.014056	0.012291	0.010888	
16	0.004999	3	16	69.767018	100.000000	0.774038	0.108948	0.053063	0.035237	0.030291	0.020398	0.017205	0.015069	0.013350	

16	0.004992	4	1	90.135985	99.944351	0.499812	0.067957	0.035704	0.023201	0.020537	0.016117	0.011820	0.010295	0.008980	
16	0.006984	4	2	83.264796	100.000000	0.581209	0.078936	0.041963	0.027755	0.023356	0.016431	0.014550	0.011769	0.010554	
16	0.006087	4	4	74.848525	100.000000	0.684921	0.093243	0.046917	0.031459	0.023724	0.018090	0.015453	0.013506	0.011980	
16	0.004911	4	8	63.483986	100.000000	0.825802	0.110978	0.059982	0.037795	0.028871	0.022064	0.018540	0.015986	0.014358	
16	0.004854	4	16	47.797249	100.000000	1.027797	0.141598	0.067886	0.046450	0.035057	0.027214	0.022607	0.019676	0.017589	

16	0.006056	5	1	79.772999	99.972176	0.619375	0.083953	0.044148	0.029313	0.026128	0.020648	0.014322	0.012527	0.011257	
16	0.005311	5	2	68.075691	100.000000	0.757164	0.101217	0.053063	0.035510	0.026388	0.020227	0.016971	0.014994	0.013249	
16	0.005469	5	4	56.926365	100.000000	0.887468	0.118079	0.059455	0.040820	0.030138	0.023192	0.019735	0.017122	0.015378	
16	0.006356	5	8	42.732365	100.000000	1.056134	0.140904	0.071515	0.047104	0.039979	0.027592	0.023192	0.020317	0.018324	
16	0.006724	5	16	26.733078	100.000000	1.251505	0.167749	0.085594	0.056717	0.042049	0.032815	0.027678	0.023779	0.021132	

17	0.021716	1	1	99.493881	83.695045	0.402274	0.055196	0.029073	0.020667	0.017685	0.014766	0.009696	0.008427	0.007457	
17	0.006957	1	1	99.493881	83.695045	0.400871	0.057939	0.029722	0.020555	0.014339	0.011611	0.009501	0.008342	0.007523	
17	0.007151	1	2	99.107939	91.958824	0.407912	0.058832	0.030023	0.024380	0.016380	0.014398	0.009883	0.008531	0.007791	
17	0.006746	1	4	98.399867	97.106293	0.421065	0.058258	0.030153	0.020434	0.017583	0.012196	0.009969	0.008580	0.007731	
17	0.006627	1	8	97.159040	98.692261	0.439967	0.061519	0.032792	0.022218	0.018242	0.012706	0.010475	0.008988	0.008143	
17	0.006718	1	16	94.967737	99.360046	0.478679	0.068485	0.034992	0.022699	0.017574	0.014024	0.011294	0.009720	0.008883	

17	0.007326	2	1	98.453856	97.885361	0.414210	0.058524	0.032058	0.020496	0.016172	0.011917	0.010119	0.008766	0.007842	
17	0.005632	2	2	97.286174	99.387863	0.430555	0.060828	0.031362	0.020839	0.016165	0.011742	0.010037	0.008799	0.008117	
17	0.005149	2	4	95.209821	99.944351	0.461190	0.065600	0.032699	0.021488	0.021211	0.013274	0.010882	0.012182	0.008406	
17	0.005312	2	8	91.841155	100.000000	0.512266	0.071847	0.036292	0.024447	0.018448	0.013790	0.011682	0.010273	0.009161	
17	0.005117	2	16	86.346442	100.000000	0.596574	0.080689	0.040656	0.029457	0.021035	0.023180	0.015649	0.011819	0.010654	

17	0.006758	3	1	95.847688	99.833054	0.451127	0.063989	0.032113	0.021199	0.017370	0.013430	0.012995	0.009152	0.008095	
17	0.006006	3	2	92.751659	99.944351	0.488508	0.067084	0.038330	0.023664	0.020214	0.013263	0.011214	0.009939	0.008910	
17	0.005166	3	4	87.966007	100.000000	0.548535	0.073904	0.042415	0.032448	0.021145	0.014977	0.012408	0.011035	0.010017	
17	0.005727	3	8	81.035865	100.000000	0.639224	0.086636	0.044261	0.029488	0.022385	0.017966	0.014527	0.012652	0.011223	
17	0.005200	3	16	69.778678	100.000000	0.785661	0.108075	0.055762	0.036856	0.027764	0.021042	0.018084	0.015323	0.013708	

17	0.006595	4	1	90.205520	99.972176	0.514641	0.072180	0.040130	0.027083	0.023511	0.017048	0.011874	0.010428	0.009405	
17	0.008414	4	2	83.368887	100.000000	0.597180	0.079806	0.042688	0.032557	0.023924	0.016377	0.013535	0.011931	0.010807	
17	0.007245	4	4	74.814449	100.000000	0.700821	0.097175	0.049452	0.033282	0.024890	0.019017	0.015813	0.013754	0.012362	
17	0.005255	4	8	63.437085	100.000000	0.840636	0.112203	0.055804	0.041162	0.031118	0.022204	0.018744	0.016453	0.014533	
17	0.005057	4	16	47.798995	100.000000	1.031738	0.140299	0.069990	0.047252	0.035540	0.027466	0.022916	0.020023	0.017936	

17	0.005843	5	1	79.888561	99.972176	0.634950	0.087319	0.043000	0.030135	0.027003	0.021221	0.014524	0.012681	0.011503	
17	0.005436	5	2	68.225838	100.000000	0.768819	0.102911	0.054862	0.036605	0.026931	0.020566	0.017297	0.015073	0.013576	
17	0.006264	5	4	56.896670	100.000000	0.901029	0.115811	0.060336	0.040765	0.031100	0.023620	0.020026	0.017490	0.015679	
17	0.006548	5	8	42.708362	100.000000	1.069203	0.142305	0.071605	0.047822	0.036511	0.028341	0.023830	0.020620	0.018462	
17	0.005136	5	16	26.744548	100.000000	1.254637	0.171136	0.083043	0.055681	0.042289	0.034964	0.027673	0.024166	0.021593	

18	0.022920	1	1	99.496953	85.281029	0.412998	0.063988	0.030061	0.021849	0.015242	0.011338	0.009722	0.008618	0.007676	
18	0.006268	1	1	99.496953	85.281029	0.414222	0.057509	0.030724	0.020531	0.017388	0.011585	0.010900	0.008576	0.007965	
18	0.006767	1	2	99.112873	93.183083	0.419805	0.059053	0.030420	0.020272	0.015468	0.012218	0.010878	0.008623	0.007776	
18	0.005449	1	4	98.408208	97.551476	0.432301	0.065553	0.033524	0.028972	0.016254	0.012107	0.010041	0.008849	0.008031	
18	0.005941	1	8	97.170204	99.109627	0.453138	0.065582	0.032186	0.023103	0.021928	0.013553	0.010983	0.009385	0.008253	
18	0.006629	1	16	94.990736	99.499168	0.492209	0.068169	0.034969	0.027453	0.017694	0.017370	0.011422	0.010017	0.008972	

18	0.006745	2	1	98.474410	98.330551	0.427293	0.061834	0.031356	0.020876	0.018498	0.013692	0.010247	0.008934	0.008044	
18	0.006504	2	2	97.311851	99.610458	0.443921	0.063585	0.031701	0.022849	0.018544	0.017938	0.010561	0.009080	0.008261	
18	0.006765	2	4	95.222587	99.972176	0.474054	0.066469	0.034657	0.022499	0.017216	0.014046	0.014811	0.009683	0.008670	
18	0.006685	2	8	91.857502	100.000000	0.527997	0.070717	0.035966	0.032323	0.026277	0.014920	0.012461	0.010552	0.009910	
18	0.006896	2	16	86.397665	100.000000	0.607262	0.081789	0.042967	0.028107	0.031153	0.017559	0.013673	0.012098	0.010921	

18	0.006017	3	1	95.883539	99.888702	0.459358	0.065499	0.033186	0.021422	0.019065	0.013434	0.010925	0.009457	0.008541	
18	0.005308	3	2	92.781747	99.972176	0.499975	0.071334	0.034582	0.024372	0.019809	0.016797	0.011449	0.010198	0.009053	
18	0.007096	3	4	87.966881	100.000000	0.563017	0.077574	0.040388	0.029534	0.024672	0.016075	0.012948	0.013325	0.010168	
18	0.006413	3	8	81.023987	100.000000	0.657636	0.087739	0.045140	0.032112	0.027601	0.019030	0.014805	0.012846	0.011581	
18	0.006753	3	16	69.843103	100.000000	0.800327	0.109281	0.054923	0.036386	0.028172	0.021565	0.017982	0.015569	0.014044	

18	0.007083	4	1	90.281227	99.972176	0.525870	0.071939	0.036132	0.024850	0.018511	0.015903	0.012158	0.010729	0.009655	
18	0.005804	4	2	83.439848	100.000000	0.610221	0.080922	0.045072	0.029841	0.021862	0.016671	0.013878	0.012191	0.010905	
18	0.005480	4	4	74.801028	100.000000	0.716044	0.096897	0.047512	0.032561	0.029789	0.020157	0.016064	0.014464	0.012713	
18	0.008616	4	8	63.401044	100.000000	0.857589	0.115888	0.057792	0.039668	0.031228	0.023258	0.019130	0.016503	0.014924	
18	0.006683	4	16	47.857817	100.000000	1.047099	0.139619	0.073876	0.047905	0.035375	0.030668	0.023325	0.020317	0.018070	

18	0.005394	5	1	80.007179	100.000000	0.645856	0.088232	0.045503	0.029809	0.022835	0.019625	0.014866	0.012954	0.011617	
18	0.005518	5	2	68.335694	100.000000	0.782326	0.104222	0.054406	0.037254	0.026655	0.021115	0.017608	0.015339	0.013653	
18	0.007109	5	4	56.874225	100.000000	0.927859	0.121706	0.063255	0.040733	0.032021	0.024140	0.020334	0.017783	0.018140	
18	0.006652	5	8	42.677183	100.000000	1.085029	0.139652	0.071761	0.049588	0.037011	0.028304	0.024602	0.020888	0.018603	
18	0.005335	5	16	26.798406	100.000000	1.275507	0.171002	0.086234	0.056981	0.042404	0.033229	0.028080	0.024423	0.021648	

19	0.021004	1	1	99.502397	85.587090	0.434880	0.060651	0.032503	0.021824	0.018000	0.011759	0.010203	0.008701	0.007942	
19	0.006055	1	1	99.502397	85.587090	0.430464	0.061794	0.032941	0.021248	0.015952	0.012089	0.010626	0.008959	0.008092	
19	0.006957	1	2	99.122029	93.628273	0.438265	0.060644	0.030927	0.020540	0.016039	0.014013	0.012033	0.008733	0.007956	
19	0.005601	1	4	98.418325	97.495827	0.457967	0.062453	0.033267	0.021941	0.020166	0.012505	0.010699	0.009188	0.008316	
19	0.007117	1	8	97.179477	99.165276	0.470603	0.065927	0.034603	0.023058	0.016739	0.012968	0.010887	0.009660	0.008803	
19	0.005697	1	16	95.009717	99.415695	0.515096	0.071459	0.037833	0.027861	0.022870	0.014973	0.011701	0.010361	0.009223	

19	0.007161	2	1	98.477860	98.497498	0.447887	0.060974	0.031168	0.026068	0.016216	0.012399	0.010850	0.009159	0.008300	
19	0.006947	2	2	97.323394	99.638283	0.466533	0.063364	0.033672	0.022073	0.016664	0.012406	0.010754	0.009289	0.008373	
19	0.006787	2	4	95.248919	100.000000	0.493959	0.067548	0.036576	0.026760	0.020484	0.013645	0.011322	0.009906	0.008832	
19	0.008213	2	8	91.884766	100.000000	0.548092	0.072657	0.038496	0.025992	0.019239	0.014753	0.012424	0.010733	0.009620	
19	0.007705	2	16	86.428976	100.000000	0.620334	0.083453	0.042699	0.032438	0.023987	0.017998	0.014078	0.012204	0.011037	

19	0.006977	3	1	95.889158	99.916527	0.475921	0.065068	0.034018	0.022676	0.017072	0.017322	0.011141	0.009692	0.008710	
19	0.006585	3	2	92.798574	100.000000	0.515911	0.070310	0.035891	0.024612	0.018394	0.014230	0.011910	0.010453	0.009376	
19	0.007083	3	4	88.006037	100.000000	0.578209	0.080161	0.041004	0.027104	0.021667	0.021471	0.013496	0.011529	0.010504	
19	0.005506	3	8	81.051498	100.000000	0.670130	0.092819	0.046185	0.033450	0.027866	0.019151	0.015021	0.013075	0.011658	
19	0.005623	3	16	69.867980	100.000000	0.815381	0.113727	0.062598	0.037568	0.028851	0.024371	0.018132	0.015975	0.014893	

19	0.005488	4	1	90.237049	99.972176	0.543629	0.075144	0.037648	0.025491	0.019697	0.015770	0.012932	0.011102	0.009885	
19	0.007107	4	2	83.442003	100.000000	0.625692	0.085375	0.042201	0.029494	0.026691	0.016960	0.014210	0.012572	0.011143	
19	0.006859	4	4	74.838306	100.000000	0.733311	0.099910	0.051268	0.037002	0.026954	0.019859	0.016464	0.014471	0.012821	
19	0.005735	4	8	63.411510	100.000000	0.873983	0.120677	0.063247	0.053054	0.029516	0.023182	0.019401	0.016812	0.015141	
19	0.007040	4	16	47.877148	100.000000	1.063709	0.142956	0.075245	0.048457	0.036425	0.030342	0.023607	0.021474	0.018272	

19	0.007208	5	1	79.978503	100.000000	0.662921	0.088273	0.046745	0.030902	0.023597	0.018327	0.015263	0.013360	0.011900	
19	0.006293	5	2	68.368343	100.000000	0.797331	0.106784	0.055249	0.036822	0.027635	0.021198	0.017970	0.015622	0.013868	
19	0.005853	5	4	56.895302	100.000000	0.933421	0.125140	0.061938	0.041317	0.032302	0.024666	0.020667	0.018089	0.016105	
19	0.006919	5	8	42.673049	100.000000	1.101971	0.143397	0.075425	0.055481	0.037731	0.028645	0.024290	0.021095	0.019017	
19	0.008949	5	16	26.802205	100.000000	1.290170	0.169694	0.085514	0.057395	0.043941	0.041074	0.037573	0.025524	0.021948	

20	0.022916	1	1	99.503940	86.505287	0.447259	0.060337	0.032759	0.021678	0.016342	0.015817	0.014230	0.009231	0.011285	
20	0.006530	1	1	99.503940	86.505287	0.445656	0.061792	0.031255	0.020835	0.015571	0.012798	0.010450	0.009226	0.008201	
20	0.005267	1	2	99.125231	94.212570	0.452705	0.065136	0.031971	0.022184	0.018439	0.015502	0.010751	0.009376	0.008413	
20	0.005728	1	4	98.424380	97.774071	0.463102	0.066576	0.032412	0.021640	0.016933	0.013260	0.010751	0.009665	0.008308	
20	0.005349	1	8	97.183421	99.165276	0.483440	0.069072	0.033834	0.027121	0.017693	0.013244	0.011140	0.009811	0.008797	
20	0.007157	1	16	95.026777	99.443520	0.521415	0.071392	0.037581	0.024511	0.024249	0.014576	0.012043	0.010455	0.009556	

20	0.006549	2	1	98.472881	98.831383	0.458121	0.061642	0.032033	0.021425	0.016679	0.013642	0.010603	0.009366	0.008566	
20	0.005607	2	2	97.325534	99.693939	0.473562	0.064715	0.034096	0.022494	0.019147	0.013764	0.011073	0.009713	0.008762	
20	0.006749	2	4	95.262471	100.000000	0.504105	0.068576	0.035211	0.024200	0.018179	0.014055	0.011874	0.010284	0.008983	
20	0.005682	2	8	91.890486	100.000000	0.555261	0.076841	0.037820	0.027040	0.019901	0.017304	0.012821	0.011052	0.009977	
20	0.005288	2	16	86.457550	100.000000	0.632711	0.091668	0.043907	0.029022	0.022069	0.017138	0.014409	0.012516	0.011298	

20	0.006599	3	1	95.863728	99.944351	0.489421	0.068118	0.035221	0.023381	0.017563	0.014235	0.011924	0.010075	0.009035	
20	0.006805	3	2	92.783465	99.944351	0.529060	0.072381	0.037112	0.025221	0.018963	0.018092	0.012520	0.010695	0.009599	
20	0.005396	3	4	88.002019	100.000000	0.592363	0.082376	0.040254	0.026988	0.020770	0.018637	0.013375	0.011896	0.010571	
20	0.006793	3	8	81.029897	100.000000	0.683907	0.090238	0.046961	0.031720	0.026529	0.018351	0.015243	0.013502	0.011931	
20	0.006576	3	16	69.907354	100.000000	0.828555	0.113041	0.058370	0.038981	0.029082	0.021935	0.018500	0.016099	0.018114	

20	0.006373	4	1	90.177150	99.972176	0.557875	0.073820	0.040257	0.028254	0.019459	0.016077	0.012736	0.011372	0.010136	
20	0.007720	4	2	83.424186	100.000000	0.641864	0.088095	0.044101	0.029936	0.022823	0.017027	0.014398	0.012756	0.011705	
20	0.007565	4	4	74.802556	100.000000	0.747729	0.098511	0.052007	0.034027	0.030758	0.020800	0.016579	0.014746	0.013027	
20	0.006419	4	8	63.360447	100.000000	0.891662	0.117377	0.060935	0.040899	0.030666	0.023410	0.019713	0.017366	0.015234	
20	0.005461	4	16	47.900816	100.000000	1.077293	0.143199	0.072742	0.048430	0.036768	0.028576	0.024051	0.020806	0.018551	

20	0.005255	5	1	79.865329	100.000000	0.677889	0.089721	0.045833	0.032275	0.025797	0.021052	0.015502	0.013649	0.012161	
20	0.006572	5	2	68.330410	100.000000	0.813092	0.107459	0.054378	0.037800	0.027920	0.021692	0.018416	0.016032	0.014183	
20	0.005350	5	4	56.832842	100.000000	0.948776	0.125514	0.064778	0.043481	0.032308	0.024869	0.021002	0.018424	0.016415	
20	0.006497	5	8	42.618478	100.000000	1.119458	0.146277	0.073512	0.051990	0.037777	0.032238	0.024629	0.021395	0.019175	
20	0.005451	5	16	26.816951	100.000000	1.306794	0.171617	0.086026	0.058165	0.044143	0.034276	0.028735	0.024990	0.022064	

21	0.024031	1	1	99.506458	87.006119	0.462098	0.062361	0.033477	0.025091	0.019315	0.013302	0.012141	0.009494	0.008438	
21	0.006983	1	1	99.506458	87.006119	0.463459	0.064646	0.031987	0.022537	0.016937	0.013466	0.010977	0.010851	0.008572	
21	0.006882	1	2	99.129380	94.657761	0.469526	0.064294	0.034132	0.022141	0.017454	0.013911	0.011003	0.010043	0.008344	
21	0.006025	1	4	98.425137	97.996666	0.480806	0.071566	0.034245	0.022425	0.017700	0.013886	0.011157	0.009745	0.008669	
21	0.007109	1	8	97.189171	99.220924	0.500867	0.068876	0.035405	0.024170	0.021091	0.015257	0.012464	0.010020	0.010098	
21	0.006156	1	16	95.042177	99.415695	0.538047	0.079329	0.038393	0.027306	0.020154	0.015313	0.012559	0.010838	0.009679	

21	0.005602	2	1	98.484948	98.887032	0.474822	0.065714	0.035997	0.021921	0.016886	0.016719	0.016892	0.009944	0.008961	
21	0.006200	2	2	97.346494	99.805229	0.490679	0.069562	0.035765	0.024084	0.019795	0.018156	0.011598	0.010035	0.008791	
21	0.005528	2	4	95.269341	100.000000	0.521733	0.070896	0.037088	0.026279	0.018535	0.014583	0.018395	0.010400	0.009171	
21	0.007454	2	8	91.887022	100.000000	0.569940	0.079844	0.040097	0.027128	0.023287	0.019860	0.016956	0.011261	0.010155	
21	0.007118	2	16	86.473853	100.000000	0.650246	0.087967	0.044952	0.031103	0.028095	0.020996	0.014687	0.012840	0.011619	

21	0.007685	3	1	95.895184	99.944351	0.506438	0.070334	0.036195	0.024499	0.018746	0.018901	0.011792	0.010291	0.009269	
21	0.006925	3	2	92.844819	100.000000	0.545996	0.075658	0.037202	0.025461	0.019714	0.014568	0.012365	0.010999	0.009737	
21	0.005736	3	4	88.009385	100.000000	0.608383	0.082469	0.040871	0.033024	0.022027	0.016830	0.013670	0.011998	0.010832	
21	0.005641	3	8	80.992167	100.000000	0.700931	0.093709	0.048859	0.032333	0.026616	0.018868	0.016487	0.013744	0.012338	
21	0.006943	3	16	69.915826	100.000000	0.844834	0.113176	0.060495	0.037966	0.028873	0.022457	0.018828	0.016511	0.014520	

21	0.005945	4	1	90.242959	99.972176	0.574373	0.080168	0.040770	0.027288	0.020016	0.016100	0.013130	0.012195	0.010415	
21	0.007005	4	2	83.536996	100.000000	0.654747	0.088925	0.045365	0.030082	0.022596	0.018554	0.015332	0.013076	0.011567	
21	0.007170	4	4	74.793677	100.000000	0.761277	0.103211	0.051250	0.035332	0.028597	0.021527	0.017548	0.014857	0.013371	
21	0.007948	4	8	63.292761	100.000000	0.906796	0.120086	0.061841	0.041419	0.031150	0.023940	0.020040	0.017510	0.015453	
21	0.007551	4	16	47.898851	100.000000	1.093215	0.149977	0.072751	0.048907	0.036726	0.028926	0.024241	0.021036	0.018840	

21	0.005785	5	1	79.945010	100.000000	0.692588	0.094997	0.047066	0.032184	0.024219	0.018755	0.015826	0.013774	0.012617	
21	0.006590	5	2	68.479523	100.000000	0.825483	0.111227	0.057201	0.038879	0.028730	0.021817	0.018629	0.016145	0.014508	
21	0.009026	5	4	56.801051	100.000000	0.962374	0.127134	0.064853	0.042928	0.032254	0.025394	0.021418	0.018592	0.016581	
21	0.006959	5	8	42.559030	100.000000	1.130201	0.148971	0.073999	0.050305	0.040807	0.029665	0.025109	0.021628	0.019419	
21	0.007534	5	16	26.806892	100.000000	1.316809	0.175129	0.087087	0.058603	0.048443	0.034335	0.029087	0.025391	0.022313	

