=== AMD PCAF digits

5	0.021999	1	1	99.218304	52.281582	0.109522	0.019553	0.010378	0.005887	0.005557	0.004300	0.004327	0.003139	0.002718	
5	0.004412	1	1	99.218304	52.281582	0.105871	0.022871	0.010414	0.006541	0.006329	0.004047	0.003887	0.004273	0.002852	
5	0.004330	1	2	98.741996	64.440735	0.114169	0.022793	0.009767	0.008837	0.006549	0.004308	0.003809	0.004079	0.002815	
5	0.005905	1	4	97.909018	74.012245	0.128094	0.023173	0.011031	0.007157	0.005969	0.006564	0.005138	0.004039	0.003370	
5	0.005228	1	8	96.480678	81.552589	0.152274	0.024291	0.015320	0.008555	0.009189	0.005382	0.004926	0.004090	0.003966	
5	0.004507	1	16	94.109621	88.369507	0.192551	0.032812	0.016322	0.013216	0.010904	0.007514	0.006551	0.005301	0.006153	

5	0.004615	2	1	97.631490	81.552589	0.130222	0.021750	0.010927	0.007703	0.005908	0.004605	0.004293	0.003345	0.003114	
5	0.004091	2	2	96.218055	88.397331	0.149501	0.026701	0.012551	0.009981	0.007072	0.005422	0.004230	0.003693	0.003400	
5	0.004817	2	4	93.958964	93.628273	0.182871	0.030397	0.016823	0.009680	0.010083	0.005396	0.004808	0.004219	0.003930	
5	0.004180	2	8	90.212929	96.967163	0.239478	0.040209	0.021022	0.012659	0.012931	0.008159	0.006756	0.006015	0.004880	
5	0.004912	2	16	84.249172	98.580971	0.328648	0.048828	0.027115	0.016993	0.015658	0.010969	0.011224	0.007220	0.006607	

5	0.006268	3	1	94.246274	93.377853	0.170857	0.026748	0.017885	0.010593	0.006876	0.007521	0.006338	0.004884	0.004313	
5	0.005328	3	2	90.785919	96.633278	0.217509	0.031339	0.016490	0.011316	0.010847	0.007871	0.005937	0.005449	0.005383	
5	0.005253	3	4	86.157314	98.747917	0.289085	0.040982	0.020979	0.014063	0.011268	0.009221	0.007284	0.006202	0.005695	
5	0.005102	3	8	78.941419	99.471344	0.378920	0.054829	0.028790	0.019817	0.016178	0.015682	0.009131	0.007808	0.007380	
5	0.004037	3	16	67.398770	99.777405	0.529551	0.077593	0.037692	0.027300	0.019084	0.017911	0.017066	0.010867	0.009820	

5	0.005850	4	1	87.824565	97.746239	0.257562	0.036474	0.019756	0.016873	0.009679	0.011442	0.008028	0.007158	0.005500	
5	0.005319	4	2	80.573939	99.193100	0.348568	0.048568	0.027526	0.017398	0.014274	0.010267	0.008783	0.007432	0.006889	
5	0.004269	4	4	72.705097	99.610458	0.443128	0.061116	0.031398	0.021991	0.018416	0.016303	0.010315	0.009495	0.008772	
5	0.005680	4	8	61.396162	99.916527	0.582134	0.080305	0.041451	0.027500	0.021136	0.017545	0.013350	0.011829	0.010856	
5	0.004021	4	16	46.148557	99.944351	0.772022	0.104147	0.053013	0.035162	0.027458	0.022386	0.017688	0.015287	0.014082	

5	0.005752	5	1	76.797147	99.554810	0.380779	0.055424	0.027803	0.019104	0.015446	0.013737	0.009377	0.008426	0.007728	
5	0.004007	5	2	65.027247	99.860878	0.522076	0.072126	0.035922	0.026518	0.022633	0.016431	0.012033	0.010611	0.009660	
5	0.005532	5	4	54.914336	99.944351	0.645723	0.086203	0.044994	0.029148	0.022352	0.017488	0.014808	0.012729	0.011551	
5	0.005169	5	8	41.127298	100.000000	0.800539	0.107451	0.055823	0.035905	0.028106	0.022116	0.018064	0.015806	0.014858	
5	0.005847	5	16	26.113013	100.000000	0.982966	0.132298	0.065032	0.049024	0.033535	0.025895	0.021960	0.019271	0.017113	

6	0.020033	1	1	99.280066	57.679470	0.120614	0.020785	0.010333	0.006768	0.005947	0.004649	0.004169	0.004358	0.003988	
6	0.006746	1	1	99.280066	57.679470	0.120274	0.023206	0.011000	0.007267	0.006608	0.004547	0.003840	0.003691	0.003065	
6	0.005157	1	2	98.812521	69.476906	0.127964	0.021625	0.013042	0.008660	0.006479	0.006073	0.004568	0.005171	0.003419	
6	0.004280	1	4	98.010198	78.380630	0.142504	0.029374	0.012002	0.010164	0.007110	0.006634	0.004534	0.005328	0.003782	
6	0.004674	1	8	96.629253	85.503616	0.165456	0.029783	0.018566	0.008868	0.008364	0.005918	0.004474	0.004199	0.003730	
6	0.004496	1	16	94.291311	91.012802	0.205172	0.038579	0.017822	0.013300	0.010107	0.007519	0.006319	0.006666	0.004980	

6	0.004683	2	1	97.827460	84.780190	0.139768	0.024092	0.011752	0.008152	0.006336	0.005621	0.004285	0.003418	0.003750	
6	0.006419	2	2	96.439542	91.485809	0.160680	0.029296	0.013704	0.008514	0.007439	0.005844	0.004483	0.004033	0.003553	
6	0.004602	2	4	94.242096	95.659431	0.193760	0.030530	0.016022	0.010257	0.008417	0.006723	0.005788	0.005220	0.004773	
6	0.005339	2	8	90.606747	98.497498	0.248921	0.038278	0.020612	0.013122	0.009916	0.008122	0.006351	0.005673	0.005162	
6	0.005896	2	16	84.698827	99.165276	0.338837	0.049657	0.027047	0.023938	0.013227	0.010573	0.008435	0.007312	0.006689	

6	0.005800	3	1	94.573599	94.713417	0.189352	0.028448	0.015887	0.010908	0.009769	0.007817	0.006388	0.004620	0.004125	
6	0.005362	3	2	91.183594	97.885361	0.226989	0.034700	0.022305	0.012049	0.010452	0.009488	0.007005	0.005237	0.004839	
6	0.004299	3	4	86.669429	99.053978	0.288584	0.042088	0.022193	0.014092	0.011253	0.009022	0.007291	0.006246	0.006018	
6	0.005354	3	8	79.470769	99.666115	0.385086	0.055947	0.029662	0.019686	0.014651	0.014917	0.009171	0.008149	0.007433	
6	0.005550	3	16	68.047496	99.860878	0.535252	0.076761	0.037552	0.028501	0.019741	0.016286	0.012706	0.010933	0.010453	

6	0.005261	4	1	88.214874	98.553146	0.266767	0.037765	0.020274	0.013336	0.012018	0.008375	0.008331	0.006964	0.005435	
6	0.004337	4	2	81.059519	99.499168	0.349257	0.050084	0.025149	0.017681	0.013596	0.011612	0.008679	0.007580	0.006854	
6	0.005435	4	4	73.250576	99.944351	0.447236	0.064838	0.032796	0.021379	0.016671	0.013410	0.013494	0.009451	0.008943	
6	0.004323	4	8	61.975164	100.000000	0.587194	0.081512	0.042788	0.038534	0.023207	0.015713	0.013445	0.011941	0.011079	
6	0.006106	4	16	46.758999	99.972176	0.779710	0.111328	0.054067	0.035965	0.027095	0.021208	0.017979	0.015673	0.013977	

6	0.006845	5	1	77.231911	99.693939	0.389569	0.054601	0.029178	0.019870	0.020183	0.013399	0.011546	0.008576	0.007545	
6	0.004844	5	2	65.545214	99.916527	0.526924	0.071993	0.035532	0.025098	0.019380	0.017370	0.012270	0.011086	0.009784	
6	0.006222	5	4	55.426525	99.972176	0.645024	0.085767	0.048185	0.031833	0.033211	0.019035	0.014879	0.012998	0.011996	
6	0.006798	5	8	41.544085	100.000000	0.806834	0.108397	0.057235	0.038334	0.028015	0.021429	0.018189	0.016141	0.014833	
6	0.004202	5	16	26.541198	100.000000	0.989180	0.137227	0.069908	0.045032	0.033249	0.026794	0.022204	0.019627	0.017100	

7	0.021442	1	1	99.330634	63.105179	0.131706	0.022120	0.010862	0.008407	0.007523	0.006576	0.005359	0.003845	0.003077	
7	0.004809	1	1	99.330634	63.105179	0.131595	0.021294	0.011665	0.007449	0.007460	0.006021	0.004190	0.004551	0.003122	
7	0.004893	1	2	98.894589	73.873123	0.143370	0.024692	0.011864	0.008234	0.008212	0.004764	0.003903	0.003426	0.003320	
7	0.004991	1	4	98.120651	82.442963	0.152218	0.028334	0.013226	0.009298	0.006359	0.005983	0.004428	0.004491	0.003474	
7	0.005564	1	8	96.801671	89.037285	0.176446	0.030280	0.014762	0.012289	0.009613	0.006069	0.005594	0.004688	0.004697	
7	0.004543	1	16	94.519101	93.489143	0.215743	0.033737	0.018568	0.011843	0.009115	0.010080	0.006982	0.005535	0.005286	

7	0.004426	2	1	98.001450	88.286034	0.149719	0.024840	0.013688	0.010133	0.006914	0.005592	0.005144	0.005904	0.003930	
7	0.005502	2	2	96.710768	93.795219	0.169650	0.026861	0.018318	0.010785	0.009752	0.007675	0.004960	0.005860	0.003704	
7	0.005349	2	4	94.620121	97.050636	0.201079	0.030406	0.016598	0.013270	0.007786	0.006653	0.006329	0.004723	0.004380	
7	0.006414	2	8	91.095573	98.914856	0.254749	0.041084	0.023347	0.013363	0.013193	0.007310	0.006822	0.006860	0.005062	
7	0.004467	2	16	85.315704	99.526993	0.342105	0.055464	0.025477	0.017604	0.018465	0.009648	0.008636	0.007519	0.006767	

7	0.005855	3	1	94.966398	96.299385	0.189085	0.029099	0.016163	0.011874	0.009422	0.008292	0.005052	0.004739	0.004191	
7	0.005487	3	2	91.708563	98.887032	0.232482	0.035777	0.019113	0.013674	0.011800	0.009159	0.006259	0.005320	0.004743	
7	0.004570	3	4	87.243482	99.554810	0.294078	0.047619	0.022481	0.015024	0.012043	0.012401	0.007239	0.006569	0.006057	
7	0.004862	3	8	80.205653	99.805229	0.389012	0.056795	0.028139	0.019388	0.014915	0.011507	0.009224	0.007982	0.007434	
7	0.004947	3	16	68.877591	99.916527	0.539743	0.074464	0.038749	0.026045	0.019386	0.018560	0.012579	0.010963	0.009828	

7	0.004491	4	1	88.732754	99.193100	0.265799	0.043508	0.020610	0.013915	0.010877	0.010737	0.007756	0.006018	0.005543	
7	0.004766	4	2	81.873850	99.833054	0.354611	0.049371	0.027316	0.017816	0.017854	0.010097	0.008665	0.007755	0.006906	
7	0.006022	4	4	74.067003	99.944351	0.452920	0.064960	0.032155	0.021319	0.016146	0.012526	0.010640	0.009468	0.009054	
7	0.004785	4	8	62.736380	99.972176	0.591170	0.082813	0.044968	0.028172	0.022080	0.016282	0.014025	0.011917	0.010911	
7	0.007070	4	16	47.476197	99.972176	0.787591	0.107696	0.057727	0.041150	0.027546	0.021322	0.017979	0.015630	0.013811	

7	0.004429	5	1	77.784770	99.888702	0.393909	0.056469	0.029931	0.021572	0.015317	0.012697	0.010269	0.008676	0.007723	
7	0.004876	5	2	66.506388	100.000000	0.528612	0.074141	0.037297	0.028417	0.018939	0.014550	0.012316	0.011050	0.009710	
7	0.004618	5	4	56.277669	99.972176	0.654622	0.088175	0.047345	0.030753	0.022521	0.018270	0.014778	0.013379	0.012157	
7	0.005920	5	8	42.187382	100.000000	0.813976	0.113036	0.054521	0.037491	0.033313	0.021766	0.018664	0.016347	0.014971	
7	0.004883	5	16	26.918480	100.000000	1.000924	0.135875	0.068628	0.045071	0.034327	0.026371	0.022656	0.019554	0.017352	

8	0.021560	1	1	99.374448	65.247635	0.144747	0.025833	0.012252	0.008097	0.006051	0.005181	0.004132	0.003478	0.003478	
8	0.004354	1	1	99.374448	65.247635	0.143249	0.024814	0.012204	0.008303	0.007045	0.007122	0.003870	0.003617	0.003655	
8	0.004996	1	2	98.956205	76.905952	0.152024	0.024193	0.013550	0.008550	0.007704	0.005298	0.004381	0.003780	0.003349	
8	0.004991	1	4	98.196998	85.225372	0.163365	0.026369	0.013844	0.009076	0.009036	0.005584	0.004441	0.004064	0.003648	
8	0.005168	1	8	96.898455	92.014465	0.188465	0.029882	0.020724	0.010903	0.010314	0.008119	0.005701	0.004464	0.004271	
8	0.005497	1	16	94.656366	95.047302	0.225041	0.038466	0.018681	0.013086	0.009270	0.008032	0.006588	0.006012	0.005327	

8	0.004517	2	1	98.125935	89.899834	0.161026	0.025623	0.013432	0.009163	0.008881	0.005635	0.004362	0.003919	0.003779	
8	0.004245	2	2	96.862370	95.214249	0.180434	0.028063	0.015338	0.011755	0.007994	0.006699	0.005308	0.004364	0.004121	
8	0.004389	2	4	94.780690	97.913185	0.211477	0.032352	0.016392	0.012086	0.011288	0.007174	0.006243	0.007112	0.004629	
8	0.004910	2	8	91.331092	99.304398	0.263590	0.040516	0.020621	0.013885	0.011465	0.007463	0.006622	0.005905	0.005282	
8	0.004256	2	16	85.700599	99.638283	0.349193	0.051090	0.027608	0.017947	0.013336	0.012849	0.009129	0.007715	0.006907	

8	0.006699	3	1	95.200767	97.106293	0.198301	0.030256	0.016577	0.012175	0.009437	0.006997	0.006248	0.004971	0.004225	
8	0.004427	3	2	92.012715	99.220924	0.241561	0.035232	0.019547	0.015025	0.010245	0.009959	0.006211	0.005522	0.004981	
8	0.004118	3	4	87.447894	99.693939	0.303047	0.046647	0.023522	0.015339	0.012320	0.009967	0.008489	0.006679	0.006025	
8	0.004493	3	8	80.562701	99.972176	0.406686	0.055348	0.030262	0.019604	0.017012	0.012626	0.009335	0.008338	0.007411	
8	0.004350	3	16	69.365296	100.000000	0.547273	0.076561	0.037408	0.025774	0.020985	0.019983	0.012628	0.011063	0.009978	

8	0.004822	4	1	89.146820	99.443520	0.273888	0.044224	0.022374	0.014202	0.010749	0.009200	0.008105	0.006772	0.005780	
8	0.004073	4	2	82.348818	99.916527	0.360842	0.052055	0.026697	0.022234	0.013502	0.010514	0.008674	0.007732	0.007125	
8	0.005172	4	4	74.300120	99.916527	0.458140	0.062987	0.031784	0.022821	0.018925	0.013827	0.011020	0.009657	0.009097	
8	0.004487	4	8	63.115015	100.000000	0.601401	0.085407	0.042074	0.028306	0.024366	0.016574	0.013924	0.012235	0.011076	
8	0.005226	4	16	47.833013	100.000000	0.797082	0.112428	0.053888	0.036658	0.027178	0.021341	0.018000	0.015526	0.014061	

8	0.006672	5	1	78.341675	99.916527	0.400369	0.054289	0.030042	0.021679	0.017413	0.012293	0.009971	0.009166	0.007838	
8	0.005559	5	2	66.984559	100.000000	0.537618	0.072773	0.038470	0.027695	0.021740	0.015175	0.012368	0.010861	0.011467	
8	0.004191	5	4	56.420436	100.000000	0.663729	0.090072	0.045876	0.035601	0.026276	0.019342	0.014928	0.013463	0.012389	
8	0.004589	5	8	42.491155	100.000000	0.819202	0.110190	0.055607	0.038152	0.028722	0.022997	0.018534	0.016068	0.014939	
8	0.005051	5	16	27.094726	100.000000	1.008375	0.134249	0.067978	0.046010	0.033996	0.027439	0.022934	0.019716	0.017409	

9	0.020718	1	1	99.412134	68.948242	0.154421	0.027338	0.013387	0.008885	0.007133	0.005737	0.006456	0.003774	0.003523	
9	0.004471	1	1	99.412134	68.948242	0.155067	0.026993	0.013987	0.009307	0.008131	0.006142	0.004643	0.003781	0.003473	
9	0.004454	1	2	98.990281	79.910965	0.163345	0.032340	0.013655	0.009338	0.006957	0.006613	0.006751	0.004752	0.003496	
9	0.004495	1	4	98.259881	88.007790	0.175258	0.028220	0.015020	0.009160	0.007558	0.006852	0.004760	0.004555	0.003833	
9	0.004704	1	8	96.973827	94.045631	0.198983	0.035581	0.019858	0.010782	0.009855	0.009908	0.005927	0.005256	0.004423	
9	0.004730	1	16	94.752669	96.466331	0.237818	0.038218	0.019859	0.013183	0.011079	0.009951	0.006640	0.006463	0.005309	

9	0.005119	2	1	98.230375	91.903175	0.171647	0.030509	0.014248	0.010681	0.007872	0.008540	0.005188	0.005208	0.003923	
9	0.005803	2	2	96.972386	96.271561	0.190019	0.031009	0.015747	0.013755	0.007539	0.009481	0.005344	0.004417	0.004323	
9	0.005638	2	4	94.903035	98.469673	0.222188	0.037273	0.017350	0.012459	0.008900	0.008192	0.005615	0.005202	0.004525	
9	0.004496	2	8	91.457585	99.554810	0.275909	0.041544	0.022395	0.014066	0.011902	0.011390	0.008389	0.006213	0.005398	
9	0.004359	2	16	85.978593	99.805229	0.359077	0.051541	0.026703	0.018303	0.014014	0.012836	0.008967	0.007658	0.007141	

9	0.004477	3	1	95.393404	98.024490	0.207364	0.030939	0.015994	0.010966	0.009255	0.007285	0.005537	0.005036	0.004485	
9	0.004503	3	2	92.133545	99.360046	0.251032	0.039708	0.020327	0.014197	0.010130	0.008593	0.007722	0.005807	0.005070	
9	0.005957	3	4	87.588522	99.833054	0.314494	0.045491	0.023275	0.019761	0.012042	0.010390	0.008898	0.006933	0.006115	
9	0.004369	3	8	80.683780	100.000000	0.407136	0.057514	0.030170	0.021183	0.018862	0.012256	0.014882	0.008415	0.007720	
9	0.004351	3	16	69.655678	100.000000	0.553889	0.078777	0.038016	0.026028	0.020378	0.017912	0.012824	0.011343	0.012413	

9	0.004384	4	1	89.448628	99.693939	0.280469	0.042683	0.023645	0.015941	0.011056	0.009425	0.008757	0.006235	0.005937	
9	0.005669	4	2	82.369313	99.944351	0.369755	0.052148	0.028411	0.021471	0.015428	0.010744	0.009135	0.007966	0.007069	
9	0.004493	4	4	74.395085	100.000000	0.469281	0.065418	0.033212	0.021824	0.018549	0.013757	0.011204	0.009784	0.009029	
9	0.005835	4	8	63.129018	100.000000	0.610340	0.081944	0.043547	0.029729	0.024283	0.017200	0.014322	0.012660	0.011263	
9	0.004385	4	16	48.010570	100.000000	0.795299	0.108083	0.055087	0.036612	0.031855	0.021327	0.018130	0.015869	0.014310	

9	0.005164	5	1	78.825421	99.944351	0.404546	0.057220	0.030220	0.020130	0.019194	0.017119	0.010277	0.012056	0.007897	
9	0.006736	5	2	67.009072	100.000000	0.549930	0.073537	0.038889	0.025501	0.021198	0.015854	0.012594	0.011096	0.010024	
9	0.005568	5	4	56.486506	100.000000	0.668378	0.090836	0.047788	0.031576	0.028216	0.018165	0.015239	0.014093	0.013675	
9	0.005661	5	8	42.447690	100.000000	0.835637	0.114009	0.054829	0.037709	0.030256	0.022279	0.019371	0.016422	0.015189	
9	0.004353	5	16	27.111480	100.000000	1.010185	0.134438	0.069367	0.045983	0.034229	0.026719	0.023018	0.020180	0.017594	

10	0.020849	1	1	99.441581	71.702835	0.169414	0.028316	0.014001	0.011787	0.009770	0.005765	0.005279	0.004225	0.005249	
10	0.005038	1	1	99.441581	71.702835	0.172415	0.028278	0.018400	0.010594	0.006842	0.008279	0.005843	0.003986	0.003835	
10	0.004618	1	2	99.029524	83.055092	0.175830	0.033322	0.014576	0.010295	0.009465	0.008420	0.004777	0.004110	0.004015	
10	0.005775	1	4	98.314787	90.261551	0.189205	0.030040	0.018045	0.010224	0.008233	0.006478	0.005248	0.004450	0.004119	
10	0.006059	1	8	97.042954	95.436844	0.213443	0.036000	0.017150	0.011280	0.012019	0.007911	0.006674	0.004858	0.004759	
10	0.004879	1	16	94.794911	97.579300	0.251754	0.038374	0.022621	0.014763	0.010768	0.009811	0.008078	0.005817	0.005789	

10	0.004936	2	1	98.278760	93.322205	0.184773	0.030934	0.019870	0.012720	0.008746	0.007066	0.005820	0.004636	0.004065	
10	0.004569	2	2	97.060407	96.994987	0.203124	0.030593	0.015689	0.014859	0.007681	0.006539	0.006238	0.004729	0.004216	
10	0.004730	2	4	95.026588	98.747917	0.237701	0.038605	0.018142	0.012268	0.011924	0.008041	0.006049	0.005229	0.004905	
10	0.007469	2	8	91.632332	99.721756	0.287211	0.047175	0.022895	0.017111	0.010982	0.009448	0.007678	0.006444	0.005960	
10	0.007524	2	16	86.046556	99.860878	0.372384	0.054009	0.027879	0.019106	0.018038	0.010811	0.009059	0.008023	0.007308	

10	0.006362	3	1	95.478834	98.553146	0.220116	0.035014	0.017537	0.013214	0.011831	0.006989	0.005814	0.004983	0.004668	
10	0.005005	3	2	92.282106	99.693939	0.263435	0.040553	0.020993	0.014589	0.012351	0.007741	0.007853	0.005975	0.005262	
10	0.004751	3	4	87.809121	99.944351	0.326475	0.045317	0.025888	0.015942	0.012235	0.013965	0.007775	0.007111	0.006466	
10	0.004632	3	8	80.948426	100.000000	0.417435	0.058289	0.030043	0.020246	0.015552	0.017737	0.009929	0.008658	0.007933	
10	0.005091	3	16	69.653145	100.000000	0.569526	0.078475	0.040042	0.026902	0.025521	0.015496	0.013516	0.011534	0.010430	

10	0.004817	4	1	89.550011	99.833054	0.299766	0.042308	0.021877	0.020437	0.011105	0.010968	0.008148	0.006493	0.006050	
10	0.005843	4	2	82.613406	99.972176	0.379627	0.052740	0.028823	0.019475	0.014161	0.011684	0.009416	0.008202	0.007412	
10	0.004954	4	4	74.728785	100.000000	0.479780	0.071111	0.034956	0.022598	0.017378	0.014906	0.011504	0.010349	0.009102	
10	0.005081	4	8	63.429167	100.000000	0.620319	0.087916	0.043994	0.035466	0.023961	0.017170	0.014501	0.012445	0.011777	
10	0.005499	4	16	47.847715	100.000000	0.815537	0.111070	0.055898	0.043173	0.029241	0.022690	0.018762	0.016298	0.014348	

10	0.005371	5	1	78.989163	99.972176	0.417458	0.059961	0.031110	0.020750	0.019974	0.012123	0.010238	0.009089	0.008154	
10	0.006217	5	2	67.348784	100.000000	0.556717	0.079759	0.037576	0.026699	0.020133	0.015654	0.012988	0.011491	0.010154	
10	0.005859	5	4	56.865928	100.000000	0.680279	0.098520	0.048689	0.031822	0.028691	0.018708	0.015363	0.013798	0.012375	
10	0.007599	5	8	42.701870	100.000000	0.845676	0.112898	0.057819	0.038262	0.029129	0.022549	0.019265	0.016705	0.015491	
10	0.005078	5	16	26.859324	100.000000	1.032797	0.136669	0.070279	0.046165	0.036234	0.027587	0.023514	0.020471	0.017892	

11	0.020465	1	1	99.448845	74.401779	0.184804	0.028208	0.016142	0.009862	0.010286	0.007454	0.005475	0.005006	0.004391	
11	0.006291	1	1	99.448845	74.401779	0.185376	0.030579	0.015191	0.012161	0.007125	0.006153	0.005286	0.004636	0.003941	
11	0.004785	1	2	99.043207	85.475792	0.191241	0.029296	0.016294	0.010312	0.008836	0.006563	0.007197	0.005387	0.003989	
11	0.005937	1	4	98.324845	91.764053	0.205192	0.032798	0.016930	0.011772	0.007983	0.007867	0.006142	0.005534	0.004907	
11	0.005330	1	8	97.070451	96.215912	0.227612	0.036290	0.018739	0.015683	0.011965	0.006800	0.006106	0.005329	0.004794	
11	0.005712	1	16	94.827212	97.746239	0.268492	0.040000	0.021747	0.014387	0.011832	0.010419	0.008003	0.006294	0.005868	

11	0.005259	2	1	98.314976	94.602112	0.204584	0.033088	0.015726	0.010407	0.009086	0.007305	0.007857	0.005238	0.004172	
11	0.004832	2	2	97.107831	97.412354	0.226297	0.033900	0.017989	0.013040	0.008644	0.007922	0.006153	0.004888	0.004707	
11	0.005600	2	4	95.062993	99.248749	0.250284	0.036923	0.020478	0.013932	0.010282	0.007663	0.006844	0.005787	0.005205	
11	0.004928	2	8	91.713512	99.805229	0.301057	0.043529	0.024676	0.018750	0.016318	0.010264	0.007947	0.006902	0.006075	
11	0.006501	2	16	86.145756	99.888702	0.388270	0.056304	0.036322	0.023251	0.016955	0.012299	0.009223	0.008142	0.007488	

11	0.005980	3	1	95.561469	98.914856	0.234453	0.035206	0.019479	0.011747	0.011574	0.008122	0.008144	0.005604	0.005003	
11	0.006600	3	2	92.385615	99.582634	0.277049	0.044506	0.023477	0.014954	0.010693	0.011751	0.007065	0.006207	0.005532	
11	0.004829	3	4	87.816865	99.972176	0.340285	0.047220	0.027004	0.017480	0.012629	0.012626	0.008798	0.007363	0.006527	
11	0.005297	3	8	81.019475	100.000000	0.433318	0.062060	0.032176	0.021180	0.019440	0.016175	0.012989	0.009013	0.008238	
11	0.006565	3	16	69.728677	100.000000	0.584199	0.082349	0.044562	0.033036	0.021758	0.018254	0.013529	0.013384	0.010543	

11	0.005019	4	1	89.639285	99.805229	0.308979	0.044386	0.022080	0.016882	0.014724	0.009119	0.008236	0.007458	0.006261	
11	0.006996	4	2	82.765766	100.000000	0.403009	0.054885	0.029155	0.019455	0.015505	0.012813	0.009622	0.008438	0.007611	
11	0.006201	4	4	74.673166	100.000000	0.495279	0.068107	0.033826	0.023752	0.019829	0.014699	0.011806	0.010296	0.009325	
11	0.007830	4	8	63.511045	100.000000	0.636458	0.090770	0.048177	0.030316	0.023177	0.018051	0.014957	0.012869	0.011602	
11	0.006284	4	16	47.896653	100.000000	0.832216	0.112308	0.059150	0.038513	0.031135	0.022150	0.018885	0.016441	0.014771	

11	0.005885	5	1	79.088873	99.944351	0.433428	0.058705	0.030753	0.021643	0.017837	0.013601	0.010388	0.009453	0.008348	
11	0.004953	5	2	67.540402	100.000000	0.568664	0.078388	0.040451	0.026443	0.023963	0.016379	0.013161	0.011779	0.010373	
11	0.004940	5	4	56.833395	100.000000	0.695689	0.094808	0.047719	0.032276	0.024253	0.018521	0.015895	0.014019	0.012676	
11	0.005817	5	8	42.776237	100.000000	0.859170	0.113254	0.060431	0.039096	0.029733	0.023005	0.019382	0.017235	0.015812	
11	0.004729	5	16	26.888727	100.000000	1.053323	0.141064	0.071063	0.048526	0.035685	0.028018	0.023658	0.020536	0.018419	

12	0.021639	1	1	99.460198	76.460770	0.198277	0.031571	0.016463	0.012760	0.010108	0.006943	0.007652	0.004554	0.004179	
12	0.004711	1	1	99.460198	76.460770	0.198533	0.031382	0.015843	0.010635	0.010374	0.008835	0.005620	0.004714	0.004221	
12	0.004618	1	2	99.062130	87.367836	0.208659	0.031363	0.021765	0.012290	0.010400	0.008446	0.006806	0.004999	0.004313	
12	0.004558	1	4	98.345486	93.516975	0.220884	0.033314	0.018169	0.012474	0.008707	0.007426	0.008513	0.005229	0.004582	
12	0.005075	1	8	97.101397	97.245407	0.249385	0.037370	0.019574	0.012883	0.010006	0.008678	0.006438	0.005348	0.005167	
12	0.006053	1	16	94.866178	98.247078	0.290576	0.044903	0.023468	0.015059	0.012051	0.009655	0.007517	0.006629	0.005954	

12	0.004562	2	1	98.354831	95.242073	0.215019	0.033258	0.017556	0.012351	0.009308	0.007779	0.006142	0.005794	0.004440	
12	0.004667	2	2	97.156405	98.107956	0.235953	0.036472	0.017261	0.013363	0.009874	0.008332	0.006368	0.005455	0.004764	
12	0.004475	2	4	95.098874	99.610458	0.275421	0.043693	0.021022	0.014560	0.010751	0.010784	0.007543	0.007339	0.005320	
12	0.004524	2	8	91.763251	99.860878	0.323025	0.048397	0.023520	0.018551	0.012426	0.009985	0.008026	0.006950	0.006580	
12	0.004588	2	16	86.185494	99.944351	0.415657	0.059337	0.030508	0.020449	0.017794	0.011929	0.010094	0.008772	0.007927	

12	0.005594	3	1	95.651499	99.248749	0.252019	0.038194	0.021247	0.015924	0.012327	0.007858	0.006440	0.005631	0.005065	
12	0.005254	3	2	92.501846	99.749580	0.298194	0.042384	0.025975	0.015251	0.011677	0.010670	0.007934	0.006486	0.006107	
12	0.005853	3	4	87.868845	99.972176	0.367366	0.052336	0.026533	0.018421	0.013697	0.015274	0.008641	0.007967	0.007194	
12	0.005954	3	8	81.028456	100.000000	0.469252	0.066099	0.034238	0.026328	0.017076	0.016412	0.011136	0.009695	0.008701	
12	0.004841	3	16	69.727221	100.000000	0.628191	0.085513	0.047543	0.030074	0.027958	0.017083	0.014800	0.012812	0.011429	

12	0.005730	4	1	89.820713	99.944351	0.331378	0.049019	0.023631	0.023335	0.015761	0.013852	0.008356	0.007261	0.006455	
12	0.004668	4	2	82.929552	100.000000	0.426359	0.058391	0.030667	0.020376	0.015819	0.012850	0.010309	0.010430	0.008197	
12	0.005674	4	4	74.691114	100.000000	0.539755	0.074448	0.037318	0.025617	0.020666	0.015249	0.012607	0.011504	0.010210	
12	0.005896	4	8	63.485092	100.000000	0.694765	0.095901	0.047993	0.033267	0.028252	0.019073	0.015776	0.014012	0.012677	
12	0.007396	4	16	47.804206	100.000000	0.911258	0.127800	0.062182	0.041342	0.034750	0.024459	0.020487	0.018033	0.015989	

12	0.004686	5	1	79.309428	99.972176	0.467104	0.064777	0.034456	0.024598	0.020801	0.015610	0.011319	0.010241	0.009062	
12	0.005759	5	2	67.680825	100.000000	0.616547	0.083531	0.043874	0.030838	0.024201	0.022058	0.014263	0.012547	0.011483	
12	0.006413	5	4	56.815360	100.000000	0.764535	0.100773	0.053758	0.039688	0.026922	0.020368	0.017359	0.015481	0.013639	
12	0.006019	5	8	42.750517	100.000000	0.949146	0.126569	0.063136	0.043223	0.032433	0.025139	0.021225	0.018865	0.016970	
12	0.004569	5	16	26.775611	100.000000	1.160008	0.152096	0.076255	0.051709	0.040216	0.030621	0.026243	0.022423	0.020061	

13	0.019186	1	1	99.467782	78.491936	0.215141	0.036136	0.016574	0.015605	0.008405	0.007452	0.008422	0.006088	0.004530	
13	0.005309	1	1	99.467782	78.491936	0.214710	0.033296	0.017692	0.013671	0.010991	0.008771	0.008511	0.005203	0.004474	
13	0.004882	1	2	99.075129	88.731216	0.224330	0.034937	0.016515	0.011712	0.008735	0.007932	0.006376	0.005246	0.005609	
13	0.005314	1	4	98.363855	94.685585	0.250237	0.036538	0.019283	0.015578	0.012127	0.007206	0.006159	0.007499	0.004866	
13	0.004748	1	8	97.123435	97.718414	0.271075	0.040130	0.020141	0.013801	0.010258	0.011587	0.007077	0.006125	0.005672	
13	0.006741	1	16	94.903326	98.636612	0.320537	0.051186	0.023999	0.020014	0.014010	0.010182	0.008454	0.007329	0.006425	

13	0.004732	2	1	98.372706	95.909851	0.237107	0.036321	0.019453	0.013803	0.010767	0.007686	0.006124	0.005559	0.004890	
13	0.005711	2	2	97.186609	98.553146	0.259375	0.041339	0.020598	0.013978	0.013449	0.008745	0.006964	0.006031	0.005256	
13	0.004701	2	4	95.143357	99.721756	0.298592	0.042798	0.022187	0.016078	0.011582	0.012727	0.007617	0.006588	0.006110	
13	0.005996	2	8	91.812931	99.916527	0.362634	0.054243	0.026793	0.018882	0.013184	0.010493	0.011807	0.008098	0.007153	
13	0.005920	2	16	86.281027	99.972176	0.465217	0.067174	0.032681	0.023728	0.017589	0.012950	0.011074	0.009785	0.008935	

13	0.005248	3	1	95.685881	99.471344	0.281256	0.042229	0.021732	0.017678	0.012867	0.012594	0.007278	0.006426	0.005679	
13	0.004838	3	2	92.566941	99.888702	0.333257	0.048759	0.025577	0.016536	0.012435	0.014393	0.010049	0.007332	0.006629	
13	0.004975	3	4	87.938612	100.000000	0.410693	0.058989	0.028844	0.019466	0.017793	0.011606	0.010036	0.009469	0.008011	
13	0.005933	3	8	81.096317	100.000000	0.521859	0.073530	0.037169	0.025394	0.018731	0.014999	0.012075	0.010595	0.009607	
13	0.006029	3	16	69.834297	100.000000	0.694660	0.096650	0.048704	0.032289	0.024659	0.019354	0.015746	0.013878	0.012222	

13	0.005370	4	1	89.951282	99.916527	0.373013	0.051548	0.027727	0.018269	0.016994	0.015579	0.009050	0.008081	0.007476	
13	0.005981	4	2	83.099859	100.000000	0.470409	0.064250	0.034871	0.024041	0.022125	0.014488	0.011543	0.010049	0.009029	
13	0.005596	4	4	74.847448	100.000000	0.590339	0.079954	0.042508	0.026920	0.020588	0.016389	0.013540	0.012033	0.010981	
13	0.006234	4	8	63.568775	100.000000	0.749879	0.103818	0.054227	0.034491	0.028073	0.021090	0.017096	0.014794	0.013327	
13	0.006397	4	16	47.893188	100.000000	0.967450	0.129429	0.064100	0.048272	0.033533	0.025619	0.021593	0.018733	0.016746	

13	0.005232	5	1	79.509358	99.944351	0.511934	0.069697	0.035897	0.024666	0.019271	0.015424	0.012164	0.011132	0.009997	
13	0.006861	5	2	67.924641	100.000000	0.669554	0.089182	0.046046	0.037696	0.023375	0.018973	0.015348	0.015267	0.012097	
13	0.006079	5	4	56.996278	100.000000	0.813530	0.108904	0.059161	0.037188	0.030310	0.022055	0.018217	0.016047	0.014265	
13	0.006460	5	8	42.829644	100.000000	0.993843	0.130720	0.068352	0.044738	0.034991	0.025997	0.022133	0.019274	0.017407	
13	0.005208	5	16	26.815058	100.000000	1.201656	0.157786	0.078874	0.053005	0.039767	0.031555	0.026397	0.023262	0.020374	

14	0.020559	1	1	99.471712	79.604897	0.354111	0.052174	0.026478	0.023583	0.014863	0.013293	0.008494	0.007371	0.006772	
14	0.005109	1	1	99.471712	79.604897	0.353936	0.054092	0.026000	0.017689	0.013346	0.010494	0.009535	0.007244	0.006813	
14	0.005067	1	2	99.086032	89.565948	0.360183	0.053417	0.026518	0.018335	0.013140	0.010715	0.009405	0.008022	0.006690	
14	0.005238	1	4	98.373637	95.186424	0.372916	0.055529	0.028324	0.018885	0.014293	0.011909	0.008821	0.007887	0.007008	
14	0.005636	1	8	97.128938	97.801895	0.393702	0.057850	0.028632	0.019174	0.016777	0.016550	0.009075	0.008264	0.007503	
14	0.005057	1	16	94.920240	98.887032	0.432632	0.060186	0.032403	0.021958	0.016971	0.014743	0.010858	0.009056	0.008162	

14	0.006278	2	1	98.387174	96.688927	0.367402	0.051632	0.027704	0.017952	0.016259	0.010023	0.008619	0.007923	0.007025	
14	0.006438	2	2	97.205663	98.775742	0.384957	0.056045	0.029110	0.018619	0.014417	0.011356	0.009006	0.008211	0.007447	
14	0.004990	2	4	95.166516	99.805229	0.414475	0.057186	0.031357	0.023970	0.017481	0.012236	0.009811	0.008573	0.007786	
14	0.008299	2	8	91.802130	99.944351	0.464020	0.067489	0.035081	0.023491	0.016708	0.013781	0.010612	0.009446	0.008406	
14	0.005348	2	16	86.298247	100.000000	0.544739	0.074594	0.038740	0.030849	0.019844	0.015294	0.012654	0.010992	0.009904	

14	0.005587	3	1	95.708603	99.693939	0.401402	0.057933	0.029199	0.026478	0.015495	0.014409	0.009463	0.008355	0.007397	
14	0.005512	3	2	92.585806	99.916527	0.441485	0.062252	0.031903	0.020889	0.016111	0.018016	0.010287	0.009141	0.008073	
14	0.005075	3	4	87.931640	100.000000	0.504185	0.073409	0.035616	0.024216	0.021721	0.014315	0.012003	0.010305	0.009157	
14	0.006590	3	8	81.041309	100.000000	0.593370	0.081609	0.041953	0.028964	0.021249	0.017435	0.013521	0.012111	0.011229	
14	0.005371	3	16	69.819231	100.000000	0.742632	0.100646	0.052736	0.034751	0.026240	0.019856	0.016815	0.014597	0.013764	

14	0.006164	4	1	89.967963	99.916527	0.469762	0.064319	0.035535	0.021894	0.020054	0.013601	0.011436	0.009660	0.008684	
14	0.005591	4	2	83.104008	100.000000	0.564920	0.073993	0.039430	0.028220	0.019318	0.015437	0.012766	0.011162	0.010984	
14	0.007536	4	4	74.829063	100.000000	0.655762	0.089688	0.045506	0.029862	0.023544	0.018130	0.014811	0.012937	0.011615	
14	0.005005	4	8	63.478294	100.000000	0.799523	0.110129	0.054284	0.035888	0.027537	0.020986	0.017720	0.015434	0.013839	
14	0.005340	4	16	47.863508	100.000000	1.003843	0.139088	0.067147	0.044143	0.036923	0.026126	0.022013	0.019474	0.017214	

14	0.006194	5	1	79.519794	99.972176	0.593867	0.080938	0.042834	0.027647	0.022219	0.019249	0.014068	0.011976	0.010829	
14	0.006101	5	2	67.894248	100.000000	0.728468	0.098982	0.049893	0.035025	0.025919	0.022228	0.018139	0.014411	0.012806	
14	0.006531	5	4	56.945565	100.000000	0.858831	0.113907	0.057863	0.038309	0.029256	0.022616	0.019039	0.016652	0.014772	
14	0.006060	5	8	42.735247	100.000000	1.024871	0.136100	0.068113	0.046165	0.035047	0.026917	0.022657	0.019792	0.017924	
14	0.006337	5	16	26.789949	100.000000	1.223160	0.160170	0.083885	0.054239	0.040535	0.031845	0.026764	0.023446	0.020620	

15	0.022489	1	1	99.481145	81.107399	0.371569	0.054530	0.027012	0.018503	0.013965	0.011082	0.010393	0.007758	0.007028	
15	0.006953	1	1	99.481145	81.107399	0.371926	0.053881	0.028517	0.021495	0.017073	0.010511	0.008902	0.007685	0.006921	
15	0.005318	1	2	99.097051	90.818031	0.377347	0.052937	0.030269	0.019837	0.014149	0.011976	0.009308	0.008030	0.007233	
15	0.006344	1	4	98.384190	96.076790	0.389574	0.059695	0.028315	0.019272	0.019884	0.010800	0.009164	0.008098	0.007073	
15	0.005608	1	8	97.150510	98.247078	0.412327	0.058188	0.031179	0.019914	0.017100	0.011690	0.009910	0.008584	0.007700	
15	0.007157	1	16	94.956092	99.193100	0.452421	0.064529	0.031800	0.027831	0.016642	0.012813	0.010648	0.009223	0.008263	

15	0.006946	2	1	98.418223	97.189758	0.384592	0.058069	0.028615	0.020335	0.015422	0.013770	0.009268	0.008055	0.007222	
15	0.005269	2	2	97.248662	99.137451	0.402104	0.056982	0.029824	0.024649	0.017606	0.015966	0.009451	0.008234	0.007504	
15	0.006603	2	4	95.193503	99.944351	0.431902	0.064134	0.031307	0.020258	0.015815	0.012728	0.010817	0.008950	0.007978	
15	0.006873	2	8	91.853484	100.000000	0.480660	0.066101	0.034311	0.022762	0.019577	0.017277	0.011321	0.009546	0.008698	
15	0.005232	2	16	86.363298	100.000000	0.560262	0.078266	0.039678	0.027003	0.020777	0.016705	0.013230	0.011243	0.010020	

15	0.008567	3	1	95.782534	99.721756	0.418362	0.057838	0.030355	0.020318	0.015456	0.014980	0.009879	0.010854	0.007769	
15	0.006516	3	2	92.673624	99.916527	0.458857	0.062390	0.033628	0.022322	0.016832	0.012560	0.010551	0.009465	0.008351	
15	0.006330	3	4	87.949559	100.000000	0.519922	0.075948	0.036180	0.033052	0.021971	0.014851	0.011865	0.010440	0.009351	
15	0.006433	3	8	81.111368	100.000000	0.613937	0.085747	0.041338	0.033130	0.022639	0.020266	0.016079	0.012052	0.010784	
15	0.005359	3	16	69.876743	100.000000	0.757244	0.101059	0.050852	0.034677	0.026388	0.020907	0.016879	0.014887	0.013146	

15	0.005902	4	1	90.071749	99.916527	0.487763	0.069579	0.034555	0.022415	0.022968	0.014462	0.013537	0.009914	0.008968	
15	0.006524	4	2	83.245843	100.000000	0.567602	0.077739	0.040199	0.026733	0.021706	0.021913	0.015458	0.011446	0.010323	
15	0.005190	4	4	74.840926	100.000000	0.672268	0.089990	0.047147	0.031074	0.023425	0.018510	0.015202	0.013249	0.011890	
15	0.007454	4	8	63.562647	100.000000	0.809882	0.108423	0.057119	0.039030	0.028590	0.021422	0.018189	0.015818	0.014027	
15	0.005308	4	16	47.929477	100.000000	0.999081	0.135697	0.067002	0.047806	0.034438	0.026442	0.022308	0.019367	0.017266	

15	0.005226	5	1	79.679636	99.972176	0.605089	0.083275	0.042232	0.028446	0.021538	0.021597	0.014103	0.012510	0.011107	
15	0.005241	5	2	68.088530	100.000000	0.741358	0.098935	0.051013	0.034986	0.026075	0.019615	0.016780	0.014609	0.013121	
15	0.007323	5	4	56.951897	100.000000	0.871366	0.117618	0.058587	0.039011	0.032621	0.023270	0.019364	0.016857	0.016251	
15	0.005840	5	8	42.830590	100.000000	1.038912	0.136087	0.069706	0.047566	0.035021	0.027121	0.022943	0.019938	0.018231	
15	0.006890	5	16	26.814112	100.000000	1.227658	0.162997	0.080814	0.056613	0.043413	0.032552	0.027070	0.023639	0.020924	

16	0.021279	1	1	99.488132	81.914299	0.383095	0.055087	0.029426	0.020107	0.016567	0.010670	0.009088	0.008191	0.007128	
16	0.005157	1	1	99.488132	81.914299	0.387132	0.058286	0.030975	0.019808	0.014675	0.010930	0.009199	0.007966	0.007267	
16	0.005346	1	2	99.101825	91.652756	0.389683	0.055070	0.031815	0.023461	0.017786	0.011398	0.009506	0.008124	0.007544	
16	0.005031	1	4	98.392881	96.688927	0.401229	0.063197	0.029841	0.019816	0.019436	0.011175	0.009349	0.008238	0.007381	
16	0.006656	1	8	97.156653	98.497498	0.425049	0.059357	0.033116	0.020627	0.019847	0.013171	0.009871	0.008667	0.007798	
16	0.005321	1	16	94.960255	99.220924	0.465283	0.065536	0.033918	0.022517	0.018287	0.014978	0.010923	0.009501	0.008542	

16	0.006779	2	1	98.432546	97.161934	0.396640	0.058503	0.030755	0.019367	0.014876	0.011819	0.009586	0.008457	0.007323	
16	0.005630	2	2	97.258342	99.248749	0.414967	0.059309	0.030542	0.020445	0.015848	0.011499	0.009754	0.008734	0.007963	
16	0.005347	2	4	95.209341	99.972176	0.446326	0.062351	0.033293	0.021804	0.019175	0.012053	0.010294	0.009052	0.008112	
16	0.005397	2	8	91.843266	100.000000	0.494206	0.068377	0.035018	0.024891	0.020408	0.017154	0.011481	0.009973	0.008889	
16	0.006211	2	16	86.320066	100.000000	0.574983	0.083688	0.039437	0.029396	0.020182	0.016460	0.013398	0.011500	0.010331	

16	0.006659	3	1	95.802913	99.833054	0.436003	0.059057	0.030740	0.020519	0.016665	0.012474	0.010350	0.008971	0.007990	
16	0.006145	3	2	92.691309	99.916527	0.472286	0.066124	0.034026	0.022966	0.020284	0.016215	0.010869	0.009548	0.008437	
16	0.006957	3	4	87.959806	100.000000	0.531729	0.074326	0.037404	0.026816	0.019413	0.014621	0.012117	0.010714	0.013175	
16	0.006144	3	8	81.057233	100.000000	0.626830	0.086140	0.045395	0.031298	0.022042	0.017049	0.016381	0.012277	0.011202	
16	0.006269	3	16	69.767018	100.000000	0.769548	0.104309	0.053360	0.035570	0.031685	0.024904	0.017295	0.014916	0.013685	

16	0.006123	4	1	90.135985	99.944351	0.499804	0.070073	0.036154	0.024750	0.022866	0.015172	0.011629	0.010181	0.009186	
16	0.006691	4	2	83.264796	100.000000	0.584055	0.079784	0.040803	0.027945	0.020804	0.015722	0.013935	0.011795	0.010545	
16	0.005405	4	4	74.848525	100.000000	0.686716	0.093845	0.046859	0.032092	0.023819	0.018990	0.015415	0.013471	0.012107	
16	0.005177	4	8	63.483986	100.000000	0.827448	0.110954	0.056748	0.041305	0.028954	0.021757	0.018435	0.016029	0.014335	
16	0.006398	4	16	47.797249	100.000000	1.025792	0.139952	0.069321	0.050430	0.037185	0.026993	0.022627	0.019851	0.017585	

16	0.005337	5	1	79.772999	99.972176	0.621320	0.084345	0.043204	0.028864	0.022537	0.020641	0.014264	0.012439	0.011210	
16	0.005318	5	2	68.075691	100.000000	0.756587	0.101891	0.053186	0.036411	0.026235	0.020198	0.017070	0.014990	0.013313	
16	0.004920	5	4	56.926365	100.000000	0.887775	0.118326	0.061584	0.041329	0.030027	0.023305	0.019741	0.017132	0.015468	
16	0.005456	5	8	42.732365	100.000000	1.056036	0.138820	0.070895	0.047570	0.035763	0.027776	0.023218	0.020170	0.018339	
16	0.005353	5	16	26.733078	100.000000	1.253525	0.163773	0.082570	0.055906	0.043729	0.032685	0.027429	0.023890	0.021116	

17	0.022904	1	1	99.493881	83.695045	0.400860	0.058207	0.030127	0.019166	0.014910	0.017002	0.012670	0.009975	0.007647	
17	0.006927	1	1	99.493881	83.695045	0.401532	0.055565	0.030993	0.020226	0.017607	0.011302	0.009446	0.008318	0.007358	
17	0.005186	1	2	99.107939	91.958824	0.412486	0.058410	0.030230	0.019970	0.018633	0.014874	0.010608	0.008330	0.007727	
17	0.006763	1	4	98.399867	97.106293	0.419351	0.059425	0.029794	0.021536	0.021049	0.012198	0.010291	0.008685	0.007830	
17	0.007675	1	8	97.159040	98.692261	0.441913	0.060738	0.030668	0.021441	0.019695	0.018532	0.010229	0.008855	0.008279	
17	0.005544	1	16	94.967737	99.360046	0.478305	0.069437	0.033383	0.023689	0.017460	0.013683	0.011351	0.009826	0.008788	

17	0.005333	2	1	98.453856	97.885361	0.416743	0.062333	0.029499	0.019818	0.018719	0.015075	0.009718	0.008629	0.007784	
17	0.005246	2	2	97.286174	99.387863	0.431573	0.062384	0.031521	0.020978	0.020277	0.015864	0.010153	0.008862	0.007968	
17	0.005196	2	4	95.209821	99.944351	0.461591	0.062979	0.033901	0.022708	0.016612	0.016185	0.011411	0.010215	0.008541	
17	0.006644	2	8	91.841155	100.000000	0.511752	0.072747	0.043780	0.024962	0.020521	0.014369	0.011899	0.010208	0.009139	
17	0.005740	2	16	86.346442	100.000000	0.590342	0.084719	0.045638	0.034118	0.021984	0.016317	0.013443	0.011792	0.010707	

17	0.005591	3	1	95.847688	99.833054	0.446453	0.061161	0.031120	0.021897	0.018138	0.012297	0.010415	0.009341	0.008112	
17	0.005156	3	2	92.751659	99.944351	0.490954	0.072091	0.034569	0.024893	0.022458	0.017058	0.011172	0.009945	0.009175	
17	0.006600	3	4	87.966007	100.000000	0.549000	0.076888	0.037795	0.025734	0.020100	0.015882	0.012685	0.011006	0.010086	
17	0.006560	3	8	81.035865	100.000000	0.640070	0.084746	0.048645	0.030121	0.022922	0.017514	0.014395	0.012937	0.011244	
17	0.006459	3	16	69.778678	100.000000	0.785308	0.106788	0.054114	0.037044	0.027521	0.020755	0.017621	0.016259	0.013587	

17	0.005608	4	1	90.205520	99.972176	0.512909	0.070463	0.036008	0.024555	0.018292	0.014302	0.012018	0.010514	0.009395	
17	0.005656	4	2	83.368887	100.000000	0.597916	0.081872	0.044961	0.029157	0.022477	0.017124	0.013547	0.011904	0.010838	
17	0.005367	4	4	74.814449	100.000000	0.701856	0.095729	0.048700	0.031798	0.024862	0.018554	0.015819	0.013793	0.012487	
17	0.005730	4	8	63.437085	100.000000	0.841043	0.115055	0.056593	0.038424	0.029067	0.022569	0.018747	0.016271	0.014622	
17	0.006387	4	16	47.798995	100.000000	1.036040	0.138840	0.069258	0.049613	0.035354	0.027432	0.023246	0.020052	0.017811	

17	0.006115	5	1	79.888561	99.972176	0.633313	0.085896	0.046639	0.035382	0.022856	0.018664	0.014498	0.013264	0.011459	
17	0.006057	5	2	68.225838	100.000000	0.769370	0.100101	0.051714	0.038067	0.028822	0.024240	0.017342	0.015159	0.013610	
17	0.005789	5	4	56.896670	100.000000	0.901675	0.118945	0.060508	0.040605	0.032137	0.023884	0.019964	0.017355	0.015611	
17	0.006578	5	8	42.708362	100.000000	1.068354	0.141012	0.071767	0.053045	0.035960	0.027850	0.023652	0.020507	0.018603	
17	0.007115	5	16	26.744548	100.000000	1.254662	0.166877	0.083730	0.055758	0.042490	0.032869	0.027802	0.024062	0.021580	

18	0.020845	1	1	99.496953	85.281029	0.414180	0.059991	0.030927	0.020150	0.018884	0.012371	0.012316	0.008742	0.007896	
18	0.006940	1	1	99.496953	85.281029	0.413537	0.058767	0.030503	0.021244	0.015656	0.011631	0.012715	0.009409	0.007823	
18	0.005387	1	2	99.112873	93.183083	0.419822	0.061716	0.034145	0.020662	0.018428	0.012213	0.009936	0.008732	0.007815	
18	0.006957	1	4	98.408208	97.551476	0.432041	0.059521	0.030683	0.021534	0.015818	0.012987	0.010128	0.008853	0.008023	
18	0.005980	1	8	97.170204	99.109627	0.457541	0.062821	0.034972	0.022145	0.016642	0.017079	0.010581	0.009346	0.008132	
18	0.007334	1	16	94.990736	99.499168	0.491833	0.067392	0.034886	0.024030	0.017995	0.013792	0.011446	0.010046	0.009016	

18	0.007302	2	1	98.474410	98.330551	0.431998	0.060960	0.032756	0.023018	0.015333	0.011817	0.009981	0.008788	0.008009	
18	0.006570	2	2	97.311851	99.610458	0.443934	0.063568	0.031620	0.021700	0.022052	0.012641	0.010421	0.009046	0.008256	
18	0.007371	2	4	95.222587	99.972176	0.481580	0.066333	0.036210	0.025489	0.017258	0.015068	0.013590	0.009598	0.008740	
18	0.005300	2	8	91.857502	100.000000	0.523668	0.072054	0.036236	0.024864	0.020749	0.019111	0.011960	0.010574	0.009455	
18	0.006712	2	16	86.397665	100.000000	0.604250	0.084697	0.041853	0.028129	0.021495	0.018800	0.013731	0.012011	0.010794	

18	0.006583	3	1	95.883539	99.888702	0.459646	0.063941	0.032681	0.021187	0.022540	0.013929	0.010906	0.009441	0.008438	
18	0.005339	3	2	92.781747	99.972176	0.502884	0.072586	0.035047	0.028329	0.019061	0.014447	0.011472	0.010130	0.009055	
18	0.006490	3	4	87.966881	100.000000	0.562080	0.081980	0.039979	0.026432	0.025481	0.016052	0.012966	0.011329	0.010167	
18	0.006746	3	8	81.023987	100.000000	0.657622	0.088066	0.044863	0.030740	0.025976	0.017988	0.014933	0.012862	0.011563	
18	0.005828	3	16	69.843103	100.000000	0.805159	0.107383	0.056395	0.037083	0.027542	0.021313	0.017882	0.015646	0.013973	

18	0.008896	4	1	90.281227	99.972176	0.531435	0.073592	0.037131	0.025311	0.019191	0.015195	0.012155	0.010694	0.009605	
18	0.006781	4	2	83.439848	100.000000	0.610289	0.083556	0.042711	0.029692	0.022988	0.017406	0.013818	0.012239	0.010917	
18	0.007342	4	4	74.801028	100.000000	0.716335	0.096051	0.051290	0.037640	0.026085	0.019174	0.016073	0.014081	0.012660	
18	0.006306	4	8	63.401044	100.000000	0.857572	0.113517	0.058556	0.039824	0.030772	0.022751	0.019346	0.016637	0.014898	
18	0.006677	4	16	47.857817	100.000000	1.049561	0.143595	0.070509	0.047609	0.035601	0.028089	0.023313	0.020431	0.018014	

18	0.006434	5	1	80.007179	100.000000	0.648969	0.087421	0.044057	0.032297	0.023033	0.018456	0.015019	0.013120	0.011643	
18	0.006432	5	2	68.335694	100.000000	0.782869	0.106993	0.052793	0.035679	0.028954	0.021467	0.017637	0.015285	0.013887	
18	0.006197	5	4	56.874225	100.000000	0.917502	0.119847	0.060687	0.042696	0.034768	0.027172	0.020359	0.017747	0.015683	
18	0.005505	5	8	42.677183	100.000000	1.086221	0.144109	0.072456	0.048411	0.040190	0.028713	0.023922	0.020903	0.018636	
18	0.005434	5	16	26.798406	100.000000	1.275289	0.171456	0.084589	0.057434	0.042514	0.033363	0.028158	0.024385	0.021900	

19	0.021524	1	1	99.502397	85.587090	0.431168	0.061366	0.034407	0.022964	0.019998	0.013153	0.011578	0.008964	0.008080	
19	0.007474	1	1	99.502397	85.587090	0.431060	0.059455	0.032041	0.021374	0.019720	0.017467	0.012069	0.008868	0.008052	
19	0.005509	1	2	99.122029	93.628273	0.437417	0.060851	0.030951	0.021778	0.020406	0.013447	0.010716	0.008897	0.007993	
19	0.006913	1	4	98.418325	97.495827	0.449587	0.062293	0.034788	0.023872	0.016538	0.012603	0.010698	0.009218	0.008226	
19	0.006774	1	8	97.179477	99.165276	0.470160	0.068593	0.035019	0.023156	0.017355	0.013147	0.010944	0.010097	0.012547	
19	0.006954	1	16	95.009717	99.415695	0.510114	0.069104	0.037805	0.025945	0.019585	0.014304	0.011767	0.010283	0.009363	

19	0.006441	2	1	98.477860	98.497498	0.444508	0.066858	0.031429	0.020841	0.021515	0.015605	0.011897	0.009035	0.008262	
19	0.005618	2	2	97.323394	99.638283	0.460875	0.063809	0.033459	0.023226	0.018624	0.014204	0.010718	0.009319	0.008511	
19	0.005825	2	4	95.248919	100.000000	0.493244	0.069885	0.033524	0.023536	0.017628	0.016626	0.011519	0.009953	0.008882	
19	0.007099	2	8	91.884766	100.000000	0.544933	0.074447	0.037490	0.025882	0.019461	0.014860	0.012769	0.010778	0.009736	
19	0.007832	2	16	86.428976	100.000000	0.621125	0.081613	0.043937	0.029278	0.022182	0.016653	0.014099	0.012294	0.011057	

19	0.007137	3	1	95.889158	99.916527	0.477948	0.064735	0.034473	0.024698	0.019311	0.018358	0.011030	0.009708	0.008745	
19	0.005830	3	2	92.798574	100.000000	0.517437	0.070444	0.036194	0.026063	0.020286	0.014063	0.011955	0.010503	0.010102	
19	0.007012	3	4	88.006037	100.000000	0.582756	0.079284	0.040631	0.027454	0.021081	0.015761	0.013208	0.011485	0.010357	
19	0.006562	3	8	81.051498	100.000000	0.669535	0.092400	0.046372	0.032488	0.025368	0.018819	0.015881	0.013075	0.011738	
19	0.006133	3	16	69.867980	100.000000	0.813685	0.114534	0.057284	0.037470	0.028400	0.022099	0.018249	0.015788	0.014298	

19	0.007313	4	1	90.237049	99.972176	0.544007	0.072967	0.037457	0.025410	0.019715	0.019762	0.012566	0.011066	0.009850	
19	0.006157	4	2	83.442003	100.000000	0.625933	0.086043	0.044671	0.031438	0.023603	0.017560	0.014268	0.012610	0.011139	
19	0.006975	4	4	74.838306	100.000000	0.731703	0.101141	0.050619	0.034284	0.025233	0.019439	0.016336	0.014451	0.012711	
19	0.006838	4	8	63.411510	100.000000	0.875745	0.116128	0.059320	0.039836	0.030081	0.023143	0.019376	0.017024	0.015068	
19	0.006095	4	16	47.877148	100.000000	1.064657	0.141089	0.072332	0.047707	0.036081	0.027964	0.024039	0.020565	0.018409	

19	0.006956	5	1	79.978503	100.000000	0.663941	0.090515	0.050019	0.034567	0.023724	0.019796	0.015296	0.013260	0.011985	
19	0.007423	5	2	68.368343	100.000000	0.797910	0.107959	0.054769	0.036489	0.028019	0.026571	0.018106	0.015762	0.013844	
19	0.006767	5	4	56.895302	100.000000	0.932223	0.121608	0.063496	0.044761	0.031928	0.024436	0.020691	0.018059	0.016176	
19	0.007603	5	8	42.673049	100.000000	1.103240	0.144462	0.075439	0.049619	0.037310	0.028679	0.024334	0.021148	0.018876	
19	0.009125	5	16	26.802205	100.000000	1.288007	0.168662	0.084629	0.057247	0.043565	0.033774	0.028386	0.024707	0.021867	

20	0.020348	1	1	99.503940	86.505287	0.444069	0.063648	0.031928	0.023889	0.016955	0.013040	0.010397	0.009187	0.008159	
20	0.005482	1	1	99.503940	86.505287	0.448708	0.062925	0.032479	0.021899	0.016568	0.014132	0.010512	0.009077	0.008255	
20	0.006766	1	2	99.125231	94.212570	0.450569	0.064651	0.031807	0.021130	0.016283	0.012978	0.012790	0.009171	0.008371	
20	0.006275	1	4	98.424380	97.774071	0.462416	0.066812	0.032773	0.021646	0.022052	0.018893	0.011045	0.009612	0.008395	
20	0.005950	1	8	97.183421	99.165276	0.483239	0.069300	0.035363	0.024780	0.017919	0.013454	0.011259	0.009787	0.008744	
20	0.008586	1	16	95.026777	99.443520	0.520693	0.072798	0.036298	0.024970	0.021706	0.020823	0.012189	0.010656	0.009395	

20	0.008697	2	1	98.472881	98.831383	0.457711	0.067523	0.032741	0.023137	0.016934	0.015537	0.011034	0.009611	0.008608	
20	0.005974	2	2	97.325534	99.693939	0.473845	0.065560	0.036772	0.026931	0.017847	0.018439	0.010943	0.009649	0.008710	
20	0.006703	2	4	95.262471	100.000000	0.504547	0.073242	0.034860	0.023941	0.020550	0.015751	0.011529	0.010102	0.008945	
20	0.005245	2	8	91.890486	100.000000	0.554743	0.076212	0.038204	0.026102	0.021952	0.016027	0.012986	0.011272	0.010215	
20	0.007618	2	16	86.457550	100.000000	0.640929	0.085397	0.044235	0.029188	0.022034	0.023005	0.014373	0.012577	0.011418	

20	0.007181	3	1	95.863728	99.944351	0.493910	0.068724	0.035188	0.022844	0.017496	0.016915	0.011944	0.010136	0.009143	
20	0.006822	3	2	92.783465	99.944351	0.530803	0.071878	0.036011	0.030905	0.018820	0.014440	0.012254	0.010771	0.009583	
20	0.006984	3	4	88.002019	100.000000	0.593051	0.082062	0.041712	0.027937	0.025353	0.018516	0.013341	0.011863	0.010550	
20	0.006770	3	8	81.029897	100.000000	0.684248	0.094445	0.048930	0.032350	0.026424	0.018877	0.015294	0.013590	0.011907	
20	0.008639	3	16	69.907354	100.000000	0.829481	0.110369	0.055966	0.040828	0.028699	0.023307	0.018484	0.016218	0.014439	

20	0.005725	4	1	90.177150	99.972176	0.558234	0.076453	0.041987	0.035164	0.021319	0.017402	0.012905	0.011290	0.010161	
20	0.005331	4	2	83.424186	100.000000	0.642932	0.088388	0.044077	0.030008	0.022592	0.022021	0.014649	0.012924	0.011407	
20	0.006865	4	4	74.802556	100.000000	0.746988	0.099831	0.050471	0.033632	0.029275	0.019673	0.016628	0.014635	0.013028	
20	0.006429	4	8	63.360447	100.000000	0.888214	0.118654	0.064044	0.040615	0.031703	0.023788	0.019689	0.017108	0.015465	
20	0.005991	4	16	47.900816	100.000000	1.079862	0.144264	0.073086	0.048394	0.036749	0.028454	0.023995	0.020761	0.018557	

20	0.006857	5	1	79.865329	100.000000	0.677690	0.092900	0.049375	0.032498	0.023629	0.018450	0.015513	0.013504	0.012506	
20	0.007107	5	2	68.330410	100.000000	0.812927	0.107904	0.057146	0.037370	0.028271	0.021676	0.018233	0.015986	0.014352	
20	0.005299	5	4	56.832842	100.000000	0.953119	0.128995	0.063817	0.042288	0.037052	0.024845	0.021050	0.018418	0.016318	
20	0.005285	5	8	42.618478	100.000000	1.121617	0.147334	0.075750	0.050252	0.037934	0.029360	0.024823	0.021355	0.019201	
20	0.006602	5	16	26.816951	100.000000	1.305610	0.175630	0.087062	0.062476	0.044467	0.033944	0.028628	0.024981	0.022043	

21	0.021191	1	1	99.506458	87.006119	0.462926	0.066421	0.032856	0.021365	0.016752	0.014358	0.010694	0.009526	0.008692	
21	0.005612	1	1	99.506458	87.006119	0.461009	0.062894	0.033207	0.022007	0.016597	0.013420	0.010789	0.009357	0.008598	
21	0.006168	1	2	99.129380	94.657761	0.467279	0.064112	0.033731	0.022241	0.016858	0.016019	0.011191	0.009674	0.008336	
21	0.006839	1	4	98.425137	97.996666	0.479319	0.067683	0.036414	0.022794	0.017664	0.013106	0.011165	0.009686	0.008652	
21	0.006111	1	8	97.189171	99.220924	0.500571	0.069298	0.035327	0.024364	0.020872	0.017640	0.011426	0.013901	0.008864	
21	0.006624	1	16	95.042177	99.415695	0.537549	0.076043	0.037399	0.025469	0.022934	0.015973	0.013100	0.010795	0.009756	

21	0.007010	2	1	98.484948	98.887032	0.474751	0.065352	0.034266	0.022108	0.016792	0.018152	0.011228	0.009778	0.008903	
21	0.006963	2	2	97.346494	99.805229	0.492119	0.066507	0.034604	0.024751	0.021937	0.013656	0.011448	0.010055	0.008958	
21	0.007221	2	4	95.269341	100.000000	0.520688	0.076383	0.035599	0.024574	0.018283	0.014780	0.012054	0.010463	0.009307	
21	0.006622	2	8	91.887022	100.000000	0.569811	0.080515	0.039011	0.029280	0.021184	0.016713	0.012970	0.011282	0.009970	
21	0.006893	2	16	86.473853	100.000000	0.654654	0.091421	0.045677	0.030691	0.023526	0.017972	0.014688	0.012864	0.011594	

21	0.007937	3	1	95.895184	99.944351	0.507137	0.073443	0.035647	0.024152	0.018798	0.016386	0.011585	0.010258	0.009232	
21	0.006980	3	2	92.844819	100.000000	0.545366	0.075546	0.037737	0.028158	0.020919	0.017280	0.012380	0.010987	0.009789	
21	0.006064	3	4	88.009385	100.000000	0.616631	0.082758	0.041764	0.027592	0.021344	0.019938	0.013752	0.012062	0.010807	
21	0.009246	3	8	80.992167	100.000000	0.700971	0.094071	0.051854	0.035890	0.024381	0.023991	0.015715	0.013661	0.012249	
21	0.006180	3	16	69.915826	100.000000	0.845377	0.114243	0.057236	0.038879	0.032395	0.023407	0.018814	0.016470	0.014575	

21	0.005790	4	1	90.242959	99.972176	0.573742	0.078817	0.041047	0.027183	0.023976	0.016168	0.013138	0.011509	0.010522	
21	0.006014	4	2	83.536996	100.000000	0.654871	0.089653	0.045638	0.030136	0.023139	0.023275	0.014794	0.013115	0.011591	
21	0.006706	4	4	74.793677	100.000000	0.761901	0.101485	0.051238	0.035195	0.026288	0.025349	0.017405	0.015017	0.013355	
21	0.006537	4	8	63.292761	100.000000	0.901298	0.119648	0.064009	0.040800	0.031745	0.024779	0.020056	0.017527	0.015479	
21	0.005749	4	16	47.898851	100.000000	1.097166	0.151282	0.074627	0.049193	0.036829	0.029102	0.024357	0.021104	0.018657	

21	0.005842	5	1	79.945010	100.000000	0.693398	0.093670	0.049004	0.033785	0.027754	0.018675	0.015881	0.013854	0.012546	
21	0.007469	5	2	68.479523	100.000000	0.829925	0.107345	0.057613	0.037768	0.028488	0.022426	0.018392	0.016170	0.014405	
21	0.005701	5	4	56.801051	100.000000	0.966843	0.127597	0.064562	0.047758	0.035342	0.025441	0.030665	0.020693	0.016633	
21	0.006138	5	8	42.559030	100.000000	1.129845	0.149561	0.074195	0.050463	0.040117	0.029679	0.024977	0.021738	0.019212	
21	0.007792	5	16	26.806892	100.000000	1.316978	0.176274	0.087183	0.058809	0.044357	0.034630	0.029025	0.025244	0.022255	

