=== AMD PCAF digits

5	0.019941	1	1	99.218304	52.281582	0.106145	0.021547	0.009364	0.006635	0.004981	0.004643	0.004106	0.003697	0.003484	
5	0.005461	1	1	99.218304	52.281582	0.106546	0.021545	0.009319	0.006838	0.005524	0.004839	0.004007	0.003197	0.003413	
5	0.003988	1	2	98.741996	64.440735	0.121640	0.022354	0.011931	0.007523	0.006731	0.004154	0.004231	0.003303	0.002812	
5	0.004077	1	4	97.909018	74.012245	0.128349	0.023905	0.011205	0.007426	0.007201	0.004562	0.004306	0.003271	0.003038	
5	0.004050	1	8	96.480678	81.552589	0.153228	0.027230	0.013258	0.009214	0.007758	0.005522	0.005061	0.004007	0.003789	
5	0.004592	1	16	94.109621	88.369507	0.192967	0.033981	0.020047	0.010830	0.010915	0.007319	0.005691	0.005963	0.005300	

5	0.004430	2	1	97.631490	81.552589	0.127709	0.021368	0.011963	0.007229	0.006199	0.005357	0.004105	0.003311	0.003055	
5	0.003884	2	2	96.218055	88.397331	0.156334	0.028402	0.012631	0.009005	0.007072	0.005376	0.004225	0.003593	0.003596	
5	0.004477	2	4	93.958964	93.628273	0.189115	0.029979	0.014241	0.009805	0.008111	0.008349	0.005052	0.006102	0.003923	
5	0.004333	2	8	90.212929	96.967163	0.239041	0.041942	0.019689	0.014019	0.010329	0.008192	0.007285	0.007517	0.004878	
5	0.003998	2	16	84.249172	98.580971	0.328991	0.048538	0.024256	0.017032	0.012606	0.009577	0.008053	0.007331	0.006622	

5	0.004810	3	1	94.246274	93.377853	0.172515	0.028167	0.014797	0.010956	0.008981	0.005942	0.004628	0.004358	0.003881	
5	0.004099	3	2	90.785919	96.633278	0.218827	0.035230	0.017658	0.014189	0.010649	0.008178	0.006288	0.006142	0.005446	
5	0.006530	3	4	86.157314	98.747917	0.280819	0.040037	0.020750	0.013953	0.010858	0.009210	0.009556	0.006321	0.005813	
5	0.005211	3	8	78.941419	99.471344	0.378562	0.055953	0.028607	0.018850	0.018758	0.010705	0.009127	0.008018	0.007178	
5	0.004117	3	16	67.398770	99.777405	0.533122	0.080233	0.036344	0.027526	0.019214	0.014432	0.012359	0.010791	0.009750	

5	0.004062	4	1	87.824565	97.746239	0.253049	0.037528	0.021006	0.013635	0.012559	0.009529	0.008076	0.005907	0.005375	
5	0.004093	4	2	80.573939	99.193100	0.339988	0.049909	0.025919	0.022173	0.015070	0.011018	0.009034	0.007363	0.006638	
5	0.003924	4	4	72.705097	99.610458	0.440984	0.062444	0.033053	0.023911	0.016305	0.016212	0.010312	0.009188	0.008660	
5	0.005571	4	8	61.396162	99.916527	0.583048	0.078844	0.040354	0.026962	0.020989	0.019766	0.015810	0.011739	0.010900	
5	0.006323	4	16	46.148557	99.944351	0.771939	0.105215	0.053315	0.035799	0.027469	0.021133	0.017457	0.015502	0.013646	

5	0.004736	5	1	76.797147	99.554810	0.377860	0.052306	0.028000	0.018677	0.014669	0.011100	0.009231	0.008584	0.007521	
5	0.004065	5	2	65.027247	99.860878	0.517961	0.069706	0.039453	0.032883	0.023692	0.018722	0.012064	0.010572	0.010985	
5	0.004049	5	4	54.914336	99.944351	0.638672	0.085437	0.045950	0.028957	0.022138	0.017366	0.014850	0.013052	0.011608	
5	0.004174	5	8	41.127298	100.000000	0.802219	0.106164	0.065008	0.038031	0.029292	0.021710	0.018080	0.015925	0.014682	
5	0.004195	5	16	26.113013	100.000000	0.985485	0.137075	0.066541	0.043837	0.033864	0.026150	0.021963	0.019177	0.016915	

6	0.019710	1	1	99.280066	57.679470	0.119893	0.020232	0.011758	0.007810	0.005563	0.004751	0.003924	0.003500	0.003287	
6	0.005789	1	1	99.280066	57.679470	0.120043	0.023377	0.010278	0.007497	0.005837	0.004802	0.004937	0.004255	0.002817	
6	0.005809	1	2	98.812521	69.476906	0.129895	0.023942	0.011212	0.007363	0.006011	0.005053	0.003996	0.003790	0.003105	
6	0.004475	1	4	98.010198	78.380630	0.141833	0.022964	0.012363	0.009122	0.006463	0.005126	0.004361	0.003565	0.003397	
6	0.004215	1	8	96.629253	85.503616	0.165453	0.028793	0.014106	0.009562	0.007227	0.005789	0.004947	0.004097	0.003819	
6	0.005745	1	16	94.291311	91.012802	0.205063	0.034299	0.017569	0.012482	0.010931	0.007404	0.006249	0.005382	0.005012	

6	0.005297	2	1	97.827460	84.780190	0.146929	0.024308	0.011823	0.009862	0.006449	0.005317	0.003853	0.003699	0.003536	
6	0.005296	2	2	96.439542	91.485809	0.160701	0.025446	0.013608	0.010686	0.007074	0.007029	0.004498	0.004014	0.003634	
6	0.004595	2	4	94.242096	95.659431	0.194143	0.029976	0.015485	0.010342	0.009388	0.006638	0.005345	0.004604	0.004329	
6	0.005374	2	8	90.606747	98.497498	0.251338	0.036671	0.020890	0.013388	0.009639	0.010073	0.006129	0.005828	0.005056	
6	0.004495	2	16	84.698827	99.165276	0.337001	0.050359	0.027749	0.016880	0.014432	0.009590	0.008153	0.007342	0.006728	

6	0.004488	3	1	94.573599	94.713417	0.181563	0.028177	0.014686	0.011412	0.009797	0.008376	0.006254	0.004651	0.003928	
6	0.004194	3	2	91.183594	97.885361	0.234601	0.033786	0.017244	0.015228	0.012817	0.008102	0.005939	0.005431	0.004649	
6	0.004128	3	4	86.669429	99.053978	0.288212	0.045818	0.021023	0.014795	0.011541	0.008842	0.007452	0.006951	0.005825	
6	0.004541	3	8	79.470769	99.666115	0.386867	0.059250	0.028752	0.021529	0.019162	0.016493	0.009242	0.008120	0.007370	
6	0.005212	3	16	68.047496	99.860878	0.535486	0.074961	0.040132	0.026490	0.020580	0.015067	0.012406	0.010888	0.009939	

6	0.004574	4	1	88.214874	98.553146	0.259795	0.038715	0.020781	0.014512	0.010238	0.008338	0.006673	0.005887	0.005626	
6	0.004255	4	2	81.059519	99.499168	0.348993	0.050834	0.028559	0.017742	0.016837	0.010008	0.008785	0.007682	0.006675	
6	0.004352	4	4	73.250576	99.944351	0.455212	0.061938	0.031926	0.021976	0.023746	0.012689	0.010731	0.009258	0.008826	
6	0.004341	4	8	61.975164	100.000000	0.587120	0.083246	0.044748	0.028520	0.022376	0.016120	0.013764	0.011826	0.011041	
6	0.005294	4	16	46.758999	99.972176	0.781570	0.110853	0.054268	0.039816	0.032586	0.020824	0.017609	0.015382	0.013892	

6	0.006199	5	1	77.231911	99.693939	0.387393	0.052630	0.027378	0.026980	0.018306	0.011741	0.009636	0.009318	0.007746	
6	0.004155	5	2	65.545214	99.916527	0.528474	0.071657	0.036433	0.027069	0.022841	0.015627	0.012412	0.010746	0.009713	
6	0.006812	5	4	55.426525	99.972176	0.647569	0.088975	0.043018	0.037493	0.024543	0.018845	0.014687	0.013009	0.011874	
6	0.005672	5	8	41.544085	100.000000	0.807291	0.107066	0.055485	0.037483	0.027528	0.025684	0.018085	0.016213	0.014846	
6	0.004203	5	16	26.541198	100.000000	0.988074	0.138338	0.066702	0.044297	0.033736	0.026023	0.022061	0.019379	0.017052	

7	0.021050	1	1	99.330634	63.105179	0.131293	0.021717	0.011868	0.008374	0.007664	0.005274	0.005113	0.003659	0.003044	
7	0.004501	1	1	99.330634	63.105179	0.131433	0.024354	0.011105	0.009831	0.007559	0.005249	0.005406	0.003546	0.003330	
7	0.005585	1	2	98.894589	73.873123	0.138833	0.022618	0.011817	0.008709	0.007337	0.005263	0.005719	0.003455	0.003122	
7	0.004873	1	4	98.120651	82.442963	0.152166	0.024691	0.012876	0.009567	0.008118	0.006331	0.004217	0.003791	0.003584	
7	0.005554	1	8	96.801671	89.037285	0.175186	0.029282	0.014847	0.010607	0.008124	0.008442	0.004978	0.004300	0.003857	
7	0.004532	1	16	94.519101	93.489143	0.214663	0.035768	0.017899	0.012709	0.010717	0.007799	0.006935	0.005325	0.005765	

7	0.005560	2	1	98.001450	88.286034	0.150046	0.022563	0.012109	0.009728	0.006925	0.006143	0.005045	0.003929	0.003346	
7	0.004423	2	2	96.710768	93.795219	0.174014	0.026683	0.016579	0.008964	0.009556	0.005807	0.005041	0.004906	0.004296	
7	0.005508	2	4	94.620121	97.050636	0.201889	0.030464	0.015685	0.010862	0.008994	0.007101	0.005215	0.004753	0.004274	
7	0.004480	2	8	91.095573	98.914856	0.254671	0.043946	0.022731	0.015819	0.013712	0.010386	0.006913	0.006670	0.005072	
7	0.004421	2	16	85.315704	99.526993	0.343202	0.052496	0.028483	0.017741	0.013022	0.011251	0.008853	0.007733	0.007766	

7	0.004733	3	1	94.966398	96.299385	0.188406	0.027782	0.015255	0.009954	0.009499	0.006867	0.005308	0.004387	0.004270	
7	0.006135	3	2	91.708563	98.887032	0.232710	0.036418	0.017776	0.012423	0.010255	0.006992	0.005826	0.005391	0.005000	
7	0.004619	3	4	87.243482	99.554810	0.294318	0.044196	0.021930	0.014838	0.015523	0.009422	0.007261	0.006609	0.005863	
7	0.004851	3	8	80.205653	99.805229	0.390489	0.055189	0.029262	0.021891	0.014807	0.014830	0.009164	0.008090	0.007302	
7	0.004445	3	16	68.877591	99.916527	0.541010	0.077472	0.037584	0.026104	0.019890	0.021680	0.012544	0.010935	0.009822	

7	0.004857	4	1	88.732754	99.193100	0.266827	0.039515	0.020895	0.014472	0.010725	0.007870	0.008257	0.007336	0.005447	
7	0.005388	4	2	81.873850	99.833054	0.354518	0.048742	0.026147	0.018609	0.014187	0.014176	0.009018	0.007577	0.006933	
7	0.004732	4	4	74.067003	99.944351	0.449952	0.063159	0.031782	0.020977	0.016877	0.012829	0.010569	0.009777	0.008989	
7	0.005207	4	8	62.736380	99.972176	0.593388	0.081856	0.045561	0.028014	0.023066	0.016522	0.013848	0.011961	0.011060	
7	0.004716	4	16	47.476197	99.972176	0.789459	0.114249	0.054142	0.038174	0.029005	0.022060	0.023860	0.015466	0.013916	

7	0.005711	5	1	77.784770	99.888702	0.394870	0.054970	0.029582	0.020031	0.019299	0.013547	0.010083	0.008759	0.007784	
7	0.006395	5	2	66.506388	100.000000	0.529010	0.074253	0.037549	0.027178	0.027132	0.016065	0.016647	0.010816	0.009684	
7	0.006383	5	4	56.277669	99.972176	0.651622	0.090240	0.045414	0.029912	0.022769	0.017711	0.014888	0.013055	0.011970	
7	0.004482	5	8	42.187382	100.000000	0.812885	0.115493	0.055382	0.041441	0.028566	0.022817	0.018484	0.016209	0.015177	
7	0.007188	5	16	26.918480	100.000000	0.999255	0.135888	0.068333	0.044668	0.033745	0.027231	0.022400	0.019466	0.017236	

8	0.019735	1	1	99.374448	65.247635	0.150054	0.024358	0.011568	0.010831	0.007914	0.005495	0.005513	0.003702	0.003461	
8	0.004083	1	1	99.374448	65.247635	0.149489	0.030166	0.011942	0.008820	0.008084	0.005317	0.005679	0.003586	0.003246	
8	0.004060	1	2	98.956205	76.905952	0.151638	0.025012	0.012677	0.008886	0.008616	0.005300	0.004431	0.003669	0.003351	
8	0.004242	1	4	98.196998	85.225372	0.163776	0.028920	0.012849	0.008942	0.008717	0.005975	0.005926	0.006072	0.003908	
8	0.005202	1	8	96.898455	92.014465	0.186974	0.030501	0.017236	0.013982	0.007898	0.007406	0.005492	0.004675	0.004062	
8	0.004050	1	16	94.656366	95.047302	0.225427	0.036878	0.020683	0.012836	0.009740	0.007860	0.007519	0.005710	0.007090	

8	0.005022	2	1	98.125935	89.899834	0.160744	0.025889	0.014279	0.010408	0.007626	0.006853	0.004318	0.004114	0.003728	
8	0.004406	2	2	96.862370	95.214249	0.179645	0.031992	0.016235	0.010337	0.007656	0.007581	0.004623	0.004286	0.009474	
8	0.004110	2	4	94.780690	97.913185	0.211583	0.038258	0.016124	0.014516	0.008179	0.007366	0.006765	0.006029	0.004591	
8	0.005102	2	8	91.331092	99.304398	0.264523	0.041364	0.021532	0.013882	0.010441	0.011808	0.006447	0.005858	0.005325	
8	0.004051	2	16	85.700599	99.638283	0.349267	0.053655	0.027947	0.018136	0.013131	0.010771	0.008922	0.007447	0.007417	

8	0.004485	3	1	95.200767	97.106293	0.197845	0.030542	0.016124	0.011418	0.010143	0.007489	0.005173	0.004885	0.004264	
8	0.004267	3	2	92.012715	99.220924	0.240612	0.038108	0.018116	0.012635	0.009050	0.007655	0.006432	0.005410	0.004995	
8	0.005305	3	4	87.447894	99.693939	0.305091	0.045259	0.022595	0.014665	0.016003	0.009380	0.007757	0.006871	0.006114	
8	0.005018	3	8	80.562701	99.972176	0.396827	0.055744	0.029406	0.019741	0.018555	0.011683	0.009502	0.008160	0.007621	
8	0.003952	3	16	69.365296	100.000000	0.547481	0.074618	0.039657	0.026191	0.019792	0.016034	0.012882	0.011171	0.013056	

8	0.005609	4	1	89.146820	99.443520	0.281330	0.041330	0.021450	0.014900	0.012488	0.008571	0.010041	0.006181	0.005731	
8	0.004335	4	2	82.348818	99.916527	0.366043	0.049912	0.026067	0.017962	0.013639	0.010535	0.008736	0.007916	0.006907	
8	0.004065	4	4	74.300120	99.916527	0.461359	0.063969	0.033288	0.022861	0.016741	0.018445	0.010973	0.009657	0.008852	
8	0.004493	4	8	63.115015	100.000000	0.603903	0.083728	0.043004	0.030361	0.020964	0.016899	0.014127	0.012125	0.011132	
8	0.005140	4	16	47.833013	100.000000	0.797536	0.114507	0.054107	0.035518	0.027891	0.021707	0.018213	0.015710	0.014078	

8	0.005218	5	1	78.341675	99.916527	0.402320	0.055287	0.031399	0.019733	0.015837	0.011954	0.011551	0.008861	0.007885	
8	0.005067	5	2	66.984559	100.000000	0.534526	0.074209	0.038783	0.026528	0.023914	0.015057	0.012475	0.010919	0.009785	
8	0.005502	5	4	56.420436	100.000000	0.657586	0.090603	0.045436	0.029598	0.025386	0.018218	0.015185	0.013435	0.012036	
8	0.006588	5	8	42.491155	100.000000	0.822548	0.111648	0.063175	0.037649	0.028377	0.022341	0.019288	0.016487	0.015029	
8	0.004192	5	16	27.094726	100.000000	1.002941	0.138126	0.067106	0.045419	0.034806	0.026864	0.022551	0.019833	0.018167	

9	0.020940	1	1	99.412134	68.948242	0.155028	0.027288	0.013229	0.009778	0.007390	0.006151	0.005063	0.003780	0.003469	
9	0.004507	1	1	99.412134	68.948242	0.154735	0.025667	0.012972	0.009005	0.006955	0.006736	0.004642	0.004028	0.003520	
9	0.004477	1	2	98.990281	79.910965	0.162183	0.028103	0.013487	0.009458	0.007195	0.005595	0.004958	0.005573	0.004380	
9	0.004735	1	4	98.259881	88.007790	0.175622	0.028593	0.014708	0.010611	0.007630	0.005850	0.004722	0.004290	0.003803	
9	0.004757	1	8	96.973827	94.045631	0.198601	0.034716	0.016833	0.014049	0.008254	0.008687	0.007957	0.004737	0.004245	
9	0.004457	1	16	94.752669	96.466331	0.238695	0.039466	0.018364	0.012920	0.013741	0.008811	0.006294	0.006367	0.005312	

9	0.004992	2	1	98.230375	91.903175	0.171251	0.026808	0.014228	0.009672	0.008684	0.005970	0.005733	0.004382	0.003817	
9	0.004521	2	2	96.972386	96.271561	0.192958	0.030423	0.016782	0.011372	0.008467	0.007908	0.005078	0.004452	0.004194	
9	0.005514	2	4	94.903035	98.469673	0.222206	0.033135	0.018447	0.011769	0.009488	0.009080	0.006648	0.005349	0.004860	
9	0.004317	2	8	91.457585	99.554810	0.276567	0.041754	0.022508	0.014329	0.010706	0.010725	0.007118	0.006000	0.005644	
9	0.005300	2	16	85.978593	99.805229	0.358951	0.056010	0.027293	0.017503	0.014071	0.010556	0.010162	0.007754	0.007049	

9	0.004470	3	1	95.393404	98.024490	0.207711	0.033025	0.016757	0.011179	0.010561	0.007382	0.005395	0.004954	0.004423	
9	0.004396	3	2	92.133545	99.360046	0.251554	0.039584	0.020521	0.014423	0.011757	0.008170	0.006568	0.005876	0.005339	
9	0.004431	3	4	87.588522	99.833054	0.312705	0.049720	0.025511	0.016278	0.012628	0.010263	0.008203	0.006804	0.006115	
9	0.004306	3	8	80.683780	100.000000	0.407448	0.057434	0.031946	0.020550	0.016143	0.011137	0.009581	0.008377	0.007733	
9	0.004383	3	16	69.655678	100.000000	0.551991	0.077871	0.040023	0.026822	0.019941	0.015609	0.012763	0.011267	0.010134	

9	0.004347	4	1	89.448628	99.693939	0.281434	0.043289	0.024152	0.014375	0.013804	0.011366	0.007606	0.006385	0.005641	
9	0.004786	4	2	82.369313	99.944351	0.367976	0.050218	0.026378	0.020328	0.014833	0.013239	0.010199	0.007938	0.007030	
9	0.006084	4	4	74.395085	100.000000	0.470515	0.064053	0.033587	0.024697	0.017245	0.013410	0.010928	0.009878	0.009106	
9	0.005844	4	8	63.129018	100.000000	0.609439	0.083686	0.045737	0.036626	0.025319	0.017898	0.014068	0.012436	0.011098	
9	0.005598	4	16	48.010570	100.000000	0.794527	0.109490	0.054284	0.036299	0.028010	0.021797	0.018136	0.015838	0.014341	

9	0.005655	5	1	78.825421	99.944351	0.410545	0.058820	0.028874	0.032096	0.021622	0.013025	0.011317	0.009307	0.008066	
9	0.005731	5	2	67.009072	100.000000	0.544937	0.074709	0.038486	0.026721	0.022874	0.015758	0.015346	0.011395	0.009972	
9	0.006391	5	4	56.486506	100.000000	0.672282	0.091470	0.048250	0.032291	0.023546	0.018594	0.015364	0.013655	0.012254	
9	0.004527	5	8	42.447690	100.000000	0.833167	0.109385	0.059356	0.038324	0.029131	0.022255	0.018933	0.016468	0.015020	
9	0.004763	5	16	27.111480	100.000000	1.011314	0.135406	0.068141	0.045945	0.034678	0.027651	0.022838	0.020165	0.017797	

10	0.020693	1	1	99.441581	71.702835	0.170240	0.029468	0.012972	0.008970	0.008631	0.007261	0.004843	0.004324	0.003910	
10	0.004816	1	1	99.441581	71.702835	0.168334	0.030148	0.014340	0.009539	0.008080	0.006450	0.004899	0.004288	0.003998	
10	0.006100	1	2	99.029524	83.055092	0.177738	0.027312	0.014565	0.009321	0.009761	0.006794	0.005995	0.004114	0.003968	
10	0.004575	1	4	98.314787	90.261551	0.191885	0.031723	0.015727	0.011641	0.009279	0.007911	0.006107	0.006064	0.004136	
10	0.004909	1	8	97.042954	95.436844	0.211375	0.032270	0.017939	0.011316	0.008341	0.007046	0.006264	0.004978	0.004597	
10	0.006438	1	16	94.794911	97.579300	0.252897	0.038556	0.020060	0.013425	0.013490	0.010077	0.006783	0.006009	0.005986	

10	0.004987	2	1	98.278760	93.322205	0.188543	0.028000	0.014916	0.012782	0.007866	0.006404	0.004960	0.004606	0.004170	
10	0.004657	2	2	97.060407	96.994987	0.203988	0.032233	0.016214	0.012946	0.010684	0.007122	0.006821	0.004605	0.004229	
10	0.004728	2	4	95.026588	98.747917	0.234303	0.036263	0.019579	0.012197	0.012977	0.008056	0.005964	0.005392	0.004893	
10	0.005853	2	8	91.632332	99.721756	0.292924	0.045132	0.021928	0.018183	0.014348	0.012024	0.007014	0.006408	0.005751	
10	0.005758	2	16	86.046556	99.860878	0.373681	0.054670	0.028072	0.018928	0.014513	0.015763	0.010626	0.008023	0.007140	

10	0.004685	3	1	95.478834	98.553146	0.220130	0.033778	0.016910	0.013154	0.008668	0.006877	0.005947	0.005280	0.004623	
10	0.004740	3	2	92.282106	99.693939	0.263181	0.039595	0.022520	0.013680	0.010385	0.007675	0.006629	0.005845	0.005534	
10	0.005773	3	4	87.809121	99.944351	0.324549	0.047469	0.025460	0.016463	0.012506	0.010234	0.008299	0.007181	0.006672	
10	0.004557	3	8	80.948426	100.000000	0.418093	0.063326	0.029959	0.020724	0.018821	0.011847	0.009794	0.008759	0.007852	
10	0.006540	3	16	69.653145	100.000000	0.568595	0.086327	0.040356	0.027117	0.020902	0.015565	0.013174	0.011769	0.010372	

10	0.005749	4	1	89.550011	99.833054	0.295311	0.042466	0.023240	0.019148	0.014487	0.009904	0.007429	0.006386	0.005959	
10	0.005949	4	2	82.613406	99.972176	0.380100	0.056249	0.029893	0.018718	0.019106	0.010883	0.009178	0.008149	0.007191	
10	0.004916	4	4	74.728785	100.000000	0.479947	0.071136	0.034699	0.022602	0.018836	0.014049	0.011077	0.010255	0.009206	
10	0.007439	4	8	63.429167	100.000000	0.621884	0.090455	0.044922	0.030172	0.024296	0.020115	0.014423	0.012543	0.011426	
10	0.005677	4	16	47.847715	100.000000	0.814142	0.113131	0.057378	0.037686	0.028548	0.025332	0.018684	0.016238	0.014541	

10	0.005803	5	1	78.989163	99.972176	0.418013	0.058245	0.030400	0.022557	0.017098	0.012355	0.010184	0.009226	0.008413	
10	0.006025	5	2	67.348784	100.000000	0.555095	0.077942	0.038077	0.027200	0.019932	0.014905	0.012912	0.011389	0.010186	
10	0.005846	5	4	56.865928	100.000000	0.680038	0.096170	0.048177	0.034067	0.023467	0.019549	0.015882	0.013712	0.012351	
10	0.005570	5	8	42.701870	100.000000	0.845546	0.110632	0.060724	0.040688	0.029081	0.022736	0.019534	0.016644	0.015381	
10	0.005833	5	16	26.859324	100.000000	1.032221	0.136936	0.069661	0.046588	0.035138	0.027978	0.023130	0.020322	0.018185	

11	0.020670	1	1	99.448845	74.401779	0.185295	0.030653	0.015328	0.011314	0.009952	0.006827	0.005473	0.004201	0.004118	
11	0.005230	1	1	99.448845	74.401779	0.184099	0.028422	0.018559	0.010315	0.009289	0.007032	0.005292	0.004562	0.003886	
11	0.005035	1	2	99.043207	85.475792	0.191251	0.032493	0.016168	0.011294	0.007605	0.008390	0.006330	0.004358	0.004133	
11	0.006151	1	4	98.324845	91.764053	0.204671	0.032669	0.016895	0.011443	0.009349	0.008600	0.008482	0.004858	0.004188	
11	0.004960	1	8	97.070451	96.215912	0.228886	0.035699	0.019177	0.012123	0.009740	0.007879	0.005736	0.005256	0.004726	
11	0.004722	1	16	94.827212	97.746239	0.268747	0.044531	0.022322	0.014978	0.011857	0.009139	0.008017	0.006361	0.005780	

11	0.004916	2	1	98.314976	94.602112	0.199545	0.030832	0.015724	0.010987	0.008623	0.007475	0.005703	0.005093	0.004280	
11	0.005225	2	2	97.107831	97.412354	0.219746	0.033179	0.017624	0.011522	0.008956	0.007124	0.005583	0.004999	0.004500	
11	0.004796	2	4	95.062993	99.248749	0.249915	0.040981	0.018872	0.013088	0.009253	0.007203	0.006137	0.005446	0.005161	
11	0.005206	2	8	91.713512	99.805229	0.301210	0.047483	0.024618	0.015277	0.011843	0.009780	0.007626	0.006685	0.005882	
11	0.004892	2	16	86.145756	99.888702	0.387232	0.056903	0.029508	0.021311	0.019807	0.016407	0.009539	0.008326	0.007483	

11	0.006009	3	1	95.561469	98.914856	0.234737	0.039610	0.018756	0.012322	0.011221	0.010909	0.006593	0.005546	0.005020	
11	0.007665	3	2	92.385615	99.582634	0.277106	0.039300	0.021077	0.014314	0.014156	0.009361	0.008023	0.006196	0.005667	
11	0.006919	3	4	87.816865	99.972176	0.338912	0.050907	0.026106	0.018772	0.013404	0.011449	0.008363	0.007308	0.006677	
11	0.006328	3	8	81.019475	100.000000	0.437179	0.060180	0.030878	0.021159	0.021615	0.013272	0.010845	0.009013	0.008154	
11	0.005569	3	16	69.728677	100.000000	0.584035	0.080301	0.040419	0.028255	0.021517	0.016572	0.013518	0.011853	0.010817	

11	0.006846	4	1	89.639285	99.805229	0.309483	0.043296	0.024085	0.016873	0.011686	0.009438	0.007651	0.006691	0.006355	
11	0.006223	4	2	82.765766	100.000000	0.393688	0.054968	0.029357	0.019856	0.015265	0.012881	0.011966	0.008255	0.007589	
11	0.005183	4	4	74.673166	100.000000	0.496096	0.068332	0.034894	0.024569	0.020029	0.014882	0.011871	0.010266	0.009480	
11	0.006723	4	8	63.511045	100.000000	0.634542	0.087300	0.042646	0.031028	0.022476	0.017268	0.014568	0.012973	0.011823	
11	0.006198	4	16	47.896653	100.000000	0.829335	0.114977	0.056176	0.038262	0.028981	0.022367	0.019013	0.016462	0.014805	

11	0.005968	5	1	79.088873	99.944351	0.430822	0.058107	0.032049	0.020548	0.016820	0.016562	0.010487	0.009396	0.008384	
11	0.005878	5	2	67.540402	100.000000	0.568362	0.078041	0.040163	0.026985	0.020900	0.017678	0.014906	0.011590	0.010593	
11	0.006048	5	4	56.833395	100.000000	0.694928	0.091943	0.049566	0.033100	0.024743	0.019089	0.015864	0.014182	0.014001	
11	0.004952	5	8	42.776237	100.000000	0.860647	0.113511	0.058024	0.044061	0.032416	0.023384	0.020068	0.016944	0.015871	
11	0.006188	5	16	26.888727	100.000000	1.047865	0.139234	0.077537	0.046956	0.036678	0.028174	0.023651	0.020591	0.018403	

12	0.019853	1	1	99.460198	76.460770	0.199230	0.033402	0.017371	0.010533	0.010541	0.006718	0.005605	0.004612	0.004288	
12	0.004624	1	1	99.460198	76.460770	0.198031	0.036805	0.015619	0.011320	0.008416	0.008435	0.005638	0.005403	0.004160	
12	0.004469	1	2	99.062130	87.367836	0.206209	0.033190	0.017060	0.013241	0.011608	0.006609	0.005572	0.004717	0.004310	
12	0.004809	1	4	98.345486	93.516975	0.224055	0.033287	0.020208	0.011677	0.009400	0.009860	0.005665	0.005142	0.004506	
12	0.004577	1	8	97.101397	97.245407	0.244918	0.037200	0.020520	0.012805	0.010555	0.008556	0.006415	0.005382	0.005173	
12	0.004906	1	16	94.866178	98.247078	0.293912	0.043589	0.023764	0.018079	0.011226	0.009842	0.007557	0.006635	0.006202	

12	0.005785	2	1	98.354831	95.242073	0.214782	0.033598	0.017529	0.011868	0.011662	0.007311	0.005653	0.004968	0.004655	
12	0.005823	2	2	97.156405	98.107956	0.234057	0.034261	0.019152	0.012380	0.011791	0.008111	0.006120	0.005147	0.004949	
12	0.005590	2	4	95.098874	99.610458	0.268618	0.039713	0.021798	0.013784	0.011573	0.009072	0.007869	0.005947	0.005579	
12	0.004926	2	8	91.763251	99.860878	0.322226	0.048441	0.026153	0.018598	0.012690	0.010304	0.008467	0.007155	0.006712	
12	0.006304	2	16	86.185494	99.944351	0.414898	0.064874	0.031192	0.022164	0.019204	0.015185	0.010396	0.008858	0.007956	

12	0.006016	3	1	95.651499	99.248749	0.252973	0.036835	0.021150	0.013030	0.011498	0.008308	0.006680	0.005700	0.005230	
12	0.005883	3	2	92.501846	99.749580	0.298534	0.042037	0.021765	0.015357	0.014061	0.011200	0.007481	0.006620	0.005996	
12	0.005716	3	4	87.868845	99.972176	0.366055	0.052526	0.026877	0.025211	0.016598	0.014805	0.009720	0.007721	0.007282	
12	0.005013	3	8	81.028456	100.000000	0.465208	0.066057	0.033061	0.023044	0.019471	0.014796	0.011073	0.009724	0.008679	
12	0.004610	3	16	69.727221	100.000000	0.628941	0.085937	0.044317	0.029425	0.022379	0.020768	0.014706	0.012904	0.011466	

12	0.004826	4	1	89.820713	99.944351	0.330985	0.046113	0.024575	0.015925	0.015826	0.009693	0.008027	0.007325	0.006581	
12	0.006242	4	2	82.929552	100.000000	0.424928	0.060322	0.031008	0.020739	0.017643	0.012396	0.010540	0.009055	0.008177	
12	0.006032	4	4	74.691114	100.000000	0.537972	0.072292	0.039458	0.025830	0.021618	0.018543	0.012444	0.011459	0.010029	
12	0.006395	4	8	63.485092	100.000000	0.690333	0.095068	0.050201	0.032494	0.024460	0.022716	0.016012	0.013874	0.012680	
12	0.004966	4	16	47.804206	100.000000	0.902451	0.122314	0.063570	0.041510	0.031159	0.028527	0.020900	0.018317	0.016083	

12	0.006520	5	1	79.309428	99.972176	0.467677	0.066682	0.033199	0.021625	0.021422	0.013770	0.011286	0.010268	0.009163	
12	0.006481	5	2	67.680825	100.000000	0.625344	0.086602	0.042214	0.030189	0.022128	0.016897	0.014240	0.012525	0.011268	
12	0.004976	5	4	56.815360	100.000000	0.757741	0.100244	0.059830	0.035432	0.026744	0.021283	0.017243	0.015318	0.013530	
12	0.004590	5	8	42.750517	100.000000	0.948803	0.124560	0.065901	0.043023	0.036391	0.024913	0.021883	0.018676	0.017273	
12	0.005862	5	16	26.775611	100.000000	1.147939	0.152059	0.077473	0.051481	0.039433	0.030739	0.025736	0.022510	0.019918	

13	0.020450	1	1	99.467782	78.491936	0.215008	0.038266	0.018229	0.012357	0.011864	0.007300	0.005730	0.005161	0.004547	
13	0.004827	1	1	99.467782	78.491936	0.215683	0.032303	0.021795	0.013562	0.009733	0.007105	0.005840	0.005266	0.004563	
13	0.004847	1	2	99.075129	88.731216	0.224231	0.039008	0.018131	0.012287	0.009363	0.008310	0.006374	0.005387	0.004815	
13	0.004737	1	4	98.363855	94.685585	0.240933	0.036161	0.019056	0.014418	0.013506	0.007347	0.006439	0.007525	0.004874	
13	0.004813	1	8	97.123435	97.718414	0.269781	0.041193	0.021635	0.014122	0.010615	0.008050	0.006803	0.005996	0.005571	
13	0.006240	1	16	94.903326	98.636612	0.320358	0.047307	0.030000	0.017099	0.017573	0.012671	0.008273	0.007394	0.007229	

13	0.006181	2	1	98.372706	95.909851	0.236153	0.039312	0.019083	0.014483	0.010101	0.008319	0.006038	0.005471	0.005111	
13	0.004891	2	2	97.186609	98.553146	0.259141	0.038777	0.021981	0.013312	0.010399	0.011379	0.007637	0.005898	0.005378	
13	0.005650	2	4	95.143357	99.721756	0.298623	0.047231	0.024210	0.016887	0.011831	0.012100	0.007641	0.006645	0.005901	
13	0.004774	2	8	91.812931	99.916527	0.375017	0.052061	0.027761	0.018549	0.015112	0.011169	0.009063	0.007961	0.007090	
13	0.005974	2	16	86.281027	99.972176	0.465698	0.067352	0.032915	0.024966	0.020855	0.015889	0.011032	0.009733	0.008861	

13	0.005135	3	1	95.685881	99.471344	0.282810	0.042608	0.021819	0.016180	0.014972	0.010382	0.007901	0.006531	0.005690	
13	0.005299	3	2	92.566941	99.888702	0.333036	0.052218	0.025761	0.017101	0.014780	0.009996	0.009079	0.007334	0.006805	
13	0.004840	3	4	87.938612	100.000000	0.410325	0.056743	0.031875	0.019987	0.017169	0.011778	0.010225	0.008935	0.008036	
13	0.007648	3	8	81.096317	100.000000	0.519705	0.072868	0.037277	0.023825	0.026465	0.015417	0.012302	0.010675	0.009584	
13	0.005231	3	16	69.834297	100.000000	0.690297	0.094551	0.046765	0.031895	0.024292	0.019585	0.015654	0.013959	0.012266	

13	0.005992	4	1	89.951282	99.916527	0.372558	0.053912	0.027072	0.018530	0.019317	0.011350	0.009316	0.008042	0.007216	
13	0.005625	4	2	83.099859	100.000000	0.469446	0.066137	0.033992	0.022106	0.018941	0.013198	0.011150	0.009972	0.009020	
13	0.006396	4	4	74.847448	100.000000	0.590102	0.081888	0.041498	0.028143	0.025013	0.021087	0.014090	0.012012	0.010900	
13	0.005188	4	8	63.568775	100.000000	0.750647	0.099805	0.054277	0.036240	0.026613	0.020721	0.017013	0.014953	0.013408	
13	0.006766	4	16	47.893188	100.000000	0.968705	0.128773	0.064405	0.043824	0.033278	0.025467	0.021521	0.018846	0.016869	

13	0.006100	5	1	79.509358	99.944351	0.513412	0.072728	0.037196	0.024225	0.019223	0.015436	0.013486	0.011143	0.010029	
13	0.005786	5	2	67.924641	100.000000	0.670563	0.089923	0.045476	0.031235	0.023491	0.020955	0.015382	0.013439	0.012167	
13	0.004998	5	4	56.996278	100.000000	0.813837	0.109120	0.055347	0.036729	0.028420	0.021893	0.018308	0.015880	0.014200	
13	0.005516	5	8	42.829644	100.000000	0.994513	0.131801	0.066132	0.045098	0.038302	0.026551	0.022669	0.019375	0.017532	
13	0.006185	5	16	26.815058	100.000000	1.206263	0.159336	0.079821	0.053625	0.040797	0.031544	0.026378	0.023070	0.020398	

14	0.022335	1	1	99.471712	79.604897	0.353242	0.049525	0.035439	0.024459	0.013303	0.009691	0.008377	0.007323	0.006800	
14	0.006622	1	1	99.471712	79.604897	0.360065	0.052544	0.032043	0.024317	0.013333	0.011298	0.008448	0.007527	0.006665	
14	0.005080	1	2	99.086032	89.565948	0.359928	0.052182	0.026435	0.018071	0.018875	0.010790	0.008564	0.007923	0.006828	
14	0.008193	1	4	98.373637	95.186424	0.372663	0.052619	0.027845	0.022632	0.016875	0.010611	0.008852	0.007797	0.007084	
14	0.006379	1	8	97.128938	97.801895	0.393163	0.056646	0.029820	0.021222	0.014592	0.015098	0.009600	0.008460	0.007619	
14	0.004944	1	16	94.920240	98.887032	0.431934	0.066506	0.033907	0.029859	0.022858	0.012338	0.010315	0.009065	0.008140	

14	0.006298	2	1	98.387174	96.688927	0.375405	0.056175	0.029289	0.026367	0.015177	0.010660	0.009259	0.007839	0.006861	
14	0.005240	2	2	97.205663	98.775742	0.393791	0.056127	0.029093	0.021932	0.016038	0.011663	0.013272	0.007989	0.007226	
14	0.005977	2	4	95.166516	99.805229	0.424390	0.058635	0.030400	0.019979	0.018668	0.017117	0.013258	0.008579	0.007899	
14	0.006402	2	8	91.802130	99.944351	0.464683	0.065785	0.032619	0.022425	0.019417	0.012937	0.010889	0.009434	0.008498	
14	0.005087	2	16	86.298247	100.000000	0.545402	0.075117	0.043463	0.026786	0.023155	0.015674	0.015464	0.011122	0.009881	

14	0.004993	3	1	95.708603	99.693939	0.405617	0.056243	0.032005	0.019656	0.015128	0.011423	0.009516	0.008522	0.007522	
14	0.004978	3	2	92.585806	99.916527	0.441720	0.062359	0.034245	0.023815	0.021126	0.018763	0.015304	0.009250	0.008220	
14	0.006028	3	4	87.931640	100.000000	0.502837	0.068928	0.037218	0.024585	0.020124	0.014259	0.011526	0.010193	0.009162	
14	0.005102	3	8	81.041309	100.000000	0.593412	0.081739	0.041234	0.027855	0.021084	0.024507	0.014002	0.013905	0.010588	
14	0.005173	3	16	69.819231	100.000000	0.740287	0.098511	0.052057	0.035050	0.029552	0.022434	0.018567	0.014508	0.013040	

14	0.008317	4	1	89.967963	99.916527	0.472825	0.066043	0.036702	0.022690	0.016810	0.014497	0.012565	0.009649	0.008719	
14	0.005574	4	2	83.104008	100.000000	0.553896	0.079760	0.039350	0.029194	0.020717	0.015104	0.013670	0.011356	0.010024	
14	0.005006	4	4	74.829063	100.000000	0.658484	0.090115	0.045953	0.031959	0.022588	0.018250	0.014722	0.012987	0.011610	
14	0.004999	4	8	63.478294	100.000000	0.798750	0.105175	0.054532	0.036000	0.027694	0.021010	0.017793	0.015713	0.013859	
14	0.005566	4	16	47.863508	100.000000	0.996918	0.133935	0.066696	0.046757	0.034252	0.026580	0.021961	0.019250	0.017156	

14	0.008106	5	1	79.519794	99.972176	0.592110	0.076186	0.041178	0.027628	0.021424	0.019758	0.014099	0.012004	0.010889	
14	0.006377	5	2	67.894248	100.000000	0.728455	0.100130	0.050136	0.034518	0.025221	0.019629	0.016320	0.014642	0.012792	
14	0.005190	5	4	56.945565	100.000000	0.858305	0.115253	0.058030	0.048480	0.031637	0.022461	0.019107	0.016557	0.018304	
14	0.005615	5	8	42.735247	100.000000	1.025753	0.136993	0.068843	0.048204	0.035082	0.030153	0.022659	0.019792	0.018000	
14	0.005241	5	16	26.789949	100.000000	1.223858	0.156714	0.083284	0.053715	0.043996	0.032053	0.026976	0.023268	0.020755	

15	0.020797	1	1	99.481145	81.107399	0.372464	0.051879	0.027672	0.017653	0.016612	0.011084	0.009174	0.007669	0.007072	
15	0.005786	1	1	99.481145	81.107399	0.370083	0.056182	0.029777	0.019840	0.015768	0.012883	0.008923	0.007677	0.007082	
15	0.005785	1	2	99.097051	90.818031	0.378094	0.052459	0.028992	0.022178	0.014099	0.011835	0.009066	0.007833	0.007149	
15	0.008656	1	4	98.384190	96.076790	0.390400	0.054789	0.032318	0.022017	0.015113	0.017147	0.009183	0.008028	0.007495	
15	0.006623	1	8	97.150510	98.247078	0.412052	0.061311	0.028555	0.019600	0.014821	0.011650	0.009727	0.008433	0.007752	
15	0.005713	1	16	94.956092	99.193100	0.448277	0.063414	0.041558	0.021855	0.016914	0.015076	0.010517	0.009178	0.008251	

15	0.008348	2	1	98.418223	97.189758	0.385199	0.055931	0.027364	0.018885	0.016719	0.010924	0.009325	0.007899	0.007332	
15	0.005711	2	2	97.248662	99.137451	0.406671	0.058717	0.028410	0.019226	0.016514	0.011590	0.009657	0.008242	0.007318	
15	0.006478	2	4	95.193503	99.944351	0.431751	0.059889	0.031667	0.021024	0.016865	0.012140	0.010965	0.008852	0.007899	
15	0.006591	2	8	91.853484	100.000000	0.480622	0.069234	0.037150	0.023699	0.017755	0.013424	0.011672	0.009840	0.008718	
15	0.005638	2	16	86.363298	100.000000	0.560856	0.076208	0.041700	0.027860	0.024608	0.015268	0.012773	0.011203	0.010034	

15	0.005716	3	1	95.782534	99.721756	0.417270	0.059868	0.029575	0.020080	0.015711	0.017768	0.009894	0.008510	0.007795	
15	0.005392	3	2	92.673624	99.916527	0.457418	0.064492	0.032466	0.021477	0.016637	0.013384	0.010665	0.009264	0.008222	
15	0.005494	3	4	87.949559	100.000000	0.518915	0.072597	0.036539	0.024290	0.019800	0.014018	0.011969	0.010467	0.009497	
15	0.006527	3	8	81.111368	100.000000	0.608930	0.082729	0.042859	0.028510	0.023680	0.016538	0.013681	0.011999	0.010738	
15	0.005364	3	16	69.876743	100.000000	0.753449	0.107089	0.050758	0.034010	0.026502	0.020648	0.016879	0.014935	0.013088	

15	0.005619	4	1	90.071749	99.916527	0.485426	0.067913	0.034933	0.026364	0.020127	0.013693	0.015753	0.010216	0.009135	
15	0.007168	4	2	83.245843	100.000000	0.569036	0.077396	0.040273	0.029111	0.020668	0.016068	0.013249	0.011604	0.010351	
15	0.006783	4	4	74.840926	100.000000	0.672580	0.091308	0.047899	0.031138	0.023411	0.018389	0.015295	0.013385	0.011768	
15	0.005232	4	8	63.562647	100.000000	0.809867	0.107137	0.058066	0.037593	0.028632	0.022113	0.018029	0.015817	0.014003	
15	0.005302	4	16	47.929477	100.000000	1.003696	0.137265	0.068722	0.044961	0.034772	0.027036	0.022328	0.019420	0.017281	

15	0.008384	5	1	79.679636	99.972176	0.607109	0.082025	0.041850	0.027752	0.021643	0.017252	0.014509	0.012315	0.011074	
15	0.006489	5	2	68.088530	100.000000	0.741234	0.100382	0.050973	0.035291	0.025222	0.020627	0.016857	0.014588	0.013065	
15	0.006226	5	4	56.951897	100.000000	0.870486	0.115812	0.059186	0.047479	0.033082	0.023121	0.019705	0.017133	0.014922	
15	0.005377	5	8	42.830590	100.000000	1.038502	0.139474	0.069483	0.046454	0.035345	0.027499	0.022871	0.019908	0.017929	
15	0.008425	5	16	26.814112	100.000000	1.227153	0.162417	0.081536	0.055077	0.042815	0.034598	0.027230	0.023556	0.020999	

16	0.022988	1	1	99.488132	81.914299	0.385571	0.053861	0.030166	0.025927	0.015296	0.011892	0.009208	0.007846	0.007276	
16	0.006369	1	1	99.488132	81.914299	0.383383	0.054960	0.031036	0.020629	0.017623	0.010978	0.009132	0.008201	0.007274	
16	0.006251	1	2	99.101825	91.652756	0.391395	0.060719	0.030613	0.019517	0.019637	0.011024	0.009331	0.008045	0.007199	
16	0.005442	1	4	98.392881	96.688927	0.404546	0.058301	0.030086	0.020296	0.015014	0.011816	0.009471	0.008309	0.007418	
16	0.005463	1	8	97.156653	98.497498	0.422893	0.059387	0.030158	0.020001	0.014938	0.017181	0.009978	0.008745	0.007651	
16	0.005092	1	16	94.960255	99.220924	0.462968	0.070308	0.033698	0.022271	0.016847	0.017392	0.011062	0.009415	0.008626	

16	0.006754	2	1	98.432546	97.161934	0.396867	0.055297	0.030946	0.020009	0.015738	0.011291	0.009510	0.008297	0.007513	
16	0.004791	2	2	97.258342	99.248749	0.414655	0.058621	0.030040	0.022854	0.015181	0.011684	0.010205	0.010217	0.007852	
16	0.006420	2	4	95.209341	99.972176	0.444005	0.062823	0.032244	0.021105	0.016143	0.013322	0.013923	0.009142	0.008119	
16	0.006414	2	8	91.843266	100.000000	0.493257	0.069053	0.035540	0.023531	0.018203	0.016105	0.013688	0.009953	0.008763	
16	0.005420	2	16	86.320066	100.000000	0.576571	0.081233	0.041795	0.027074	0.024078	0.018311	0.016102	0.011438	0.010306	

16	0.006661	3	1	95.802913	99.833054	0.433788	0.061679	0.031712	0.020949	0.016710	0.018090	0.010406	0.008709	0.007979	
16	0.005327	3	2	92.691309	99.916527	0.471391	0.066717	0.033128	0.023973	0.021642	0.017094	0.010876	0.009675	0.008628	
16	0.005240	3	4	87.959806	100.000000	0.532968	0.075317	0.038121	0.024764	0.019119	0.019829	0.012199	0.010835	0.009634	
16	0.005285	3	8	81.057233	100.000000	0.623862	0.085457	0.043269	0.028782	0.022039	0.016962	0.014230	0.012408	0.010983	
16	0.005863	3	16	69.767018	100.000000	0.769592	0.103950	0.052696	0.035413	0.026341	0.020668	0.017341	0.014928	0.013794	

16	0.005397	4	1	90.135985	99.944351	0.497950	0.070154	0.035657	0.029042	0.020756	0.014191	0.011730	0.010192	0.009055	
16	0.006207	4	2	83.264796	100.000000	0.589703	0.078497	0.040036	0.027269	0.021904	0.017917	0.013281	0.011751	0.010437	
16	0.005307	4	4	74.848525	100.000000	0.692740	0.092691	0.047899	0.031694	0.024338	0.018367	0.015653	0.013495	0.012137	
16	0.005338	4	8	63.483986	100.000000	0.825870	0.113126	0.055830	0.038259	0.029018	0.023174	0.018413	0.016013	0.014351	
16	0.006114	4	16	47.797249	100.000000	1.036044	0.143370	0.068433	0.046083	0.037349	0.027081	0.022674	0.019687	0.019894	

16	0.005839	5	1	79.772999	99.972176	0.621643	0.085671	0.042560	0.031557	0.026764	0.016790	0.014379	0.012526	0.011209	
16	0.008089	5	2	68.075691	100.000000	0.756125	0.099352	0.052684	0.042050	0.026600	0.022976	0.017214	0.014961	0.013279	
16	0.005266	5	4	56.926365	100.000000	0.888771	0.115579	0.061077	0.042516	0.032979	0.023411	0.019703	0.017225	0.015226	
16	0.004961	5	8	42.732365	100.000000	1.055672	0.142239	0.070056	0.047091	0.035629	0.027460	0.023313	0.020217	0.018170	
16	0.005185	5	16	26.733078	100.000000	1.253390	0.167527	0.083269	0.055847	0.044626	0.032899	0.027651	0.023850	0.021129	

17	0.020792	1	1	99.493881	83.695045	0.400920	0.055738	0.032134	0.020703	0.019529	0.011415	0.009625	0.008383	0.007558	
17	0.005624	1	1	99.493881	83.695045	0.403600	0.059047	0.029035	0.019681	0.015446	0.012019	0.009390	0.008330	0.007676	
17	0.005527	1	2	99.107939	91.958824	0.407321	0.056298	0.029531	0.019923	0.017045	0.011694	0.009916	0.008593	0.007723	
17	0.005121	1	4	98.399867	97.106293	0.420828	0.061754	0.029466	0.019532	0.014762	0.012355	0.009935	0.008653	0.007716	
17	0.006480	1	8	97.159040	98.692261	0.440343	0.062176	0.031937	0.022772	0.018527	0.012126	0.010302	0.009072	0.008209	
17	0.005097	1	16	94.967737	99.360046	0.478166	0.066531	0.034100	0.022282	0.022575	0.016630	0.011250	0.009808	0.008794	

17	0.006644	2	1	98.453856	97.885361	0.422529	0.059260	0.030455	0.020724	0.015183	0.014336	0.009878	0.008656	0.007617	
17	0.005686	2	2	97.286174	99.387863	0.430972	0.059027	0.031230	0.023867	0.021992	0.012751	0.010476	0.008897	0.008006	
17	0.007024	2	4	95.209821	99.944351	0.460218	0.070071	0.033684	0.022319	0.016812	0.013075	0.010718	0.009307	0.008428	
17	0.006382	2	8	91.841155	100.000000	0.510981	0.078359	0.036782	0.024542	0.020828	0.014488	0.012099	0.010359	0.009171	
17	0.006493	2	16	86.346442	100.000000	0.591349	0.080494	0.040427	0.027064	0.020885	0.016169	0.013480	0.011766	0.010871	

17	0.006993	3	1	95.847688	99.833054	0.451252	0.064208	0.033578	0.021661	0.016966	0.013775	0.010318	0.009104	0.008131	
17	0.005363	3	2	92.751659	99.944351	0.488747	0.067336	0.034817	0.022821	0.020706	0.014393	0.011207	0.009885	0.008933	
17	0.005641	3	4	87.966007	100.000000	0.549011	0.075052	0.037788	0.025804	0.023837	0.019385	0.013104	0.011033	0.010046	
17	0.005219	3	8	81.035865	100.000000	0.640403	0.088146	0.043912	0.029173	0.024420	0.017518	0.014436	0.012561	0.011293	
17	0.005377	3	16	69.778678	100.000000	0.784918	0.111148	0.056016	0.036634	0.027085	0.021436	0.017664	0.015337	0.013797	

17	0.005129	4	1	90.205520	99.972176	0.516836	0.070907	0.035861	0.024777	0.021545	0.014769	0.014142	0.010759	0.009402	
17	0.005511	4	2	83.368887	100.000000	0.596224	0.082395	0.041338	0.027668	0.023599	0.016505	0.016799	0.012017	0.011165	
17	0.006241	4	4	74.814449	100.000000	0.701824	0.095207	0.048531	0.032251	0.030145	0.018747	0.015733	0.013893	0.012378	
17	0.006072	4	8	63.437085	100.000000	0.841726	0.113470	0.063157	0.038899	0.029032	0.023662	0.018726	0.019961	0.014715	
17	0.006662	4	16	47.798995	100.000000	1.032195	0.141754	0.069964	0.047019	0.034982	0.027347	0.023164	0.020042	0.017885	

17	0.005615	5	1	79.888561	99.972176	0.633513	0.084307	0.045648	0.036787	0.026502	0.018431	0.014543	0.012708	0.011644	
17	0.006431	5	2	68.225838	100.000000	0.767183	0.103021	0.055975	0.036322	0.029789	0.020578	0.017358	0.015069	0.013731	
17	0.005085	5	4	56.896670	100.000000	0.901075	0.121240	0.061483	0.040918	0.031189	0.023981	0.020101	0.017474	0.015512	
17	0.005765	5	8	42.708362	100.000000	1.066645	0.140774	0.072960	0.047753	0.036058	0.028151	0.023591	0.020580	0.018317	
17	0.007238	5	16	26.744548	100.000000	1.257364	0.168553	0.081875	0.058308	0.043182	0.033108	0.027844	0.024074	0.021348	

18	0.020736	1	1	99.496953	85.281029	0.416447	0.057392	0.029825	0.020301	0.018843	0.011944	0.010078	0.008823	0.007871	
18	0.006525	1	1	99.496953	85.281029	0.413332	0.058586	0.029999	0.020549	0.015781	0.011831	0.009854	0.008520	0.007876	
18	0.005640	1	2	99.112873	93.183083	0.422012	0.062770	0.030902	0.020510	0.015657	0.012024	0.009792	0.008443	0.007760	
18	0.005366	1	4	98.408208	97.551476	0.432482	0.062687	0.033153	0.021708	0.016871	0.011690	0.009986	0.008837	0.007992	
18	0.008581	1	8	97.170204	99.109627	0.453502	0.062480	0.033097	0.026144	0.020173	0.019829	0.010544	0.009329	0.008173	
18	0.005332	1	16	94.990736	99.499168	0.495196	0.069155	0.035829	0.023158	0.018271	0.014453	0.011843	0.010135	0.009056	

18	0.005858	2	1	98.474410	98.330551	0.426562	0.063078	0.029399	0.027174	0.016998	0.013825	0.010128	0.008991	0.008085	
18	0.006739	2	2	97.311851	99.610458	0.445675	0.063395	0.031434	0.021040	0.016472	0.012460	0.010438	0.009176	0.008165	
18	0.005809	2	4	95.222587	99.972176	0.475641	0.065467	0.036324	0.022315	0.018749	0.015158	0.011119	0.009688	0.008624	
18	0.006592	2	8	91.857502	100.000000	0.526102	0.075253	0.044292	0.025224	0.019220	0.020198	0.012246	0.010554	0.009613	
18	0.006788	2	16	86.397665	100.000000	0.603321	0.081895	0.044719	0.031586	0.023324	0.022973	0.013720	0.012020	0.011034	

18	0.007775	3	1	95.883539	99.888702	0.463952	0.063872	0.035783	0.026535	0.015961	0.015248	0.010658	0.009399	0.008315	
18	0.007672	3	2	92.781747	99.972176	0.498576	0.069030	0.035393	0.023990	0.018141	0.014323	0.011714	0.010127	0.009004	
18	0.005407	3	4	87.966881	100.000000	0.562609	0.077975	0.040198	0.027435	0.019783	0.018665	0.013658	0.011437	0.010112	
18	0.007045	3	8	81.023987	100.000000	0.653778	0.090111	0.045865	0.030484	0.022664	0.017711	0.014872	0.012988	0.011563	
18	0.005774	3	16	69.843103	100.000000	0.799360	0.108537	0.054057	0.039573	0.028183	0.023554	0.018053	0.015689	0.014076	

18	0.008796	4	1	90.281227	99.972176	0.528808	0.072411	0.036821	0.026644	0.023096	0.018100	0.012148	0.010717	0.009730	
18	0.006723	4	2	83.439848	100.000000	0.609507	0.086639	0.045285	0.029731	0.025416	0.016682	0.013873	0.012340	0.010904	
18	0.006916	4	4	74.801028	100.000000	0.716619	0.098753	0.049984	0.032771	0.025017	0.019375	0.016092	0.014056	0.012680	
18	0.007562	4	8	63.401044	100.000000	0.857608	0.115259	0.059449	0.038675	0.029243	0.022884	0.019054	0.016765	0.015182	
18	0.005295	4	16	47.857817	100.000000	1.050176	0.140372	0.071205	0.046629	0.035610	0.027541	0.023419	0.020337	0.018147	

18	0.007319	5	1	80.007179	100.000000	0.648320	0.087618	0.044743	0.029736	0.022451	0.019313	0.014869	0.012986	0.011810	
18	0.005306	5	2	68.335694	100.000000	0.786973	0.103680	0.053732	0.035762	0.030541	0.020897	0.017774	0.015273	0.013657	
18	0.005495	5	4	56.874225	100.000000	0.918612	0.123058	0.062055	0.040938	0.033259	0.024397	0.020380	0.017872	0.015894	
18	0.007176	5	8	42.677183	100.000000	1.085955	0.142098	0.072986	0.052246	0.036457	0.028362	0.023961	0.020873	0.018399	
18	0.005553	5	16	26.798406	100.000000	1.277693	0.165248	0.084941	0.057221	0.046546	0.033430	0.028115	0.024520	0.021502	

19	0.020934	1	1	99.502397	85.587090	0.433042	0.060166	0.030414	0.021325	0.020729	0.012310	0.010071	0.009036	0.007858	
19	0.005615	1	1	99.502397	85.587090	0.430486	0.058876	0.029781	0.020188	0.017017	0.015391	0.010269	0.009197	0.008016	
19	0.006476	1	2	99.122029	93.628273	0.437559	0.065422	0.032247	0.021211	0.016197	0.012176	0.010272	0.008873	0.008080	
19	0.005574	1	4	98.418325	97.495827	0.449339	0.065330	0.031564	0.022283	0.020641	0.012504	0.010535	0.009119	0.008245	
19	0.006869	1	8	97.179477	99.165276	0.471192	0.067561	0.032757	0.022881	0.017467	0.018858	0.012048	0.009715	0.008673	
19	0.009092	1	16	95.009717	99.415695	0.510094	0.076299	0.035775	0.028169	0.022022	0.016524	0.012021	0.010241	0.009249	

19	0.007230	2	1	98.477860	98.497498	0.444719	0.063554	0.032200	0.021938	0.016424	0.012533	0.010341	0.009068	0.008291	
19	0.006128	2	2	97.323394	99.638283	0.460962	0.064377	0.031826	0.023048	0.018174	0.013029	0.010669	0.009413	0.008520	
19	0.005622	2	4	95.248919	100.000000	0.497880	0.066213	0.036719	0.024965	0.018286	0.016069	0.011963	0.010030	0.008966	
19	0.005543	2	8	91.884766	100.000000	0.540999	0.075014	0.037810	0.025901	0.019311	0.018005	0.012454	0.010947	0.009811	
19	0.007482	2	16	86.428976	100.000000	0.619969	0.085241	0.042002	0.029302	0.022484	0.021175	0.014024	0.012424	0.011037	

19	0.006542	3	1	95.889158	99.916527	0.476098	0.066071	0.033135	0.023126	0.017459	0.013955	0.011342	0.012325	0.008594	
19	0.005963	3	2	92.798574	100.000000	0.517398	0.071135	0.037905	0.024467	0.018246	0.013912	0.011880	0.010582	0.009332	
19	0.007311	3	4	88.006037	100.000000	0.578790	0.080826	0.039993	0.029786	0.020969	0.015929	0.013123	0.011527	0.010408	
19	0.006858	3	8	81.051498	100.000000	0.671915	0.088942	0.045392	0.031180	0.024162	0.017884	0.015047	0.013067	0.011788	
19	0.006207	3	16	69.867980	100.000000	0.814353	0.110696	0.055870	0.037983	0.028194	0.022074	0.018244	0.016064	0.014193	

19	0.006798	4	1	90.237049	99.972176	0.543586	0.075939	0.037679	0.025765	0.019220	0.014984	0.012844	0.011084	0.009935	
19	0.007698	4	2	83.442003	100.000000	0.627885	0.085400	0.042942	0.029369	0.022734	0.019762	0.014873	0.012520	0.011272	
19	0.008976	4	4	74.838306	100.000000	0.731986	0.098897	0.050720	0.034004	0.025339	0.024835	0.016440	0.014426	0.013178	
19	0.006986	4	8	63.411510	100.000000	0.872855	0.116229	0.058777	0.041940	0.029850	0.023080	0.019409	0.017145	0.018693	
19	0.006873	4	16	47.877148	100.000000	1.063860	0.141844	0.071686	0.048143	0.035632	0.035693	0.023735	0.020516	0.018649	

19	0.006805	5	1	79.978503	100.000000	0.662393	0.086958	0.045318	0.031620	0.024611	0.018708	0.015242	0.013322	0.011875	
19	0.006091	5	2	68.368343	100.000000	0.799281	0.107527	0.054536	0.036148	0.027667	0.021376	0.018081	0.024304	0.016162	
19	0.007489	5	4	56.895302	100.000000	0.933679	0.125581	0.061842	0.042961	0.032268	0.026975	0.020649	0.018152	0.015972	
19	0.005610	5	8	42.673049	100.000000	1.100420	0.144953	0.074455	0.048977	0.036687	0.028859	0.024221	0.021095	0.019069	
19	0.006739	5	16	26.802205	100.000000	1.288226	0.168858	0.085381	0.057391	0.043464	0.034310	0.028550	0.024856	0.021987	

20	0.022491	1	1	99.503940	86.505287	0.443055	0.066605	0.030406	0.026679	0.016083	0.019751	0.011038	0.009706	0.008344	
20	0.007034	1	1	99.503940	86.505287	0.444620	0.063530	0.031529	0.023101	0.017807	0.012361	0.010547	0.008942	0.008372	
20	0.005203	1	2	99.125231	94.212570	0.450063	0.064857	0.032144	0.021308	0.017434	0.014439	0.010446	0.009000	0.008245	
20	0.005338	1	4	98.424380	97.774071	0.462298	0.065274	0.033298	0.025563	0.020627	0.012973	0.010693	0.009419	0.008445	
20	0.005851	1	8	97.183421	99.165276	0.483876	0.071931	0.034184	0.022843	0.017596	0.019738	0.011110	0.009782	0.008884	
20	0.006553	1	16	95.026777	99.443520	0.521075	0.071608	0.035839	0.028480	0.020363	0.015081	0.012234	0.010549	0.009596	

20	0.006721	2	1	98.472881	98.831383	0.457092	0.064055	0.034815	0.021976	0.018625	0.016571	0.010673	0.009601	0.008475	
20	0.007243	2	2	97.325534	99.693939	0.474153	0.065749	0.037682	0.022769	0.021259	0.015347	0.014623	0.009778	0.008528	
20	0.006436	2	4	95.262471	100.000000	0.503949	0.075114	0.035719	0.024305	0.018464	0.014526	0.011890	0.010220	0.009129	
20	0.006454	2	8	91.890486	100.000000	0.553381	0.077783	0.038913	0.026619	0.019707	0.015094	0.012740	0.011061	0.009814	
20	0.006131	2	16	86.457550	100.000000	0.637086	0.090042	0.043878	0.034402	0.022884	0.020880	0.014451	0.012507	0.011277	

20	0.005661	3	1	95.863728	99.944351	0.489764	0.065735	0.033106	0.023771	0.017591	0.015963	0.012134	0.010181	0.008947	
20	0.006798	3	2	92.783465	99.944351	0.528862	0.071293	0.038276	0.028154	0.022487	0.014941	0.012095	0.010733	0.009492	
20	0.006686	3	4	88.002019	100.000000	0.591934	0.080279	0.040633	0.026907	0.023930	0.018214	0.013477	0.011757	0.010637	
20	0.006547	3	8	81.029897	100.000000	0.692659	0.093965	0.046913	0.031903	0.023925	0.018255	0.015417	0.013378	0.011981	
20	0.005723	3	16	69.907354	100.000000	0.828666	0.113518	0.057591	0.038166	0.028483	0.024096	0.018600	0.016053	0.014440	

20	0.007193	4	1	90.177150	99.972176	0.558682	0.078022	0.039065	0.026376	0.020974	0.022154	0.012910	0.011333	0.010150	
20	0.005313	4	2	83.424186	100.000000	0.639818	0.090966	0.045253	0.029688	0.022683	0.017858	0.014648	0.012758	0.011501	
20	0.005858	4	4	74.802556	100.000000	0.746487	0.102019	0.051091	0.033976	0.027399	0.020858	0.016748	0.014631	0.015303	
20	0.006431	4	8	63.360447	100.000000	0.888831	0.117590	0.061948	0.039960	0.032630	0.023633	0.019621	0.017123	0.015380	
20	0.006923	4	16	47.900816	100.000000	1.081945	0.146569	0.073722	0.049470	0.037223	0.028676	0.024051	0.020840	0.018382	

20	0.007390	5	1	79.865329	100.000000	0.679559	0.090007	0.045835	0.031397	0.026471	0.018440	0.015436	0.013524	0.012482	
20	0.006866	5	2	68.330410	100.000000	0.813871	0.111490	0.055438	0.037277	0.028527	0.021537	0.018237	0.015924	0.014398	
20	0.006673	5	4	56.832842	100.000000	0.949217	0.124509	0.063708	0.042855	0.032252	0.025041	0.020973	0.018302	0.016296	
20	0.007006	5	8	42.618478	100.000000	1.116787	0.146887	0.073879	0.051617	0.038464	0.029354	0.024595	0.021362	0.019164	
20	0.006613	5	16	26.816951	100.000000	1.306832	0.173868	0.086134	0.058143	0.044062	0.034900	0.028884	0.025004	0.022175	

21	0.023117	1	1	99.506458	87.006119	0.463223	0.065247	0.038734	0.022918	0.017376	0.013136	0.011594	0.009378	0.008364	
21	0.005578	1	1	99.506458	87.006119	0.461430	0.065446	0.032390	0.021460	0.022058	0.013083	0.010836	0.009579	0.008653	
21	0.006900	1	2	99.129380	94.657761	0.469413	0.067193	0.032726	0.021762	0.018606	0.013414	0.011260	0.009453	0.008515	
21	0.007115	1	4	98.425137	97.996666	0.479644	0.067694	0.035190	0.024238	0.016907	0.014391	0.011310	0.009886	0.008779	
21	0.007760	1	8	97.189171	99.220924	0.500486	0.069134	0.035890	0.023192	0.022830	0.016447	0.011539	0.010036	0.009070	
21	0.007381	1	16	95.042177	99.415695	0.539229	0.075011	0.039159	0.024945	0.019416	0.019600	0.012357	0.014058	0.009704	

21	0.007835	2	1	98.484948	98.887032	0.476044	0.068827	0.033175	0.022902	0.023549	0.013807	0.011055	0.009685	0.008650	
21	0.005471	2	2	97.346494	99.805229	0.491494	0.068068	0.035093	0.022871	0.018581	0.013337	0.011448	0.010099	0.008895	
21	0.006853	2	4	95.269341	100.000000	0.520774	0.071284	0.035749	0.025935	0.020196	0.014269	0.012056	0.010499	0.009433	
21	0.005581	2	8	91.887022	100.000000	0.570653	0.079752	0.040472	0.031578	0.020558	0.015246	0.012879	0.011300	0.010092	
21	0.006500	2	16	86.473853	100.000000	0.649503	0.088317	0.046783	0.030551	0.023062	0.017382	0.014737	0.012895	0.011404	

21	0.007391	3	1	95.895184	99.944351	0.506873	0.073933	0.035450	0.024358	0.019187	0.016776	0.011894	0.010335	0.009298	
21	0.006161	3	2	92.844819	100.000000	0.545892	0.074255	0.037087	0.025326	0.019619	0.014540	0.012403	0.010985	0.009721	
21	0.007494	3	4	88.009385	100.000000	0.610209	0.082556	0.043634	0.033720	0.021594	0.016431	0.013657	0.012126	0.010769	
21	0.007169	3	8	80.992167	100.000000	0.700108	0.094661	0.048617	0.034890	0.024481	0.018654	0.015890	0.013633	0.012167	
21	0.006876	3	16	69.915826	100.000000	0.846749	0.114577	0.056670	0.040587	0.032056	0.022296	0.018870	0.016375	0.014515	

21	0.005476	4	1	90.242959	99.972176	0.574351	0.079426	0.039064	0.026932	0.020656	0.018974	0.013763	0.011748	0.010532	
21	0.006784	4	2	83.536996	100.000000	0.655454	0.089022	0.045293	0.029816	0.022922	0.018370	0.014895	0.013034	0.011736	
21	0.006528	4	4	74.793677	100.000000	0.762834	0.105133	0.052207	0.036758	0.029721	0.020470	0.017337	0.014850	0.013311	
21	0.006710	4	8	63.292761	100.000000	0.903839	0.122026	0.062453	0.040569	0.031169	0.024379	0.020092	0.017443	0.015659	
21	0.006212	4	16	47.898851	100.000000	1.093630	0.148496	0.072752	0.049868	0.037373	0.029141	0.024308	0.021014	0.018750	

21	0.006866	5	1	79.945010	100.000000	0.696298	0.093444	0.046737	0.031878	0.024746	0.019181	0.015794	0.013901	0.012519	
21	0.007901	5	2	68.479523	100.000000	0.826067	0.112568	0.055725	0.038075	0.028105	0.022173	0.018525	0.016247	0.014349	
21	0.006748	5	4	56.801051	100.000000	0.962240	0.127420	0.064667	0.043498	0.032846	0.025219	0.021272	0.018456	0.016487	
21	0.006160	5	8	42.559030	100.000000	1.129914	0.148930	0.074700	0.050636	0.037962	0.029583	0.024880	0.021595	0.019384	
21	0.005722	5	16	26.806892	100.000000	1.317612	0.172983	0.090183	0.058957	0.044356	0.034674	0.029005	0.025240	0.022294	

