=== AMD PCAF sift

10	0.482934	1	1	99.918218	44.682243	13.189429	1.673920	0.839822	0.556999	0.419737	0.366937	0.301422	0.258630	0.230902	
10	0.185292	1	1	99.918218	44.682243	13.202727	1.667250	0.836043	0.559076	0.420793	0.362654	0.300659	0.258757	0.230279	
10	0.182844	1	2	99.860415	54.738647	13.088627	1.651387	0.829528	0.554140	0.417689	0.359100	0.306255	0.258072	0.228724	
10	0.184150	1	4	99.763679	64.800079	13.287411	1.676218	0.843833	0.563638	0.426534	0.360742	0.303001	0.262345	0.232436	
10	0.182688	1	8	99.589365	74.141403	13.660967	1.725130	0.866250	0.580245	0.437206	0.429007	0.411806	0.270281	0.240069	
10	0.182864	1	16	99.303800	82.289253	14.282219	1.808508	0.909009	0.608263	0.460916	0.384024	0.328477	0.282746	0.251311	

10	0.184857	2	1	99.693851	75.496025	13.858581	1.754681	0.880715	0.590844	0.445496	0.366835	0.318085	0.274669	0.244362	
10	0.183754	2	2	99.498384	83.019432	13.938588	1.764628	0.888811	0.594192	0.449622	0.372268	0.318313	0.280133	0.247618	
10	0.189404	2	4	99.170104	89.485344	14.568406	1.842919	0.928790	0.624567	0.472271	0.400175	0.337062	0.292681	0.259314	
10	0.185479	2	8	98.605354	93.936951	15.653123	1.985146	0.996248	0.667434	0.503750	0.434390	0.359402	0.312252	0.277167	
10	0.188265	2	16	97.723229	96.792229	17.366036	2.195413	1.104974	0.741543	0.558574	0.458874	0.392048	0.342417	0.304965	

10	0.185077	3	1	99.218899	90.296104	14.999284	1.929003	0.974442	0.656196	0.499096	0.424207	0.365599	0.320327	0.293339	
10	0.185747	3	2	98.714906	94.118240	15.767381	2.030215	1.031943	0.698060	0.533142	0.459067	0.389372	0.345811	0.323516	
10	0.182531	3	4	97.855044	96.978546	17.231179	2.195675	1.116874	0.751103	0.571624	0.482515	0.423783	0.365608	0.330804	
10	0.188043	3	8	96.409949	98.645386	19.918353	2.520843	1.271411	0.855284	0.649836	0.541474	0.464721	0.407324	0.359729	
10	0.183288	3	16	94.246872	99.410812	23.872553	3.012390	1.515869	1.014798	0.831834	0.664173	0.536470	0.468799	0.415070	

10	0.183392	4	1	98.244775	96.273544	17.454979	2.292020	1.163616	0.793570	0.618637	0.533286	0.480757	0.491959	0.517172	
10	0.188270	4	2	97.045502	98.015907	19.534800	2.567968	1.328450	0.913825	0.716024	0.626322	0.616712	0.651442	0.647544	
10	0.185027	4	4	94.993652	99.219460	23.157026	2.973945	1.534844	1.051182	0.799376	0.728535	0.668907	0.768103	0.838393	
10	0.185110	4	8	91.731808	99.692825	29.108293	3.717052	1.887849	1.284864	0.984142	0.841822	0.718796	0.700873	0.857519	
10	0.182695	4	16	87.213238	99.919426	36.653755	4.605557	2.317115	1.551474	1.172434	0.965084	0.816490	0.708017	0.625846	

10	0.182374	5	1	96.194641	98.801491	22.208006	3.105390	1.680843	1.289418	1.203957	1.359908	1.400711	1.347757	1.330444	
10	0.183931	5	2	93.511716	99.451103	27.269329	3.691481	2.040259	1.570159	1.557216	1.647056	1.589378	1.533043	1.569845	
10	0.185815	5	4	89.223730	99.798569	35.031379	4.635091	2.440762	1.781433	1.474361	1.676216	1.641211	1.948883	1.730675	
10	0.182803	5	8	82.878177	99.914391	45.515573	5.735592	2.884665	1.938525	1.470192	1.297155	1.078781	1.026393	1.144845	
10	0.184156	5	16	74.949937	99.984894	58.523465	7.355910	3.723621	2.504940	1.895554	1.621404	1.328243	1.158951	1.041324	

15	0.500354	1	1	99.939579	58.429848	29.783166	3.738273	1.868991	1.259823	0.943327	0.795058	0.646324	0.556527	0.491290	
15	0.199751	1	1	99.939579	58.429848	29.721702	3.728485	1.868385	1.251947	0.940365	0.772283	0.642272	0.556135	0.492226	
15	0.199771	1	2	99.893277	68.879044	29.486512	3.702825	1.859517	1.239443	0.933716	0.785673	0.639926	0.551360	0.487723	
15	0.200278	1	4	99.811827	78.965660	29.690121	3.725352	1.866595	1.246529	0.938664	0.762110	0.646988	0.553542	0.488449	
15	0.199675	1	8	99.664214	86.428642	30.004178	3.763808	1.888934	1.261861	0.950428	0.776780	0.647943	0.562094	0.494424	
15	0.211882	1	16	99.410391	91.907539	30.552957	3.836327	1.920780	1.283588	0.967761	0.783450	0.665427	0.570853	0.503433	

15	0.204350	2	1	99.790851	85.179779	30.075580	3.780650	1.894954	1.265110	0.951354	0.898710	0.663785	0.564534	0.499039	
15	0.201121	2	2	99.635862	91.096786	30.360404	3.818533	1.913355	1.279597	0.968267	0.787383	0.658264	0.569112	0.501122	
15	0.202733	2	4	99.358623	95.472855	30.641615	3.852866	1.930903	1.291972	0.975502	0.794895	0.665885	0.575446	0.512628	
15	0.198462	2	8	98.876603	97.799370	31.510251	3.953686	1.983648	1.325400	1.008491	0.827393	0.682153	0.589824	0.520784	
15	0.197908	2	16	98.092583	99.012993	32.973664	4.142140	2.080142	1.390563	1.048389	0.851029	0.715181	0.619706	0.545609	

15	0.199878	3	1	99.434726	95.437607	30.996735	3.913066	1.962520	1.312697	0.995557	0.837581	0.679756	0.584839	0.516185	
15	0.200543	3	2	99.008160	97.648308	31.599229	3.987270	2.005742	1.340648	1.009991	0.841160	0.695991	0.603964	0.529972	
15	0.204187	3	4	98.237357	99.023064	32.844909	4.142095	2.085260	1.394525	1.053572	0.863295	0.724247	0.632633	0.557699	
15	0.202448	3	8	96.925285	99.667641	35.205678	4.440643	2.229468	1.495222	1.129727	0.917538	0.773876	0.673298	0.594744	
15	0.198916	3	16	94.930933	99.904320	38.615099	4.850039	2.433804	1.626730	1.228075	0.998796	0.837413	0.725292	0.642263	

15	0.199601	4	1	98.612232	98.695740	33.008587	4.196051	2.106893	1.414106	1.067427	0.900335	0.746438	0.644208	0.576784	
15	0.198269	4	2	97.538068	99.496422	34.757221	4.434264	2.244992	1.512691	1.151426	0.958380	0.818391	0.788632	0.782193	
15	0.199524	4	4	95.586139	99.773392	38.065758	4.816277	2.448587	1.644624	1.252637	1.052865	0.930424	0.887626	0.750860	
15	0.200034	4	8	92.486064	99.919426	43.613620	5.504550	2.781080	1.868263	1.414390	1.165628	0.984290	0.874237	0.765123	
15	0.204208	4	16	88.199454	99.984894	50.815029	6.386748	3.215758	2.157216	1.625367	1.321602	1.117578	0.973667	0.859869	

15	0.200914	5	1	96.759225	99.637428	37.225339	4.897960	2.515899	1.746214	1.421881	1.317432	1.331750	1.390824	1.430180	
15	0.202219	5	2	94.233176	99.894249	41.956051	5.522202	2.867170	2.012497	1.654893	1.598776	1.771119	1.946430	1.730236	
15	0.199309	5	4	89.997179	99.994965	48.877362	6.224172	3.225873	2.187121	1.695759	1.583304	1.474351	1.531175	1.622490	
15	0.199398	5	8	83.783359	99.994965	59.397029	7.502236	3.777103	2.543089	1.933735	1.608488	1.399506	1.338264	1.774667	
15	0.198167	5	16	76.148356	100.000000	71.708904	8.988893	4.520951	3.030840	2.309717	1.980943	1.574184	1.373534	1.205695	

20	0.503115	1	1	99.946812	66.663307	35.822919	4.508899	2.254074	1.504436	1.133587	0.968466	0.780594	0.673663	0.594673	
20	0.199346	1	1	99.946812	66.663307	35.870222	4.505207	2.284088	1.526004	1.146694	0.940933	0.784791	0.675334	0.593758	
20	0.202794	1	2	99.904645	77.047035	35.657265	4.469676	2.239840	1.495457	1.131647	0.926129	0.772081	0.676264	0.602152	
20	0.198588	1	4	99.828749	85.638031	35.409320	4.455882	2.232830	1.492833	1.124137	0.917827	0.789085	0.670274	0.588941	
20	0.200194	1	8	99.692607	91.706116	35.787390	4.492835	2.253226	1.508249	1.133450	0.933499	0.775223	0.669858	0.591781	
20	0.197328	1	16	99.449486	95.513138	36.369514	4.566544	2.287838	1.528421	1.149997	0.933362	0.785808	0.680352	0.603193	

20	0.198810	2	1	99.823810	90.235672	36.056724	4.529390	2.270414	1.518931	1.141380	0.935762	0.788346	0.677154	0.596779	
20	0.200094	2	2	99.681979	94.823250	36.287638	4.555473	2.291540	1.528579	1.152370	0.950473	0.792344	0.683236	0.606233	
20	0.200203	2	4	99.426438	97.754059	36.402280	4.566542	2.290863	1.533466	1.152344	0.939846	0.790833	0.687472	0.611114	
20	0.203344	2	8	98.983801	99.103638	37.219220	4.674475	2.343764	1.567355	1.180291	0.971818	0.816916	0.699659	0.617782	
20	0.200912	2	16	98.233246	99.723038	38.624790	4.854337	2.435132	1.626702	1.226724	1.008985	0.838739	0.725610	0.639866	

20	0.202398	3	1	99.509793	97.527443	37.071402	4.699753	2.386195	1.604739	1.225479	1.024950	0.855919	0.741763	0.702704	
20	0.199120	3	2	99.106623	98.917313	37.608937	4.732952	2.380069	1.590225	1.203505	1.368133	0.908097	0.712780	0.625845	
20	0.199773	3	4	98.380526	99.647499	38.441921	4.839032	2.433917	1.628126	1.229744	1.007521	0.868543	0.742054	0.657681	
20	0.199400	3	8	97.148846	99.879143	40.646722	5.116690	2.567085	1.719513	1.300635	1.086340	0.894479	0.773888	0.682843	
20	0.199376	3	16	95.193360	99.964752	44.104232	5.539321	2.779173	1.858437	1.399125	1.137112	0.955021	0.827819	0.731314	

20	0.199838	4	1	98.745924	99.425926	38.761525	4.917639	2.473782	1.660024	1.254035	1.048305	0.871413	0.758167	0.706081	
20	0.201915	4	2	97.705651	99.838860	40.663813	5.179656	2.623289	1.764365	1.350613	1.171216	0.977825	0.945554	0.847160	
20	0.199140	4	4	95.812258	99.959717	43.546954	5.500994	2.789907	1.870789	1.418688	1.182817	0.983043	0.871057	0.789713	
20	0.199678	4	8	92.836023	99.989929	48.764705	6.142659	3.087231	2.070869	1.568886	1.281954	1.097773	0.961376	0.851972	
20	0.199424	4	16	88.551806	100.000000	56.156719	7.078054	3.566287	2.385983	1.803539	1.476109	1.246565	1.078556	0.958415	

20	0.200010	5	1	96.968831	99.899284	42.802053	5.616736	2.882879	2.035944	1.622137	1.604268	1.626012	1.704751	1.738697	
20	0.198919	5	2	94.473543	99.979858	47.465925	6.146118	3.162590	2.176791	1.701141	1.703861	1.618694	1.590970	1.575361	
20	0.199115	5	4	90.275386	99.984894	54.380081	6.890795	3.557501	2.406161	1.849213	1.581674	1.492275	1.734431	1.573335	
20	0.204526	5	8	84.230183	100.000000	64.652844	8.178878	4.137752	2.789058	2.132380	1.817692	1.513447	1.916564	2.099850	
20	0.201828	5	16	76.521070	100.000000	77.413620	9.723203	4.902195	3.290051	2.483253	2.034942	1.727701	1.496045	1.380852	

25	0.509237	1	1	99.951973	73.240005	42.473520	5.323782	2.665545	1.781102	1.342099	1.098824	0.926637	0.787352	0.692039	
25	0.213851	1	1	99.951973	73.240005	42.472345	5.321471	2.664064	1.780223	1.342315	1.094591	0.922228	0.787351	0.692150	
25	0.213769	1	2	99.912759	83.019432	42.132159	5.278793	2.646018	1.777888	1.340422	1.100111	0.918618	0.802955	0.745387	
25	0.219361	1	4	99.841519	90.507599	42.078681	5.271288	2.641130	1.764285	1.327364	1.076251	0.903443	0.784133	0.687787	
25	0.215817	1	8	99.710407	94.989426	42.162569	5.285329	2.652618	1.768864	1.331154	1.079095	0.908361	0.783927	0.689352	
25	0.217247	1	16	99.475065	97.774193	42.639500	5.348754	2.681320	1.790570	1.356665	1.102753	0.918416	0.792288	0.699710	

25	0.213995	2	1	99.844500	93.428345	42.729701	5.358883	2.682614	1.794726	1.349737	1.114030	0.923723	0.793380	0.696410	
25	0.213420	2	2	99.714896	96.953369	42.744177	5.362816	2.688362	1.797108	1.349503	1.100135	0.934301	0.803274	0.700540	
25	0.215690	2	4	99.475420	98.856888	42.567291	5.342178	2.677972	1.790261	1.350053	1.122000	0.923007	0.801931	0.715860	
25	0.214202	2	8	99.047425	99.627350	43.369012	5.448852	2.732017	1.830014	1.376667	1.119038	0.936043	0.809285	0.715579	
25	0.215013	2	16	98.314669	99.884178	44.823904	5.624131	2.819582	1.884216	1.418767	1.148384	0.965466	0.834529	0.736356	

25	0.214032	3	1	99.559820	98.650421	43.392202	5.481652	2.759143	1.844831	1.388445	1.184347	0.952715	0.827741	0.724712	
25	0.220122	3	2	99.183571	99.516571	43.810279	5.514557	2.783704	1.871018	1.412367	1.151205	1.012761	0.882668	0.846448	
25	0.216050	3	4	98.486986	99.853966	44.670108	5.621843	2.823680	1.888486	1.425623	1.160867	0.976067	0.843560	0.749431	
25	0.213895	3	8	97.268871	99.964752	46.793671	5.873853	2.944790	1.968960	1.484928	1.210747	1.013117	0.877923	0.775784	
25	0.213724	3	16	95.327579	99.989929	50.235638	6.299587	3.160245	2.112783	1.592545	1.298186	1.084677	0.936899	0.825696	

25	0.212372	4	1	98.844581	99.748215	45.171800	5.760076	2.920570	1.970469	1.501932	1.273835	1.127145	1.076792	1.156039	
25	0.214677	4	2	97.854044	99.944611	46.734117	5.935849	3.005885	2.026082	1.536952	1.400633	1.175360	1.220826	1.122759	
25	0.213608	4	4	96.001558	99.974823	50.001929	6.331815	3.202429	2.148238	1.631364	1.342877	1.147132	1.009515	0.917686	
25	0.213114	4	8	93.009717	99.989929	54.817706	6.919188	3.491663	2.342338	1.772064	1.470962	1.232630	1.068832	0.967288	
25	0.221732	4	16	88.704436	100.000000	62.163777	7.802550	3.925196	2.629169	1.986336	1.619143	1.363534	1.185246	1.040894	

25	0.217266	5	1	97.155562	99.939575	49.309955	6.566992	3.408511	2.579167	2.199115	2.229719	2.173479	2.205097	2.200049	
25	0.214742	5	2	94.749077	99.994965	53.456273	6.888706	3.539786	2.413064	1.893689	1.857533	1.738264	1.962023	1.772511	
25	0.216946	5	4	90.578712	99.994965	60.729838	7.807224	4.012889	2.754484	2.173068	2.496513	2.133800	2.647404	2.968044	
25	0.214521	5	8	84.430577	100.000000	70.581654	8.888692	4.470285	3.006936	2.284870	1.897377	1.611956	1.391992	1.395081	
25	0.215344	5	16	76.643431	100.000000	83.094836	10.422284	5.251436	3.523569	2.662131	2.181553	1.832653	1.597768	1.421448	

30	0.519595	1	1	99.953392	76.906029	48.766539	6.176990	3.159064	2.168034	1.786702	1.368020	1.153477	0.981336	0.899140	
30	0.228205	1	1	99.953392	76.906029	48.554337	6.108702	3.141236	2.105389	1.599973	1.280525	1.061736	0.914363	0.818305	
30	0.232692	1	2	99.915089	86.171814	48.240022	6.046622	3.051381	2.040234	1.563303	1.298395	1.141012	0.925742	0.880768	
30	0.231171	1	4	99.846119	92.859306	47.754664	5.989702	2.997998	2.002147	1.512753	1.227288	1.031989	0.892007	0.786653	
30	0.234752	1	8	99.718093	96.590790	47.811481	6.055512	3.018839	2.021679	1.519325	1.251947	1.040512	0.897892	0.791312	
30	0.227843	1	16	99.486272	98.569847	48.453507	6.079811	3.043543	2.033412	1.536087	1.247436	1.051726	0.907887	0.795650	

30	0.229728	2	1	99.850720	95.190849	48.916601	6.169588	3.191910	2.153511	1.701329	1.459914	1.224208	1.051005	0.946218	
30	0.232327	2	2	99.725425	97.925270	48.742875	6.107236	3.098468	2.085887	1.626810	1.389817	1.233174	0.964313	0.953683	
30	0.228195	2	4	99.493617	99.375565	48.501993	6.084792	3.046281	2.036355	1.537252	1.252260	1.051841	0.911772	0.811458	
30	0.228370	2	8	99.075855	99.798569	49.265592	6.176079	3.093986	2.067615	1.558640	1.266816	1.061420	0.916921	0.811856	
30	0.230909	2	16	98.351751	99.929497	50.595158	6.355435	3.183700	2.129864	1.603941	1.324557	1.092257	0.943406	0.831406	

30	0.232938	3	1	99.570665	99.123779	50.232204	6.563707	3.443848	2.788482	2.828517	2.364739	2.078636	1.856596	1.689633	
30	0.228054	3	2	99.203644	99.778427	49.928461	6.281192	3.157552	2.111564	1.613984	1.362376	1.102807	0.971115	0.848665	
30	0.229890	3	4	98.525307	99.949638	50.483087	6.339940	3.186038	2.133625	1.608933	1.320820	1.106196	0.993006	0.850347	
30	0.243759	3	8	97.325577	99.984894	52.631961	6.604569	3.308419	2.213446	1.668954	1.385239	1.145052	0.994336	0.873323	
30	0.232026	3	16	95.393240	100.000000	56.143954	7.049229	3.542031	2.369420	1.789621	1.456069	1.222600	1.059446	0.934440	

30	0.229825	4	1	98.850830	99.874107	51.613155	6.586414	3.412740	2.322302	1.837655	1.577518	1.407915	1.417544	1.385386	
30	0.228521	4	2	97.880993	99.969788	52.901370	6.696059	3.387271	2.291152	1.781548	1.580548	1.352890	1.326305	1.373191	
30	0.226757	4	4	96.065832	99.989929	55.701045	7.024358	3.549094	2.382918	1.805538	1.491102	1.303574	1.179727	1.565511	
30	0.229486	4	8	93.098788	100.000000	60.652396	7.623983	3.831313	2.567680	1.945233	1.607580	1.351260	1.177611	1.150318	
30	0.231546	4	16	88.785489	100.000000	68.086398	8.582478	4.327780	2.899662	2.193130	1.804291	1.514938	1.320093	1.184032	

30	0.228510	5	1	97.135061	99.984894	55.667796	7.379891	3.787101	2.655114	2.546418	2.420059	2.265052	2.388114	2.411897	
30	0.230843	5	2	94.762644	99.994965	59.716795	7.707706	4.031767	2.832877	2.549184	2.766825	2.333277	2.571074	2.619856	
30	0.234530	5	4	90.665739	100.000000	66.669313	8.522126	4.371924	2.978945	2.431079	2.333845	2.767803	2.660747	2.612230	
30	0.230413	5	8	84.544990	100.000000	76.617815	9.688098	4.900589	3.303683	2.518302	2.118865	1.888708	2.129062	1.733385	
30	0.232904	5	16	76.715278	100.000000	89.783172	11.303302	5.722261	3.855376	2.932789	2.436950	2.107416	1.969210	2.110208	

35	0.536406	1	1	99.954751	80.239700	56.141030	7.131951	3.709258	2.563387	2.205306	1.863945	1.643703	1.417524	1.193116	
35	0.245241	1	1	99.954751	80.239700	56.235055	7.157245	3.800335	3.150745	2.595639	2.432233	2.062334	1.947297	1.747190	
35	0.243532	1	2	99.917242	88.860909	54.775558	6.868903	3.442861	2.315682	1.781438	1.508306	1.393368	1.097509	0.986101	
35	0.245009	1	4	99.849858	94.601669	54.021329	6.782092	3.392995	2.268632	1.828606	1.407291	1.166565	1.017013	0.890230	
35	0.245018	1	8	99.724888	97.542557	54.247619	6.803671	3.408940	2.278029	1.723869	1.430634	1.167721	1.015609	0.894028	
35	0.247179	1	16	99.496341	99.043205	54.843410	6.868716	3.465136	2.302831	1.776111	1.407041	1.177669	1.016618	0.892965	

35	0.243819	2	1	99.856174	96.626045	56.463507	7.357638	3.751192	2.608000	2.371064	1.913341	1.767849	1.499627	1.323970	
35	0.244587	2	2	99.733342	98.730988	55.467116	6.939835	3.482812	2.362810	1.845963	1.470154	1.261530	1.164303	0.943153	
35	0.247938	2	4	99.506917	99.617287	55.244169	6.934858	3.476420	2.324332	1.751456	1.449109	1.213806	1.121465	0.999637	
35	0.243811	2	8	99.100272	99.909363	55.597803	6.965792	3.490544	2.332554	1.768357	1.424641	1.194371	1.029384	0.919026	
35	0.244876	2	16	98.385222	99.964752	56.959916	7.139816	3.576784	2.391828	1.799083	1.478194	1.223816	1.053653	0.930260	

35	0.244955	3	1	99.580408	99.516571	56.934106	7.358382	3.813781	2.836290	2.714216	2.470707	2.182635	2.019294	1.790323	
35	0.248367	3	2	99.217577	99.879143	56.548463	7.119202	3.681063	2.550916	2.275780	2.045542	1.434370	1.542769	1.297920	
35	0.243806	3	4	98.550380	99.984894	57.157206	7.169602	3.599857	2.408684	1.814218	1.490147	1.260766	1.075426	0.943130	
35	0.245710	3	8	97.374863	100.000000	58.767484	7.379243	3.722980	2.476564	1.875978	1.541316	1.277233	1.102062	0.973776	
35	0.242200	3	16	95.450532	100.000000	62.140976	7.797863	3.912018	2.621475	1.970043	1.593003	1.337093	1.159695	1.020038	

35	0.244762	4	1	98.861243	99.934540	58.685457	7.842053	4.440292	4.172591	4.453543	3.991068	3.630695	3.292183	2.962492	
35	0.245205	4	2	97.893994	99.984894	59.463651	7.545651	3.850390	2.639693	2.067125	1.814584	1.652926	1.576763	1.462583	
35	0.250309	4	4	96.095051	100.000000	62.532396	7.897593	4.013267	2.707642	2.079415	2.101465	1.598858	1.926679	2.064377	
35	0.246136	4	8	93.176207	100.000000	66.750427	8.437015	4.246488	2.852097	2.154019	1.786804	1.505104	1.432378	1.304788	
35	0.247890	4	16	88.860503	100.000000	74.332465	9.348697	4.714761	3.163556	2.396490	1.979012	1.655734	1.432676	1.299330	

35	0.245720	5	1	97.130286	99.989929	62.756164	8.431396	4.981326	4.767384	5.026819	4.739735	4.556085	4.032908	4.101721	
35	0.246765	5	2	94.754330	100.000000	66.192661	8.562992	4.574504	3.386821	3.122278	3.250370	3.245246	2.959362	2.854885	
35	0.245646	5	4	90.679935	100.000000	73.268090	9.376861	4.802486	3.275121	2.589740	3.082968	2.539367	2.860010	2.639690	
35	0.249888	5	8	84.642598	100.000000	83.020544	10.507026	5.322657	3.593073	2.741946	2.461769	2.722074	2.527653	3.152460	
35	0.246394	5	16	76.786843	100.000000	95.567676	12.002841	6.062881	4.072035	3.081488	2.562951	2.159688	1.885048	1.784991	

40	0.543221	1	1	99.955983	83.276260	62.253210	8.111958	4.978245	5.009260	5.265676	4.172263	3.782712	3.317828	2.879712	
40	0.243961	1	1	99.955983	83.276260	62.653420	8.144915	4.267295	3.428783	3.521896	2.874132	2.529449	2.121206	1.855073	
40	0.242972	1	2	99.919200	91.142105	61.248987	7.661725	3.857394	2.749824	2.341251	2.356679	1.506768	1.777387	1.452357	
40	0.246192	1	4	99.852743	95.946213	60.971684	7.642929	3.827908	2.562177	1.929683	1.599491	1.321922	1.140558	1.016023	
40	0.247719	1	8	99.729434	98.408699	60.327878	7.547314	3.786418	2.525439	2.085152	1.590661	1.299409	1.120393	1.002928	
40	0.250381	1	16	99.504865	99.425926	60.663756	7.636293	3.844912	2.574606	1.968113	1.593280	1.321409	1.136518	0.996102	

40	0.244972	2	1	99.860518	97.608017	63.147200	8.413658	4.286071	3.406459	3.460028	2.973322	2.657797	2.231103	1.913659	
40	0.245383	2	2	99.739366	99.133850	61.505010	7.711252	3.897562	2.676035	1.994589	1.730498	1.633458	1.589466	1.134126	
40	0.243995	2	4	99.516218	99.798569	61.856805	7.738888	3.885090	2.591905	1.956820	1.634459	1.365258	1.155145	1.065551	
40	0.245873	2	8	99.115160	99.974823	61.547632	7.700245	3.859617	2.579141	1.945359	1.596214	1.363076	1.155117	1.015997	
40	0.247872	2	16	98.412070	100.000000	62.941570	7.878013	3.948172	2.637100	1.987958	1.621270	1.349878	1.165888	1.027457	

40	0.243776	3	1	99.589303	99.758286	63.837966	8.406179	5.387344	5.794693	6.308536	5.620824	4.865721	4.087867	3.614967	
40	0.245982	3	2	99.227639	99.939575	62.703327	7.924093	4.027944	2.788768	2.145588	2.470655	1.859695	1.787418	1.497803	
40	0.245223	3	4	98.567067	99.989929	63.497947	7.981616	4.010035	2.683343	2.022602	1.655388	1.415656	1.215390	1.061162	
40	0.250755	3	8	97.402081	99.994965	65.256102	8.185955	4.107528	2.746534	2.072120	1.711665	1.424106	1.230548	1.099445	
40	0.248316	3	16	95.503689	100.000000	68.160903	8.544970	4.294203	2.870399	2.162831	1.805281	2.070340	1.280882	1.128247	

40	0.249076	4	1	98.875069	99.939575	64.881751	9.001521	5.546421	5.742978	5.705626	5.181812	4.322203	3.909551	3.486304	
40	0.245054	4	2	97.904406	100.000000	65.524836	8.268776	4.268112	2.884971	2.322885	2.469755	1.920966	1.970023	1.645904	
40	0.246881	4	4	96.112080	100.000000	68.757813	8.669841	4.383323	2.949167	2.223980	1.905481	1.686766	1.486770	1.578700	
40	0.241977	4	8	93.212099	100.000000	72.689134	9.177522	4.618963	3.097927	2.348565	1.930978	1.641983	1.526624	1.524302	
40	0.245737	4	16	88.953617	100.000000	79.886013	10.020341	5.045010	3.380042	2.549865	2.078018	1.749007	1.527438	1.341003	

40	0.244558	5	1	97.151212	99.994965	69.232913	9.664074	6.634083	7.810872	7.608629	7.019514	6.222517	5.912760	5.399933	
40	0.244268	5	2	94.759053	100.000000	72.471545	9.279106	4.874065	3.399199	2.922204	3.513879	3.236423	3.113185	3.064504	
40	0.245903	5	4	90.686619	100.000000	79.700383	10.139078	5.210586	3.555115	2.797219	3.383225	3.127944	3.290199	2.587428	
40	0.242989	5	8	84.676502	100.000000	88.655555	11.344705	5.755237	3.905519	3.034588	2.756850	3.452127	2.972506	3.948980	
40	0.245886	5	16	76.921065	100.000000	101.311229	12.702872	6.410567	4.299668	3.257508	2.674548	2.258770	2.009823	1.812558	

45	0.559200	1	1	99.956824	85.416451	68.916467	9.015155	5.382855	5.253357	5.615123	4.768378	3.952672	3.631476	3.274055	
45	0.263154	1	1	99.956824	85.416451	69.683260	9.270876	6.921632	7.587700	8.143777	6.629894	5.843922	4.975605	4.431761	
45	0.268224	1	2	99.920420	92.990234	67.586036	8.511195	4.930574	3.655020	3.781803	3.774206	2.412891	2.356547	2.537225	
45	0.264931	1	4	99.854731	96.892944	67.240663	8.406648	4.217102	2.817557	2.130299	1.901920	1.501946	1.335433	1.268036	
45	0.266351	1	8	99.732374	98.826668	66.535577	8.344669	4.180569	2.793354	2.114882	1.718263	1.432031	1.236302	1.105345	
45	0.268237	1	16	99.509678	99.637428	67.100571	8.395847	4.216934	2.811616	2.126080	1.728486	1.434661	1.238157	1.094093	

45	0.266640	2	1	99.863672	98.262665	69.684256	9.323378	6.524440	7.014991	8.105798	6.535511	5.669878	5.010921	4.369424	
45	0.266699	2	2	99.743887	99.486351	68.236047	8.640272	4.853470	3.441759	4.078153	3.029644	3.090730	2.799346	2.550035	
45	0.263751	2	4	99.523639	99.909363	68.095720	8.538285	4.279513	2.861567	2.161294	1.813676	1.464898	1.270098	1.129517	
45	0.264764	2	8	99.125413	99.984894	67.775695	8.490560	4.268892	2.844198	2.147671	1.748339	1.469438	1.263467	1.128794	
45	0.262906	2	16	98.427558	100.000000	69.143052	8.653296	4.339131	2.901470	2.183949	1.778351	1.485163	1.275450	1.124310	

45	0.266436	3	1	99.596439	99.864037	74.720237	9.520057	7.465516	7.913676	7.971478	6.818996	5.577996	5.127529	4.552776	
45	0.264674	3	2	99.237250	99.979858	69.131752	8.726582	4.533552	3.324137	2.777678	2.627903	2.737467	2.041157	2.294841	
45	0.263415	3	4	98.582471	99.994965	69.808904	8.779830	4.410065	2.951734	2.232691	1.858831	1.562538	1.445542	1.273054	
45	0.269995	3	8	97.421425	99.994965	71.776659	9.006334	4.520409	3.027710	2.282435	2.014470	1.576828	1.383403	1.288262	
45	0.268001	3	16	95.530952	100.000000	74.269520	9.327474	4.687488	3.133924	2.359558	2.711009	1.606082	1.389571	1.223554	

45	0.265552	4	1	98.888822	99.969788	71.547106	9.801051	6.765670	7.020291	7.051011	5.912266	5.313671	4.756848	4.302303	
45	0.261670	4	2	97.920066	100.000000	72.149065	9.161097	4.713477	3.343680	2.781577	2.523476	2.777098	2.792660	2.077082	
45	0.264483	4	4	96.136422	100.000000	75.143267	9.477992	4.797007	3.227126	2.482334	2.320988	2.535796	2.697025	2.961202	
45	0.265436	4	8	93.238118	100.000000	79.325575	9.990435	5.036047	3.381793	2.563936	2.108287	1.784531	1.814327	1.540059	
45	0.266797	4	16	88.992957	100.000000	86.343510	10.857163	5.481849	3.676111	2.780313	2.287186	1.920992	1.673974	1.512622	

45	0.262781	5	1	97.174549	100.000000	75.975595	11.299145	7.822901	8.968407	9.483089	8.011767	7.414563	6.555562	6.423451	
45	0.263348	5	2	94.789939	100.000000	79.047114	10.261151	5.789129	4.696117	4.689019	4.708550	4.287339	4.289113	3.831984	
45	0.264433	5	4	90.727116	100.000000	86.109770	11.000289	5.650406	3.908437	3.749839	3.199024	4.028897	3.815218	4.274718	
45	0.269460	5	8	84.703898	100.000000	95.555886	12.122335	6.155408	4.177508	3.250998	3.464975	3.782309	4.345885	3.193008	
45	0.263543	5	16	76.977188	100.000000	107.312009	13.441848	6.777083	4.539047	3.440441	2.839342	2.366695	2.075566	1.859459	

50	0.562880	1	1	99.957657	87.531471	75.993082	10.012337	5.633056	5.972577	6.332494	5.204082	4.337689	3.696970	3.411401	
50	0.283247	1	1	99.957657	87.531471	75.510352	10.243766	7.492883	8.418505	7.966289	6.779842	5.716358	5.110248	4.443820	
50	0.279522	1	2	99.921799	94.183708	73.836537	9.250307	5.780156	5.015269	4.967723	3.760306	3.477461	3.513889	2.385093	
50	0.279788	1	4	99.856878	97.738945	73.012490	9.154295	4.585226	3.079046	2.439984	2.272252	2.599748	2.617573	1.938902	
50	0.278201	1	8	99.735731	99.194283	72.306819	9.067042	4.541076	3.032986	2.285915	1.866777	1.561068	1.370113	1.194106	
50	0.279716	1	16	99.513781	99.718002	72.760209	9.125313	4.572822	3.055028	2.304413	1.863235	1.566547	1.346022	1.184778	

50	0.281458	2	1	99.866618	98.801491	76.209679	10.187225	6.795798	9.158433	8.355600	7.791859	5.649954	5.285661	4.701722	
50	0.277462	2	2	99.748767	99.702888	74.267360	9.288471	4.907804	3.517435	3.466187	3.156182	2.908082	2.999969	2.509512	
50	0.275977	2	4	99.531274	99.939575	74.096670	9.293948	4.657421	3.122781	2.354083	2.001095	1.641237	1.474304	1.307553	
50	0.277936	2	8	99.136310	99.989929	73.498723	9.226776	4.622039	3.087994	2.350373	1.908810	1.587340	1.382239	1.211764	
50	0.277929	2	16	98.438666	100.000000	75.059746	9.395931	4.713737	3.152549	2.375927	1.933300	1.846340	1.398931	1.227346	

50	0.282412	3	1	99.603905	99.919426	76.429061	10.457093	7.408924	7.977092	8.369898	7.309811	6.079770	5.360099	4.644650	
50	0.280427	3	2	99.250419	99.989929	75.821564	9.625760	5.907153	4.583425	5.702059	5.439130	4.334302	4.260297	4.410863	
50	0.281165	3	4	98.601199	99.994965	75.950697	9.540196	4.796076	3.223180	2.852870	2.648451	2.269327	1.966173	2.465483	
50	0.280815	3	8	97.445614	99.994965	77.533223	9.728123	4.891718	3.272405	2.462356	3.018698	1.693104	1.592646	1.455382	
50	0.277298	3	16	95.548268	100.000000	80.070710	10.046484	5.039466	3.371282	2.539454	2.060467	1.718764	1.487036	1.308611	

50	0.278923	4	1	98.904998	99.989929	78.596875	11.765449	7.235876	8.540291	8.576894	7.997110	6.596486	6.033534	5.186492	
50	0.275209	4	2	97.948833	100.000000	78.176922	9.974556	6.255866	5.634192	5.047412	5.112531	4.636351	4.592763	3.662781	
50	0.278049	4	4	96.177920	100.000000	81.207404	10.275473	5.205506	3.866296	2.751179	2.812972	2.670657	2.882583	2.477562	
50	0.278424	4	8	93.285961	100.000000	85.360385	10.775034	5.424786	3.643321	2.750752	2.283906	1.951098	1.809957	1.641398	
50	0.282746	4	16	89.011977	100.000000	92.404737	11.612652	5.850868	3.922808	3.014418	2.441053	2.055109	1.783063	1.664322	

50	0.281517	5	1	97.212797	100.000000	81.891909	11.605228	8.358243	8.981763	9.442770	7.835685	6.929432	6.051548	5.434086	
50	0.278592	5	2	94.851974	100.000000	85.737673	11.487076	6.354531	6.018305	5.684924	5.662903	5.265168	5.059965	4.413519	
50	0.280722	5	4	90.811401	100.000000	91.809693	11.845368	6.251011	4.615666	4.078324	5.784357	5.580728	5.729728	5.342814	
50	0.280189	5	8	84.784659	100.000000	101.669403	12.902545	6.553337	4.447374	3.430575	3.581447	3.981652	4.842436	4.520102	
50	0.278486	5	16	76.990673	100.000000	113.855906	14.342113	7.282000	4.904698	3.753892	3.285556	2.935531	3.169137	2.870855	

55	0.587257	1	1	99.957906	89.067375	82.406385	11.431382	8.506024	9.262741	9.142757	8.051651	6.837282	5.721008	5.209711	
55	0.298931	1	1	99.957906	89.067375	82.160925	12.322250	9.622115	10.102044	10.190249	8.411828	7.503821	6.179242	4.977227	
55	0.296616	1	2	99.922337	95.185822	80.177640	10.067341	5.406092	3.638447	3.541954	3.224036	3.314480	2.154844	2.760051	
55	0.298740	1	4	99.857950	98.136772	79.812601	9.984750	5.008264	3.433278	3.013555	2.447537	1.823924	2.952482	2.242276	
55	0.294792	1	8	99.737396	99.370537	78.881968	9.857868	4.951273	3.303206	2.487051	2.046076	1.692952	1.472707	1.320961	
55	0.292490	1	16	99.516002	99.803604	79.287552	9.929718	4.974020	3.322552	2.500665	2.034111	1.704064	1.457766	1.281636	

55	0.295881	2	1	99.866930	99.078461	82.676764	13.047124	10.568296	12.378818	11.989453	9.728124	8.660065	7.769807	6.368440	
55	0.296983	2	2	99.749930	99.773392	81.326359	10.671023	5.833043	4.258963	5.473707	5.094728	4.200535	3.770680	3.782462	
55	0.291474	2	4	99.533681	99.944611	80.549003	10.102505	5.063081	3.387694	2.552269	2.656089	2.200964	2.368107	2.339159	
55	0.293870	2	8	99.140965	99.994965	79.843210	10.017313	5.017287	3.350617	2.522522	2.074242	1.749143	1.546472	1.318061	
55	0.294530	2	16	98.444831	100.000000	81.333359	10.181010	5.104369	3.414750	2.570498	2.113457	1.747425	1.509978	1.329742	

55	0.302282	3	1	99.602296	99.939575	83.598468	11.878616	8.884356	10.759180	9.496859	8.104821	6.998238	6.089687	5.616526	
55	0.292655	3	2	99.250678	99.994965	82.117620	10.328659	6.971572	4.645295	6.255093	6.335555	5.516250	4.117875	4.735933	
55	0.294627	3	4	98.604693	100.000000	82.564942	10.377552	5.212622	3.498924	2.670638	3.355882	2.549944	2.591203	1.854580	
55	0.300483	3	8	97.453882	100.000000	83.985420	10.551078	5.293743	3.544463	2.875793	2.320008	1.910351	1.648423	1.735532	
55	0.295300	3	16	95.557049	100.000000	86.453383	10.844621	5.448766	3.641183	2.747822	2.223720	1.859870	1.613591	1.421190	

55	0.294798	4	1	98.893360	99.994965	85.070928	11.695813	7.606757	7.965593	8.685661	7.583974	6.299248	5.256158	5.135736	
55	0.294786	4	2	97.942260	100.000000	85.208248	10.767070	5.980496	4.533781	4.986421	4.621503	4.575428	3.823118	3.602905	
55	0.295879	4	4	96.179350	100.000000	87.655741	11.053929	5.590575	3.773208	2.959480	3.119516	3.429522	3.146887	3.742992	
55	0.298071	4	8	93.295981	100.000000	92.003591	11.647569	5.878815	3.957812	3.004206	2.501847	2.834760	2.856358	2.778741	
55	0.293768	4	16	89.017055	100.000000	98.207172	12.352043	6.218578	4.167929	3.155741	2.586521	2.163206	1.891344	1.691860	

55	0.295109	5	1	97.171708	100.000000	89.151813	13.944238	8.891930	10.095767	10.857218	8.412960	7.328217	7.420822	6.951105	
55	0.298583	5	2	94.827747	100.000000	92.886323	12.682227	7.838869	7.291174	7.926703	7.298402	6.456015	5.645265	6.196593	
55	0.297179	5	4	90.800888	100.000000	98.670227	12.710636	6.693627	4.795757	5.526013	5.513329	7.447420	5.980360	5.029481	
55	0.297163	5	8	84.787792	100.000000	108.201117	13.821366	7.044656	4.791921	3.848870	3.951233	5.230972	4.127139	4.589836	
55	0.293265	5	16	76.982738	100.000000	119.729727	15.035840	7.594668	5.107097	3.887277	3.551303	2.775826	2.559862	2.609853	

