=== AMD RBC sift

1	236	0.328154	32.576294	1.469306	0.195672	0.103040	0.071249	0.054128	0.043143	0.036436	0.032696	0.029259	
3	710	0.363352	70.158127	4.481910	0.597983	0.305733	0.208491	0.158221	0.129796	0.110718	0.101575	0.091938	
5	1183	0.726751	85.290565	7.553870	1.014209	0.515939	0.353549	0.270278	0.225154	0.196621	0.184897	0.171984	
7	1657	0.796860	91.947830	10.694119	1.433854	0.736983	0.501058	0.387963	0.326508	0.294175	0.278393	0.259415	
9	2131	1.223093	95.498039	13.919315	1.872340	0.959730	0.665699	0.520180	0.452000	0.412306	0.396201	0.371753	
11	2604	1.288199	97.044014	17.122521	2.319436	1.199989	0.830324	0.665910	0.591400	0.540177	0.539017	0.511504	
13	3078	1.670858	98.005844	20.387556	2.785133	1.443557	1.021680	0.843656	0.776781	0.723630	0.710982	0.683742	
15	3551	1.790023	98.887100	23.743234	3.264579	1.701914	1.200996	1.005961	0.943810	0.866684	0.844495	0.800193	
17	4025	3.002281	99.138885	27.117747	3.725517	1.929433	1.344479	1.111066	1.008337	0.943693	0.914995	0.882187	
19	4499	3.970891	99.400749	30.442810	4.229978	2.195079	1.554668	1.327352	1.218677	1.133280	1.093413	1.044803	
21	4972	4.535657	99.576996	33.824846	4.738778	2.486771	1.776976	1.529455	1.444077	1.344977	1.282680	1.239789	
23	5446	5.209425	99.712959	37.221018	5.107418	2.649658	1.851625	1.553578	1.438870	1.365957	1.336961	1.302905	
25	5919	5.903250	99.773392	45.771921	5.670656	2.957222	2.103966	1.803330	1.675644	1.583369	1.532458	1.491986	
27	6393	7.265264	99.853966	46.555650	6.221401	3.269066	2.361568	2.066812	1.988322	1.828839	1.741091	1.672045	
29	6867	8.283433	99.919426	50.364614	6.711294	3.610118	2.716489	2.416250	2.218359	2.096038	2.158248	2.071699	
31	7340	9.113963	99.924461	54.925448	7.254460	3.879740	2.937749	2.618361	2.520326	2.453784	2.368480	2.282074	
33	7814	9.987752	99.904320	54.381439	7.585336	3.985944	2.851645	2.476172	2.350971	2.241582	2.218185	2.155309	
35	8287	11.039692	99.944611	57.798868	8.163129	4.317712	3.162833	2.855609	2.724787	2.627920	2.518350	2.459739	
37	8761	12.259061	99.924461	61.272357	8.776626	4.759177	3.671360	3.285247	3.491284	3.049629	3.085496	2.893854	
39	9235	14.363181	99.974823	64.759628	9.316211	5.051153	3.886896	3.510790	3.336332	3.248131	3.096322	2.999768	
41	9708	14.835743	99.964752	74.167611	9.717479	5.159991	3.952509	3.521989	3.385897	3.241465	3.090813	3.004842	
43	10182	15.872570	99.984894	71.826888	10.258539	5.449333	4.067018	3.706985	3.622692	3.404931	3.312732	3.227386	
45	10655	16.493515	99.994965	75.282204	10.947317	5.887605	4.466205	4.060973	3.906471	3.620829	3.575995	3.415140	
47	11129	17.933037	99.989929	84.453357	11.447053	6.170834	4.755510	4.270030	4.139757	3.829107	3.797895	3.675612	
49	11603	20.339977	99.979858	82.339701	11.647357	6.151815	4.533491	4.102819	3.892859	3.732623	3.724059	3.613413	
51	12076	21.047562	99.984894	85.862085	12.342803	6.591366	4.985475	4.567457	4.423224	4.255011	4.147706	4.022145	
53	12550	22.529508	99.984894	105.115047	13.023107	7.217596	5.785355	5.260196	5.251002	4.983273	4.759873	4.609392	
55	13023	23.052678	99.984894	92.774943	13.613242	7.377702	5.735224	5.217878	4.940728	4.779170	4.582850	4.512270	
57	13497	25.421025	99.989929	96.584464	14.228764	7.712998	6.011207	5.499765	5.239395	5.015713	4.892299	4.729635	
59	13971	27.179354	99.989929	99.780164	14.456127	7.770021	5.938749	5.522608	5.356987	5.058910	4.955161	4.801929	
61	14444	28.808673	100.000000	113.992520	14.978975	8.037239	6.229362	5.735871	5.526653	5.316036	5.175297	5.063802	
63	14918	30.168150	99.984894	106.820479	15.768596	8.786402	7.063398	6.659098	6.194805	6.184082	6.062734	5.782553	
65	15391	31.284603	100.000000	110.576911	16.275541	8.762365	6.790696	6.217913	5.897106	5.671539	5.564417	5.458391	
67	15865	36.137436	99.994965	125.727508	16.931624	9.414004	7.586399	6.997490	6.721515	6.473980	6.193598	5.910037	
69	16339	34.456141	99.994965	127.160486	17.371151	9.532999	7.566706	6.857878	6.527398	6.048181	6.020748	5.882612	
71	16812	36.443393	99.994965	144.474557	18.080764	9.876214	7.796443	7.177045	6.774277	6.469055	6.390628	6.229624	
73	17286	37.800386	99.994965	135.127195	18.489678	10.036833	7.906754	7.265411	6.871095	6.399377	6.370452	6.222239	
75	17759	41.427134	99.984894	128.171301	19.006678	10.703802	8.795542	8.053612	8.649371	7.872692	7.405955	7.187477	
77	18233	44.609955	100.000000	131.812368	19.620860	11.057321	9.007145	8.006627	7.613233	7.474334	7.517475	7.419641	
79	18707	45.211893	100.000000	135.682517	19.877312	10.736129	8.430927	7.903778	7.772025	7.415004	7.116372	7.019666	
81	19180	46.191403	99.994965	153.256612	20.097879	10.787384	8.166366	7.484635	7.284333	6.996113	6.978597	6.832220	
83	19654	47.002006	99.989929	142.393804	20.626177	11.061361	8.430557	7.768911	7.461093	7.221489	7.187188	7.056706	
85	20127	47.288619	99.994965	146.138580	21.742397	11.738104	9.238644	8.386109	8.161613	7.808401	7.753308	7.636367	
87	20601	52.128339	99.994965	165.399864	22.008011	11.964765	9.457201	9.078643	9.089764	8.306318	8.086302	7.880388	
89	21075	51.904611	99.994965	170.795602	22.956295	12.971768	10.641761	9.918843	9.707451	8.942817	9.223602	8.931201	
91	21548	54.567517	99.994965	173.647066	23.514814	12.950598	10.557443	9.514369	9.350996	8.815605	8.533018	8.426973	
93	22022	54.574504	99.994965	192.908255	24.062304	13.291619	10.719681	9.728616	9.478818	8.853786	8.816643	8.584491	
95	22495	56.488653	99.994965	197.580445	24.534442	13.433582	10.794672	9.997315	9.452382	8.944158	8.769760	8.557916	
97	22969	62.627408	100.000000	167.589223	25.251351	14.207793	11.692313	10.928171	10.457764	10.086548	9.826946	9.390422	
99	23443	60.546985	99.994965	171.107981	25.821755	14.313867	11.563562	10.789931	10.203652	9.740080	9.510907	9.405962	
101	23916	65.629885	99.994965	194.102707	25.363630	13.647510	10.473334	9.700634	9.584689	9.052761	8.987209	8.847114	
103	24390	71.599123	99.989929	178.321053	25.862879	13.926832	10.733099	9.919110	9.576629	9.365889	9.254892	9.073956	
105	24863	69.882296	99.994965	202.138434	26.960934	14.679134	11.771383	11.311128	11.148962	10.266160	10.191701	9.964947	
107	25337	67.256696	99.994965	185.344735	27.913617	15.366298	12.373404	11.258624	10.759530	10.414012	10.250232	9.970640	
109	25811	71.329156	99.989929	206.198126	28.592181	16.138187	13.295114	12.315028	11.937685	11.964124	12.030310	11.147175	
111	26284	72.299865	99.994965	192.631312	29.169464	16.174262	13.151716	12.000066	11.913189	11.211869	10.972521	10.761503	
113	26758	71.289077	99.994965	195.748845	29.419220	16.007853	12.851180	11.693053	11.449167	11.077915	10.890923	10.695695	
115	27231	74.407260	99.994965	242.332171	30.117929	16.620401	13.412573	12.257493	11.774278	11.324183	10.992324	10.827915	
117	27705	83.472832	99.994965	203.242635	30.793948	17.427896	14.431612	13.532175	12.788883	12.585386	12.221543	11.748850	
119	28179	79.080534	99.994965	207.371046	31.571093	17.486296	14.283166	13.273879	12.726249	12.032131	11.867820	11.725903	
121	28652	82.874415	99.989929	230.358180	30.865257	16.713567	12.980870	12.051516	11.677756	11.316770	11.265894	11.063749	
123	29126	80.650327	100.000000	261.028367	32.609218	18.146115	14.782510	13.980812	13.230502	12.727526	12.507686	12.205475	
125	29599	84.562414	99.989929	241.940795	31.755787	17.180125	13.369500	12.374285	12.031652	11.636686	11.515836	11.388286	
127	30073	84.971710	99.994965	221.390885	33.691478	18.916330	15.443775	14.582956	13.291663	13.245850	13.006080	12.689806	
129	30547	92.980832	99.989929	250.163720	34.141396	19.520023	16.379148	15.303499	14.869145	13.823852	13.473095	13.110638	
131	31020	92.699255	99.994965	276.814954	33.383614	18.061628	14.079298	13.152749	12.697567	12.343174	12.212601	12.036355	
133	31494	98.650840	99.994965	283.661386	35.280302	20.275965	17.070250	15.790635	15.315090	14.109850	14.516206	13.605064	
135	31967	91.946976	99.994965	235.903416	35.820519	19.768238	16.107429	14.802388	14.656652	13.701343	13.400498	13.209023	
137	32441	169.318599	99.994965	290.601049	35.057912	19.007496	14.859428	13.780435	13.440734	13.030091	12.945184	12.694257	
139	32915	96.310519	100.000000	294.399735	36.979347	20.891439	17.409283	16.288988	15.866787	15.382692	15.086987	14.146376	
141	33388	91.050403	99.994965	246.189442	37.698876	21.678738	18.282587	17.114624	16.480688	15.799386	15.419766	15.529912	
143	33862	100.024700	99.994965	278.937263	38.043141	21.942051	18.551243	17.258268	16.856122	16.099619	15.419588	14.907025	
145	34335	94.692263	99.994965	310.163108	38.884811	21.734956	17.874420	16.489218	16.132487	15.150843	15.043515	14.635316	
147	34809	96.686928	99.989929	315.706667	39.448981	22.051927	18.190939	17.322055	16.283532	15.538490	15.502696	15.103151	
149	35283	99.949730	99.989929	260.599313	39.899005	22.320166	18.365678	17.013425	16.413821	15.385434	15.541071	15.196114	
151	35756	95.980047	100.000000	264.687447	40.042713	21.926540	17.808732	16.406007	15.800210	15.255632	15.259795	14.949161	
153	36230	101.077343	100.000000	268.778656	41.270848	23.166243	19.190985	17.604044	17.459493	16.639128	16.135434	15.918262	
155	36703	103.165839	99.994965	272.186070	40.089456	21.868219	17.335933	16.285494	15.765628	15.339539	15.194509	15.023641	
157	37177	102.586711	99.994965	311.271185	42.013052	23.363421	19.185473	17.491419	17.198216	16.136433	16.167175	15.850882	
159	37651	107.735201	99.989929	313.772191	41.342643	22.462568	17.792667	16.691390	16.243149	15.649708	15.625134	15.344782	
161	38124	103.442204	99.994965	315.632766	42.854462	23.442193	19.029246	17.472881	17.288366	16.307591	16.285491	16.120671	
163	38598	106.848335	99.994965	286.535742	43.858854	24.671222	20.460503	18.559510	17.620922	17.209859	17.016682	17.015039	
165	39071	108.879201	99.994965	317.736012	43.323429	23.943940	19.745219	19.852653	18.982033	17.765154	16.720415	16.841950	
167	39545	118.599982	100.000000	328.273725	44.956215	25.942512	21.991000	20.219581	19.723142	18.713916	18.469244	17.724168	
169	40019	120.815412	99.994965	296.702556	45.649047	25.608470	21.232981	20.128368	19.551360	18.422813	17.907083	17.545632	
171	40492	117.779251	99.994965	371.791611	45.006003	24.905878	20.505561	19.619971	19.593483	17.952326	17.961709	17.722603	
173	40966	111.414033	99.994965	339.719930	46.028096	25.285668	20.495191	18.819372	18.173550	17.797675	17.609685	17.094866	
175	41439	113.236155	99.994965	376.074499	47.226479	26.549361	22.137199	20.266721	18.952352	18.382120	18.434791	18.294178	
177	41913	112.677128	99.994965	311.788199	47.940158	27.003970	22.436393	21.101915	20.160411	19.306435	18.691361	18.863018	
179	42387	115.374208	99.994965	314.784912	48.562844	27.787617	23.420992	22.171484	21.152428	21.670062	21.930720	20.251675	
181	42860	116.033631	99.994965	358.090869	48.071271	26.522268	21.837543	20.620129	21.254860	19.552800	19.060514	18.931807	
183	43334	111.488692	99.994965	397.906712	49.307705	27.195262	22.382627	20.819775	19.974975	19.437490	19.632148	18.985401	
185	43807	116.161294	100.000000	366.060724	49.021081	27.062441	22.350661	21.452581	21.045417	19.837912	19.532907	19.105978	
187	44281	113.789201	99.994965	329.036894	50.132200	27.601589	22.604136	20.809293	20.141407	19.561082	19.452093	19.203771	
189	44755	115.828797	99.994965	333.224927	51.126371	28.580786	23.567966	22.090241	21.281323	19.861004	20.058393	19.699016	
191	45228	129.185143	99.994965	337.101177	52.124601	29.850688	25.142872	23.559016	22.626809	22.150689	21.358238	20.793888	
193	45702	117.243633	99.994965	382.033097	51.540918	28.457354	23.532409	22.290535	22.126796	21.012205	20.685353	20.370939	
195	46175	127.275487	99.994965	343.498409	53.014109	30.453257	25.825936	24.103354	23.688984	23.133453	22.202233	21.195234	
197	46649	115.484980	99.994965	347.779861	51.724285	28.263537	22.573510	21.118049	20.714548	20.049836	19.982584	19.638767	
199	47123	116.856175	99.994965	396.234919	52.439379	28.701870	23.002047	21.636635	21.007380	21.082457	20.576589	20.183783	
201	47596	119.526591	99.994965	440.680250	54.941789	31.511170	26.649231	24.918280	24.676029	23.863881	23.900511	23.362887	
203	48070	121.276072	99.994965	357.857663	55.416093	32.219447	27.223666	26.051983	24.664424	27.270934	24.275637	23.456829	
205	48543	117.485629	99.994965	361.119741	55.858085	32.501003	27.620514	25.687422	25.163960	25.180021	23.310557	23.875582	
207	49017	128.117049	99.994965	365.489047	56.547429	32.502074	27.577756	25.956110	25.099716	24.865444	23.920875	22.609380	
209	49491	116.036381	99.994965	368.426781	56.353353	31.115736	25.632082	23.532084	22.905558	22.488300	22.429028	21.853441	
211	49964	117.873995	99.994965	457.273335	57.411294	32.552466	27.280142	25.076956	23.769202	22.770558	22.503714	23.053368	
213	50438	116.576744	99.994965	377.163873	58.059965	32.865740	27.572266	25.489332	24.896367	23.344289	22.942765	23.249946	
215	50911	126.161390	99.994965	380.456703	58.969401	33.932228	28.812113	26.556798	25.746764	25.204902	24.464639	23.754938	
217	51385	113.088916	99.994965	382.928167	58.950812	32.520453	26.733571	24.848469	24.013671	23.410966	23.391063	22.857993	
219	51859	116.452556	99.994965	387.414761	59.614310	33.289032	27.736556	25.898586	24.871731	23.442585	23.742688	23.324730	
