=== AMD RBC digits

1	61	0.023849	49.805229	0.038161	0.007792	0.004738	0.003433	0.003194	0.002593	0.002256	0.002317	0.002446	
2	123	0.022730	81.441292	0.076243	0.016079	0.008563	0.005745	0.004712	0.003757	0.003528	0.003424	0.002604	
3	185	0.029318	93.461319	0.113329	0.020673	0.010872	0.007892	0.006343	0.005106	0.004650	0.003816	0.003293	
4	247	0.026538	97.412354	0.151358	0.026754	0.013533	0.010096	0.008000	0.006482	0.005628	0.005708	0.004346	
5	309	0.035069	98.608795	0.189468	0.030151	0.017409	0.012465	0.009688	0.008056	0.006743	0.005930	0.004723	
6	370	0.036051	98.942688	0.227202	0.039385	0.019623	0.014630	0.011319	0.009338	0.007434	0.006498	0.005409	
7	432	0.037791	99.443520	0.266936	0.042317	0.023296	0.016186	0.011779	0.009966	0.008360	0.007358	0.006210	
8	494	0.040732	99.248749	0.303347	0.044782	0.024690	0.018173	0.013405	0.011970	0.009399	0.008284	0.007009	
9	556	0.037423	99.415695	0.343700	0.051411	0.027333	0.021397	0.015412	0.010627	0.010534	0.009286	0.007533	
10	618	0.038583	99.443520	0.387959	0.059008	0.028695	0.021178	0.014988	0.013205	0.011762	0.010188	0.008368	
11	680	0.043201	99.554810	0.426276	0.060629	0.034574	0.026103	0.016821	0.013296	0.012750	0.011103	0.009151	
12	741	0.046077	99.610458	0.462685	0.068682	0.035642	0.026300	0.018352	0.015469	0.013716	0.012252	0.009991	
13	803	0.050348	99.332222	0.506191	0.072041	0.042936	0.029143	0.019627	0.015950	0.016222	0.015215	0.010539	
14	865	0.049478	99.499168	0.545584	0.077288	0.041536	0.029129	0.020950	0.019023	0.015693	0.015906	0.011326	
15	927	0.051964	99.443520	0.579286	0.082326	0.042856	0.031020	0.022190	0.017248	0.016799	0.017364	0.013604	
16	989	0.055709	99.554810	0.620191	0.086802	0.049981	0.033444	0.023849	0.018882	0.018000	0.015835	0.012792	
17	1051	0.076304	99.638283	0.665610	0.092237	0.048050	0.033474	0.027252	0.019916	0.018998	0.016448	0.013431	
18	1112	0.084094	99.582634	0.708970	0.095925	0.052932	0.033969	0.026685	0.021491	0.020170	0.017408	0.014444	
19	1174	0.083727	99.610458	0.741611	0.101371	0.057105	0.039341	0.028123	0.021543	0.021381	0.018613	0.014899	
20	1236	0.093571	99.499168	0.786189	0.107000	0.056960	0.040646	0.030083	0.022840	0.022071	0.019253	0.015896	
21	1298	0.096167	99.610458	0.826736	0.110712	0.058709	0.039869	0.030945	0.023647	0.023360	0.020291	0.017327	
22	1360	0.102562	99.638283	0.861828	0.116481	0.062463	0.043369	0.032337	0.025726	0.024236	0.021292	0.017277	
23	1422	0.101725	99.554810	0.903004	0.121416	0.064843	0.045290	0.033961	0.025657	0.025549	0.022097	0.019018	
24	1483	0.102368	99.638283	0.935700	0.125963	0.067317	0.046377	0.035158	0.026637	0.026414	0.022934	0.018624	
25	1545	0.107510	99.749580	0.977787	0.131219	0.070039	0.048786	0.036974	0.028049	0.027779	0.023967	0.019444	
26	1607	0.116452	99.749580	1.026135	0.137022	0.073126	0.048293	0.038111	0.028998	0.028761	0.027558	0.020291	
27	1669	0.117301	99.443520	1.058279	0.143704	0.075991	0.051934	0.039710	0.030121	0.029799	0.025800	0.020923	
28	1731	0.131534	99.666115	1.107606	0.148167	0.079076	0.052004	0.040726	0.031161	0.030999	0.026956	0.021768	
29	1793	0.130748	99.582634	1.139969	0.153199	0.081079	0.060732	0.042661	0.036968	0.050273	0.037078	0.022518	
30	1854	0.131343	99.582634	1.180395	0.157490	0.084859	0.055272	0.043922	0.033352	0.032988	0.028449	0.023126	
31	1916	0.136594	99.610458	1.229756	0.164693	0.087163	0.057920	0.046252	0.034657	0.034266	0.029663	0.023963	
32	1978	0.143075	99.526993	1.274231	0.168410	0.090434	0.059954	0.046958	0.035706	0.035348	0.030730	0.024770	
33	2040	0.147310	99.693939	1.311429	0.174207	0.093252	0.061278	0.048052	0.037597	0.036754	0.031938	0.026497	
34	2102	0.183669	99.582634	1.338175	0.179425	0.095216	0.063070	0.050064	0.038529	0.037893	0.032857	0.026107	
35	2164	0.184537	99.610458	1.393377	0.186557	0.097680	0.064768	0.052053	0.039847	0.039116	0.033259	0.026906	
36	2225	0.185917	99.471344	1.416398	0.188960	0.100845	0.065970	0.053432	0.041042	0.039818	0.034698	0.027605	
37	2287	0.195067	99.638283	1.464544	0.195400	0.104460	0.068057	0.054333	0.041391	0.040902	0.035125	0.028324	
38	2349	0.194684	99.554810	1.519101	0.204362	0.106787	0.074603	0.055570	0.043081	0.042441	0.036348	0.029714	
39	2411	0.202308	99.582634	1.539278	0.206856	0.110202	0.073027	0.057203	0.043603	0.043433	0.037245	0.030603	
40	2473	0.205443	99.526993	1.576595	0.209899	0.113217	0.074007	0.058407	0.045888	0.044691	0.038058	0.030894	
41	2535	0.219980	99.554810	1.630294	0.217149	0.121812	0.075596	0.060215	0.046821	0.045526	0.039109	0.031558	
42	2596	0.221638	99.554810	1.673295	0.220536	0.115024	0.077892	0.061720	0.046568	0.046583	0.039249	0.032545	
43	2658	0.231391	99.526993	1.719027	0.227811	0.125126	0.080323	0.062741	0.049055	0.047541	0.040942	0.033599	
44	2720	0.238535	99.526993	1.762174	0.234934	0.127846	0.080942	0.064750	0.050265	0.048819	0.042036	0.033951	
45	2782	0.257725	99.610458	1.788130	0.239744	0.132546	0.082944	0.066314	0.052421	0.050243	0.044780	0.034322	
46	2844	0.254019	99.582634	1.823206	0.245710	0.129972	0.084726	0.067029	0.053821	0.051392	0.043989	0.035145	
47	2906	0.271924	99.499168	1.860758	0.245233	0.129749	0.086603	0.069168	0.053668	0.052248	0.045453	0.036698	
48	2967	0.261689	99.499168	1.925203	0.254294	0.141876	0.089149	0.070963	0.054815	0.053540	0.045331	0.036662	
49	3029	0.276607	99.582634	1.942085	0.259992	0.136448	0.090557	0.072045	0.055790	0.054970	0.046568	0.037778	
50	3091	0.306895	99.554810	1.981352	0.264125	0.137884	0.093840	0.073896	0.056657	0.056308	0.048694	0.044876	
51	3153	0.321631	99.526993	2.035911	0.263619	0.146975	0.095615	0.075212	0.058992	0.057125	0.052862	0.053952	
52	3215	0.322035	99.582634	2.057920	0.275550	0.151917	0.097473	0.076295	0.061427	0.058541	0.050836	0.039978	
53	3277	0.332925	99.526993	2.100158	0.280878	0.146714	0.097234	0.077851	0.063078	0.059340	0.052679	0.046735	
54	3338	0.351132	99.526993	2.161473	0.286215	0.151791	0.101958	0.079681	0.061523	0.059714	0.052570	0.042709	
55	3400	0.349496	99.582634	2.182958	0.290302	0.159155	0.104822	0.080601	0.062347	0.061098	0.052478	0.042856	
56	3462	0.354417	99.499168	2.227033	0.296542	0.159030	0.105194	0.082402	0.063096	0.062715	0.054314	0.044347	
57	3524	0.361835	99.610458	2.262656	0.300605	0.165950	0.104961	0.084063	0.067037	0.063284	0.056036	0.045049	
58	3586	0.379632	99.554810	2.322022	0.308226	0.160694	0.108285	0.085321	0.071817	0.064285	0.055627	0.052611	
59	3647	0.373960	99.554810	2.342787	0.308895	0.165702	0.111059	0.086958	0.070348	0.065883	0.057920	0.046825	
60	3709	0.391662	99.554810	2.380421	0.315919	0.163802	0.118013	0.088828	0.071319	0.066735	0.058844	0.048641	
