=== AMD RBC har

1	85	0.170515	40.574051	0.637384	0.088644	0.046644	0.031563	0.025879	0.020596	0.016057	0.015748	0.013071	
2	171	0.196316	65.438179	1.280034	0.168593	0.087385	0.060602	0.046525	0.037847	0.030791	0.030356	0.024370	
3	257	0.175506	81.199051	1.924777	0.252456	0.129201	0.088294	0.070465	0.061970	0.050570	0.045236	0.035834	
4	342	0.171071	87.720787	2.564536	0.337481	0.174594	0.117307	0.092682	0.074834	0.061786	0.059982	0.048696	
5	428	0.176678	91.677986	3.219707	0.419635	0.214757	0.146875	0.112996	0.092303	0.076795	0.074972	0.058768	
6	514	0.183838	94.225540	3.867566	0.506880	0.258143	0.180237	0.137112	0.111934	0.096035	0.092124	0.076316	
7	600	0.195600	95.346466	4.510867	0.591503	0.309900	0.210923	0.162682	0.134562	0.115511	0.113073	0.094822	
8	685	0.195805	97.452446	5.160104	0.675048	0.354464	0.240956	0.189238	0.152900	0.133521	0.129675	0.112967	
9	771	0.200437	97.707199	5.820378	0.755005	0.391136	0.269751	0.204768	0.169132	0.142072	0.137859	0.114277	
10	857	0.205687	98.505440	6.473840	0.847580	0.442493	0.303550	0.236997	0.203710	0.177451	0.168760	0.146605	
11	943	0.210514	98.896065	7.132569	0.928887	0.486583	0.330190	0.253209	0.210849	0.176791	0.172317	0.151408	
12	1028	0.377946	99.184784	7.778671	1.010473	0.536031	0.363305	0.279415	0.233786	0.201398	0.195574	0.173922	
13	1114	0.378286	99.048912	8.434792	1.097284	0.577347	0.397987	0.304994	0.258212	0.226939	0.221090	0.192641	
14	1200	0.388833	99.609375	9.092991	1.184343	0.623357	0.426637	0.332349	0.289612	0.248877	0.242374	0.213996	
15	1286	0.404595	99.609375	9.760026	1.259633	0.661491	0.447891	0.340401	0.301981	0.240164	0.233208	0.196183	
16	1371	0.397788	99.762230	10.404999	1.354194	0.713364	0.496136	0.394671	0.344789	0.302052	0.296496	0.267839	
17	1457	0.408715	99.490486	11.054315	1.436546	0.751460	0.508876	0.394386	0.328612	0.285277	0.273939	0.248100	
18	1543	0.425005	99.949051	11.728851	1.525381	0.793714	0.547702	0.430715	0.367083	0.323508	0.309150	0.274586	
19	1629	0.432819	99.864128	12.565498	1.623663	0.845596	0.585212	0.463178	0.400257	0.356894	0.348591	0.314345	
20	1714	0.443164	99.847145	13.040284	1.698536	0.896082	0.627003	0.502380	0.436696	0.394483	0.384110	0.349293	
21	1800	0.455354	99.932060	13.697944	1.789500	0.943311	0.657769	0.530772	0.464351	0.417639	0.404669	0.376211	
22	1886	0.458387	99.932060	14.361004	1.877529	0.980233	0.672126	0.521129	0.443043	0.390304	0.374146	0.340944	
23	1972	0.471675	99.983017	15.035346	1.964547	1.021053	0.715760	0.561095	0.487177	0.433390	0.423935	0.377480	
24	2057	0.634329	99.983017	15.678728	2.041722	1.071570	0.753677	0.606122	0.521705	0.482117	0.463336	0.429404	
25	2143	0.650853	100.000000	16.384336	2.163552	1.132339	0.793080	0.633148	0.557022	0.499146	0.496999	0.458778	
26	2229	0.659887	99.966034	17.024234	2.246020	1.186629	0.830321	0.664189	0.576922	0.536012	0.504656	0.466318	
27	2315	0.664771	99.966034	17.682707	2.282628	1.193001	0.810799	0.619078	0.533200	0.451644	0.447468	0.388772	
28	2400	0.683014	100.000000	18.363471	2.428422	1.269942	0.893007	0.719838	0.634414	0.584997	0.573843	0.517760	
29	2486	0.690279	99.966034	18.969977	2.444294	1.282640	0.873893	0.681933	0.577224	0.494056	0.491506	0.439043	
30	2572	0.710213	99.983017	19.657076	2.541519	1.342816	0.922388	0.722813	0.626360	0.558766	0.570015	0.507538	
31	2658	0.721947	99.983017	20.277319	2.653247	1.411892	1.002880	0.843951	0.783870	0.698035	0.681445	0.636567	
32	2743	0.743376	100.000000	20.982845	2.696993	1.420752	0.968504	0.747674	0.635921	0.553850	0.552264	0.478789	
33	2829	0.745499	100.000000	21.654088	2.825606	1.491402	1.024973	0.823447	0.717536	0.638048	0.648480	0.590368	
34	2915	0.752541	99.983017	22.286913	2.939287	1.560427	1.092302	0.884333	0.793431	0.733365	0.713547	0.658591	
35	3001	0.759017	100.000000	22.944874	3.010479	1.601853	1.143786	0.949859	0.856124	0.775581	0.777238	0.681621	
36	3086	0.959025	100.000000	23.624397	3.102721	1.614431	1.116080	0.876250	0.761631	0.683547	0.674001	0.629935	
37	3172	1.003102	100.000000	24.331097	3.199831	1.683342	1.185550	0.962054	0.851824	0.783746	0.776555	0.719646	
38	3258	0.989585	100.000000	24.949062	3.291546	1.737011	1.226082	0.996165	0.918344	0.811602	0.840751	0.748801	
39	3344	0.999663	100.000000	25.644520	3.392431	1.800018	1.263018	1.030332	0.921153	0.851114	0.854279	0.788826	
40	3429	1.002176	100.000000	26.303640	3.401766	1.784754	1.215779	0.941135	0.817746	0.706423	0.724726	0.644070	
41	3515	1.037000	99.983017	26.961456	3.544034	1.887420	1.358614	1.122731	1.061945	0.954531	0.946213	0.851762	
42	3601	1.032488	99.983017	27.545675	3.619764	1.912791	1.377723	1.158381	1.049703	0.989535	0.944910	0.914717	
43	3686	1.094296	100.000000	28.230928	3.720613	1.970041	1.398464	1.129528	1.047909	0.948115	0.927108	0.825549	
44	3772	1.104793	100.000000	28.889220	3.787360	1.964546	1.366800	1.072776	0.952355	0.843092	0.827443	0.786617	
45	3858	1.231998	100.000000	29.553929	3.886718	2.025458	1.423876	1.148929	1.024027	0.923125	0.921651	0.844231	
46	3944	1.145564	100.000000	30.237709	3.967062	2.102690	1.470554	1.204140	1.096016	1.012263	0.975219	0.947982	
47	4029	1.202492	100.000000	30.895817	4.090963	2.155104	1.518241	1.235325	1.114278	1.026283	1.011525	0.922171	
48	4115	1.304150	100.000000	31.536693	4.063137	2.135521	1.450963	1.118307	0.989656	0.835683	0.825147	0.736443	
49	4201	1.386045	100.000000	32.212781	4.241245	2.238635	1.593207	1.309554	1.248370	1.096843	1.090400	0.973455	
50	4287	1.395354	100.000000	32.881241	4.304006	2.235634	1.554870	1.219487	1.068054	0.945205	0.916077	0.848573	
51	4372	1.462394	100.000000	33.518606	4.394217	2.290614	1.619243	1.294021	1.211095	1.062443	1.030891	0.921571	
52	4458	1.456333	100.000000	34.160225	4.500133	2.364689	1.674446	1.325954	1.228448	1.083033	1.101370	0.998320	
53	4544	1.481269	100.000000	34.865645	4.617000	2.424562	1.706248	1.377408	1.251771	1.119568	1.125466	1.031661	
54	4630	1.451823	100.000000	35.496306	4.589910	2.398324	1.630656	1.257466	1.091152	0.934739	0.914688	0.797779	
55	4715	1.485537	100.000000	36.138979	4.687967	2.460036	1.685166	1.324364	1.199145	1.061052	1.082055	0.960395	
56	4801	1.544072	100.000000	36.766919	4.827488	2.543988	1.819865	1.498769	1.386330	1.277161	1.237799	1.129178	
57	4887	1.571955	100.000000	37.415784	4.926575	2.594086	1.831454	1.490110	1.368595	1.233152	1.216861	1.127654	
58	4973	1.578759	100.000000	38.104723	4.984357	2.603119	1.798275	1.416045	1.248054	1.074746	1.073048	0.992387	
59	5058	1.606915	100.000000	38.795024	5.081831	2.629004	1.816257	1.420581	1.236618	1.108826	1.084557	0.967273	
60	5144	1.814090	100.000000	39.446655	5.178791	2.687199	1.901121	1.510036	1.322110	1.176716	1.197801	1.095144	
61	5230	1.903581	100.000000	40.130393	5.274215	2.782617	1.951296	1.556746	1.383045	1.216419	1.251798	1.172662	
62	5316	1.829439	100.000000	40.797000	5.388718	2.824629	1.986908	1.600625	1.478866	1.346792	1.318077	1.211456	
63	5401	1.850867	100.000000	41.336765	5.428906	2.866143	2.018529	1.644798	1.520233	1.370240	1.341475	1.237310	
64	5487	1.825011	100.000000	42.080542	5.514079	2.857711	1.967158	1.538405	1.393515	1.212680	1.192691	1.090566	
65	5573	1.851737	100.000000	42.787251	5.654374	2.969653	2.077276	1.671476	1.507803	1.415687	1.363415	1.244641	
66	5659	1.893653	100.000000	43.343935	5.583442	2.918340	1.983072	1.524083	1.300997	1.118260	1.114454	0.966496	
67	5744	1.914644	100.000000	43.967425	5.710647	2.986951	2.036755	1.578945	1.408337	1.257795	1.297753	1.126430	
68	5830	1.933960	100.000000	44.636193	5.845559	3.085207	2.173608	1.762623	1.674495	1.492448	1.456857	1.347570	
69	5916	1.986851	100.000000	45.306043	5.934407	3.122380	2.208064	1.790286	1.613674	1.460975	1.453634	1.359397	
70	6002	2.019948	100.000000	47.631223	5.995666	3.115083	2.159713	1.692011	1.458963	1.283357	1.228657	1.095290	
71	6087	1.961181	100.000000	46.653100	6.015269	3.143351	2.130334	1.630307	1.428266	1.201468	1.195741	1.009952	
72	6173	2.133579	100.000000	47.208855	6.130017	3.221325	2.199715	1.741385	1.554423	1.364866	1.431150	1.237777	
73	6259	2.182477	100.000000	47.936526	6.273161	3.301838	2.348101	2.009194	1.743609	1.635206	1.561934	1.431059	
74	6345	2.204448	100.000000	48.654418	6.369774	3.348635	2.354104	1.905845	1.763262	1.577026	1.531656	1.371409	
75	6430	2.215995	100.000000	49.180645	6.423695	3.404288	2.415935	1.995465	1.843359	1.624106	1.587410	1.411293	
76	6516	2.233038	100.000000	49.961047	6.560859	3.409240	2.369622	1.842722	1.603545	1.464882	1.406345	1.302472	
77	6602	2.283689	100.000000	50.603219	6.618448	3.433997	2.416147	1.896969	1.689022	1.523250	1.546966	1.359674	
78	6688	2.253621	100.000000	51.213107	6.742881	3.524831	2.467445	1.958314	1.731309	1.613394	1.577918	1.464244	
79	6773	2.309252	100.000000	51.967480	6.857245	3.614780	2.522493	2.027371	1.827315	1.686675	1.635323	1.485868	
80	6859	2.331747	100.000000	52.487183	6.863350	3.550638	2.445122	1.910394	1.802918	1.452483	1.403112	1.235595	
