=== AMD RBC har

1	85	0.166502	38.875679	0.636954	0.087675	0.045282	0.031401	0.026048	0.019253	0.016175	0.015736	0.013037	
2	171	0.174556	67.798912	1.283858	0.172452	0.092841	0.060445	0.046315	0.037825	0.030717	0.030336	0.024120	
3	257	0.171205	81.199051	1.929687	0.251359	0.131277	0.090740	0.070619	0.055710	0.046004	0.045158	0.036413	
4	342	0.175019	88.383148	2.567389	0.337728	0.171607	0.117014	0.092633	0.074617	0.062232	0.060437	0.048834	
5	428	0.181007	91.949730	3.215363	0.422277	0.216117	0.147131	0.113317	0.094029	0.077638	0.076812	0.061520	
6	514	0.182719	93.868889	3.864226	0.508132	0.266382	0.180836	0.138085	0.114245	0.097212	0.094725	0.084399	
7	600	0.191829	95.737091	4.519206	0.590566	0.305105	0.209734	0.159621	0.131072	0.110726	0.107546	0.086858	
8	685	0.197340	97.146736	5.167221	0.674632	0.355698	0.237974	0.183861	0.151369	0.130560	0.123496	0.105696	
9	771	0.200014	97.860054	5.820317	0.758197	0.404194	0.270084	0.207468	0.174899	0.148564	0.142358	0.121199	
10	857	0.204837	98.709236	6.483353	0.850103	0.444170	0.305595	0.235553	0.198813	0.174563	0.164975	0.146309	
11	943	0.209852	99.167801	7.134992	0.921889	0.489538	0.326880	0.250139	0.206617	0.174855	0.170151	0.144313	
12	1028	0.374737	99.235733	7.781046	1.007567	0.533982	0.360203	0.277823	0.233165	0.197796	0.197154	0.166278	
13	1114	0.381242	99.337639	8.438842	1.098133	0.572858	0.396685	0.312131	0.272664	0.245242	0.234486	0.206265	
14	1200	0.400496	99.405571	9.100673	1.189938	0.621643	0.430784	0.339822	0.293530	0.258819	0.254143	0.228225	
15	1286	0.398619	99.643341	9.740737	1.268329	0.660087	0.447569	0.349191	0.287529	0.249559	0.237889	0.206861	
16	1371	0.403634	99.796196	10.403645	1.346474	0.707336	0.491273	0.381284	0.322302	0.288549	0.274247	0.246813	
17	1457	0.411262	99.677315	11.065511	1.434261	0.755011	0.523664	0.408810	0.346898	0.308217	0.298485	0.271085	
18	1543	0.420189	99.830162	11.740094	1.537135	0.806364	0.557340	0.438380	0.382462	0.337273	0.333690	0.305102	
19	1629	0.430002	99.847145	12.387117	1.603046	0.833902	0.564949	0.432524	0.363617	0.306239	0.301206	0.261032	
20	1714	0.442111	99.779213	13.046886	1.694408	0.888529	0.604368	0.467137	0.401005	0.352468	0.351137	0.308280	
21	1800	0.449911	99.898102	13.711025	1.785836	0.939501	0.665038	0.533277	0.473073	0.445781	0.418041	0.384890	
22	1886	0.456190	99.966034	14.369690	1.868049	0.970614	0.660029	0.505912	0.430100	0.361722	0.356797	0.306752	
23	1972	0.465976	99.966034	15.028303	1.961677	1.035486	0.728831	0.593642	0.524738	0.483406	0.473512	0.419798	
24	2057	0.628999	99.915085	15.673475	2.041937	1.079998	0.763614	0.611675	0.547267	0.490365	0.485262	0.438495	
25	2143	0.649819	99.949051	16.348669	2.117859	1.112536	0.760657	0.593852	0.525185	0.456509	0.455240	0.416787	
26	2229	0.659635	99.966034	17.001437	2.214270	1.171666	0.825974	0.673861	0.603457	0.546093	0.543546	0.485133	
27	2315	0.674480	99.983017	17.681528	2.309546	1.222868	0.868465	0.709820	0.650779	0.574284	0.570694	0.501542	
28	2400	0.680666	100.000000	18.330090	2.392380	1.251205	0.857412	0.666104	0.575980	0.512774	0.493293	0.446958	
29	2486	0.694708	99.983017	19.016938	2.500962	1.302769	0.909009	0.731859	0.651019	0.576884	0.589462	0.526472	
30	2572	0.705687	99.983017	19.656358	2.571413	1.363734	0.948108	0.769540	0.696755	0.603326	0.618409	0.569813	
31	2658	0.729865	100.000000	20.352867	2.688019	1.413248	0.995012	0.797078	0.709537	0.651865	0.637341	0.582385	
32	2743	0.729571	99.983017	20.996289	2.707075	1.422214	0.964406	0.746554	0.638412	0.554340	0.553152	0.485518	
33	2829	0.740401	99.983017	21.659649	2.821449	1.490948	1.023792	0.803744	0.720203	0.640629	0.657805	0.583362	
34	2915	0.760639	99.983017	22.281386	2.917303	1.555102	1.115803	0.933849	0.880068	0.788909	0.763755	0.705465	
35	3001	0.761373	100.000000	22.927687	2.996517	1.603643	1.139414	0.937697	0.866622	0.786306	0.775004	0.686437	
36	3086	0.942104	100.000000	23.626418	3.103776	1.620080	1.124917	0.883464	0.777301	0.686596	0.690326	0.625326	
37	3172	0.992309	100.000000	24.319256	3.201259	1.690228	1.177310	0.952627	0.855865	0.759099	0.750099	0.678076	
38	3258	0.978625	100.000000	24.957590	3.302783	1.741408	1.223642	0.994822	0.885951	0.828496	0.842369	0.750851	
39	3344	1.012950	100.000000	25.632621	3.390158	1.788252	1.254200	1.011495	0.958087	0.856993	0.816515	0.773899	
40	3429	1.008264	100.000000	26.286053	3.393708	1.781078	1.213283	0.938917	0.816812	0.715532	0.709504	0.640755	
41	3515	1.018739	100.000000	26.899415	3.514095	1.851880	1.271688	0.997074	0.880314	0.808314	0.829562	0.743127	
42	3601	1.033406	100.000000	27.573994	3.628163	1.928081	1.394900	1.190543	1.102046	0.998011	0.972984	0.899950	
43	3686	1.059255	100.000000	28.224309	3.692602	1.929977	1.329529	1.052719	0.910716	0.821200	0.800671	0.746731	
44	3772	1.239085	100.000000	28.924645	3.797983	1.985777	1.406225	1.126306	1.036976	0.937132	0.854122	0.806798	
45	3858	1.121066	100.000000	29.571014	3.885034	2.062400	1.440091	1.164589	1.029407	0.929144	0.972664	0.888527	
46	3944	1.154527	100.000000	30.274090	4.016764	2.112642	1.478236	1.209692	1.103372	1.017416	1.036189	0.909883	
47	4029	1.122387	100.000000	30.852043	3.972300	2.090233	1.421489	1.095658	0.942417	0.813778	0.819820	0.725806	
48	4115	1.319312	100.000000	31.566289	4.103602	2.153354	1.484946	1.163210	1.041017	0.951757	0.970633	0.861789	
49	4201	1.341356	100.000000	32.159439	4.233862	2.228177	1.590547	1.315962	1.224001	1.086506	1.127721	0.981435	
50	4287	1.371834	100.000000	32.883634	4.316516	2.281933	1.613432	1.347281	1.227510	1.097231	1.080262	0.968598	
51	4372	1.436325	100.000000	33.558575	4.411332	2.292012	1.572383	1.249183	1.114214	0.982785	0.951458	0.889455	
52	4458	1.478523	100.000000	34.200048	4.499580	2.334118	1.656276	1.316306	1.203369	1.067104	1.039308	0.924704	
53	4544	1.484014	100.000000	34.852882	4.573714	2.408601	1.692649	1.363686	1.237324	1.135129	1.088761	0.979148	
54	4630	1.486103	100.000000	35.531158	4.699430	2.493001	1.741702	1.415139	1.336352	1.160927	1.155637	1.091087	
55	4715	1.509862	100.000000	36.174429	4.691632	2.444537	1.665038	1.277645	1.110326	0.944260	0.940189	0.815084	
56	4801	1.560472	100.000000	36.778144	4.820288	2.548126	1.808156	1.514564	1.377497	1.265015	1.260370	1.130937	
57	4887	1.565625	100.000000	37.433942	4.924368	2.580890	1.831597	1.516315	1.409816	1.253123	1.218552	1.070903	
58	4973	1.597222	100.000000	38.069804	4.999728	2.591400	1.832223	1.448276	1.351977	1.185101	1.132366	1.048936	
59	5058	1.674945	100.000000	38.748452	5.087584	2.669136	1.851503	1.498188	1.316645	1.227266	1.178481	1.142425	
60	5144	1.753325	100.000000	39.436080	5.211549	2.734668	1.943020	1.562001	1.463584	1.293981	1.291984	1.193920	
61	5230	1.830934	100.000000	40.086252	5.312236	2.791327	1.975754	1.569143	1.425608	1.321647	1.310114	1.179842	
62	5316	1.780962	100.000000	40.755146	5.262219	2.752431	1.867194	1.440045	1.264035	1.065783	1.046490	0.897601	
63	5401	1.851123	100.000000	41.388672	5.352994	2.805225	1.916139	1.499620	1.458878	1.192656	1.161670	1.060309	
64	5487	1.830352	100.000000	42.001409	5.524196	2.897277	2.045662	1.655199	1.522065	1.373652	1.366747	1.208654	
65	5573	1.837524	100.000000	42.646578	5.588075	2.897191	1.993146	1.568787	1.380200	1.206854	1.171251	1.041737	
66	5659	1.932087	100.000000	43.373056	5.679220	2.951171	2.085900	1.661629	1.438357	1.310254	1.291839	1.184929	
67	5744	1.913935	100.000000	43.974456	5.775802	3.050704	2.119748	1.679011	1.507743	1.348089	1.336173	1.263457	
68	5830	1.946331	100.000000	44.729647	5.913874	3.102021	2.188219	1.781567	1.559742	1.449606	1.434674	1.312234	
69	5916	1.940575	100.000000	46.077125	5.842211	3.057525	2.072362	1.592964	1.379331	1.176471	1.173925	0.998503	
70	6002	1.967326	100.000000	45.943710	5.965719	3.137039	2.136659	1.669567	1.477705	1.283897	1.320302	1.175185	
71	6087	1.984679	100.000000	46.694407	6.107029	3.215639	2.290959	1.884049	1.716000	1.612495	1.547410	1.464066	
72	6173	2.141529	100.000000	47.280711	6.191025	3.260212	2.291143	1.863147	1.718405	1.569424	1.557283	1.360737	
73	6259	2.170327	100.000000	47.981574	6.279384	3.261148	2.234857	1.753125	1.536481	1.340205	1.313690	1.158362	
74	6345	2.178653	100.000000	48.526498	6.363121	3.291698	2.315380	1.824428	1.624116	1.478996	1.431539	1.311445	
75	6430	2.185540	100.000000	49.278763	6.461165	3.377033	2.349525	1.884454	1.720377	1.454860	1.517893	1.376144	
76	6516	2.232006	100.000000	49.910177	6.594531	3.453376	2.421793	1.939612	1.766835	1.588342	1.588446	1.481624	
77	6602	2.255632	100.000000	50.548500	6.565052	3.437979	2.337299	1.835285	1.761358	1.427166	1.434920	1.292641	
78	6688	2.273466	100.000000	51.190124	6.692666	3.522589	2.489160	2.037576	1.999972	1.681528	1.694607	1.526901	
79	6773	2.296430	100.000000	51.861539	6.696445	3.508333	2.374245	1.825962	1.580521	1.340705	1.320289	1.137103	
80	6859	2.328148	100.000000	52.496275	6.796055	3.560567	2.432575	1.940739	1.682462	1.470844	1.502618	1.325655	
