=== AMD RBC har

1	85	0.169011	43.104618	0.636392	0.085707	0.047107	0.032846	0.024500	0.019293	0.015928	0.015725	0.013251	
2	171	0.171476	65.947685	1.280445	0.168926	0.088160	0.061086	0.046876	0.037531	0.031078	0.030666	0.024597	
3	257	0.170517	80.230980	1.924903	0.255429	0.129072	0.087428	0.067048	0.055503	0.045378	0.045135	0.035511	
4	342	0.182505	88.332199	2.566562	0.338486	0.172221	0.117283	0.090535	0.075057	0.061972	0.060424	0.048438	
5	428	0.174734	91.185463	3.212667	0.418426	0.214362	0.146029	0.109945	0.092129	0.075262	0.074883	0.058589	
6	514	0.190026	94.531250	3.864028	0.501456	0.263374	0.183962	0.134644	0.111479	0.095650	0.091111	0.079328	
7	600	0.192002	96.076767	4.511358	0.589633	0.308227	0.208636	0.161193	0.133042	0.116189	0.112586	0.096300	
8	685	0.195778	97.282608	5.167547	0.680304	0.351260	0.242071	0.185953	0.156703	0.141169	0.132479	0.114086	
9	771	0.200885	98.148773	5.820417	0.755991	0.395795	0.270245	0.209378	0.176422	0.155061	0.147612	0.129950	
10	857	0.213983	98.539398	6.470330	0.841601	0.440122	0.301563	0.233420	0.205596	0.164151	0.156835	0.135586	
11	943	0.209885	98.607338	7.135044	0.922937	0.488525	0.338470	0.261577	0.222498	0.194178	0.188965	0.165790	
12	1028	0.370462	99.099861	7.777545	1.011049	0.526534	0.364544	0.289141	0.244201	0.216113	0.210210	0.180936	
13	1114	0.382028	99.286690	8.447940	1.102050	0.575040	0.399480	0.316735	0.271757	0.235165	0.224717	0.200793	
14	1200	0.396531	99.558426	9.106850	1.187559	0.617483	0.425752	0.321633	0.268483	0.231837	0.222829	0.195735	
15	1286	0.404458	99.694290	9.749279	1.262001	0.664721	0.457156	0.353853	0.304284	0.265569	0.259563	0.233899	
16	1371	0.405623	99.762230	10.415111	1.354574	0.706409	0.486711	0.384539	0.327081	0.286714	0.283513	0.262601	
17	1457	0.414141	99.745247	11.077654	1.453940	0.760163	0.526922	0.409467	0.353637	0.312585	0.301785	0.275897	
18	1543	0.425877	99.847145	11.729907	1.507821	0.790048	0.536422	0.411362	0.342006	0.288562	0.284507	0.236998	
19	1629	0.432531	99.796196	12.379556	1.606207	0.840343	0.571919	0.442922	0.406887	0.332051	0.325223	0.283783	
20	1714	0.443807	99.813179	13.040669	1.701717	0.897589	0.628393	0.505838	0.450978	0.401526	0.395629	0.364764	
21	1800	0.451556	99.898102	13.708311	1.795713	0.944310	0.652104	0.525047	0.462969	0.420136	0.404251	0.363934	
22	1886	0.458106	99.898102	14.379760	1.879338	0.980339	0.665998	0.520298	0.447007	0.390546	0.377214	0.336927	
23	1972	0.467107	99.966034	15.047620	1.983377	1.041331	0.726706	0.576106	0.514376	0.453915	0.439950	0.411539	
24	2057	0.635643	99.949051	15.675246	2.022302	1.056880	0.717048	0.551665	0.467240	0.395326	0.393772	0.344244	
25	2143	0.651354	99.949051	16.361373	2.113210	1.113564	0.759729	0.593757	0.508978	0.445968	0.464294	0.408524	
26	2229	0.654851	99.983017	17.010690	2.223090	1.171759	0.827809	0.664412	0.587808	0.529162	0.517750	0.484401	
27	2315	0.669205	99.932060	17.653511	2.311635	1.227128	0.864361	0.690966	0.630690	0.566699	0.541184	0.511057	
28	2400	0.691846	100.000000	18.355188	2.413506	1.277485	0.899080	0.705325	0.642724	0.569218	0.569685	0.515724	
29	2486	0.693746	99.983017	19.007168	2.447941	1.285577	0.876105	0.675013	0.584139	0.499614	0.489800	0.442104	
30	2572	0.702013	100.000000	19.625922	2.546135	1.340207	0.925881	0.720509	0.635328	0.562843	0.565547	0.520993	
31	2658	0.727635	99.966034	20.304759	2.670724	1.411887	1.002307	0.821405	0.738624	0.680119	0.678084	0.601695	
32	2743	0.745885	99.983017	20.964256	2.719234	1.433946	0.985455	0.774417	0.679345	0.611051	0.613527	0.558393	
33	2829	0.747842	100.000000	21.654368	2.828386	1.502595	1.084237	0.908653	0.836170	0.732687	0.736790	0.681419	
34	2915	0.751570	100.000000	22.302379	2.924493	1.556023	1.117598	0.932640	0.843010	0.775774	0.757568	0.711009	
35	3001	0.775782	100.000000	22.999299	3.020453	1.571069	1.087162	0.850588	0.746149	0.661319	0.658684	0.614069	
36	3086	0.966526	100.000000	23.657844	3.116061	1.639597	1.146573	0.920867	0.823779	0.746399	0.721586	0.679339	
37	3172	0.973669	100.000000	24.297721	3.201351	1.695924	1.194403	0.976557	0.874303	0.788156	0.790448	0.744972	
38	3258	0.986985	100.000000	25.002085	3.317987	1.756220	1.231053	0.994016	0.919090	0.852387	0.801964	0.748308	
39	3344	0.989750	99.983017	25.641212	3.306036	1.743426	1.182023	0.921756	0.795404	0.704915	0.700084	0.621888	
40	3429	1.000132	99.983017	26.262086	3.419838	1.799305	1.243206	0.978758	0.893966	0.794937	0.793078	0.720357	
41	3515	1.027313	100.000000	26.914666	3.534559	1.885920	1.360383	1.167404	1.072258	0.970722	0.956363	0.867867	
42	3601	1.037627	100.000000	27.600420	3.638907	1.927187	1.385933	1.144187	1.086113	0.964374	0.938384	0.853962	
43	3686	1.063504	100.000000	28.293464	3.744251	1.977908	1.393420	1.132123	1.032276	0.937365	0.937586	0.847827	
44	3772	1.085846	100.000000	28.925274	3.739879	1.961525	1.331297	1.031026	0.886414	0.783123	0.778630	0.707554	
45	3858	1.115827	100.000000	29.608822	3.857701	2.024617	1.389408	1.092747	0.994456	0.896086	0.932403	0.811938	
46	3944	1.138134	99.983017	30.769935	3.958607	2.102295	1.516145	1.256877	1.144761	1.043516	1.053707	0.954899	
47	4029	1.128595	100.000000	30.885655	4.079034	2.151281	1.539138	1.277814	1.167018	1.041250	1.054495	0.971295	
48	4115	1.315428	100.000000	31.519323	4.133988	2.156106	1.496158	1.177701	1.028745	0.933916	0.912528	0.847471	
49	4201	1.408092	100.000000	32.212856	4.234882	2.214399	1.556760	1.259510	1.127910	0.989732	0.993873	0.896210	
50	4287	1.445457	100.000000	32.869444	4.314176	2.293636	1.601732	1.323015	1.172047	1.047073	1.073943	0.970790	
51	4372	1.438752	100.000000	33.538813	4.435093	2.356304	1.655207	1.345193	1.228683	1.116369	1.110931	1.010691	
52	4458	1.426910	100.000000	34.123704	4.407193	2.313602	1.568269	1.206353	1.041916	0.903980	0.891337	0.767743	
53	4544	1.444494	100.000000	34.840849	4.532758	2.387008	1.627139	1.294954	1.159181	0.986397	1.051819	0.916137	
54	4630	1.453466	100.000000	35.489765	4.658239	2.462138	1.743916	1.438007	1.305183	1.167667	1.197337	1.092070	
55	4715	1.506409	100.000000	36.088194	4.728110	2.504916	1.777766	1.464536	1.335251	1.189738	1.175650	1.049587	
56	4801	1.536662	100.000000	36.799552	4.808191	2.494635	1.728092	1.363577	1.206016	1.066714	1.047397	0.951373	
57	4887	1.560999	100.000000	37.460026	4.833968	2.532444	1.717562	1.317506	1.146115	0.973770	0.973869	0.847697	
58	4973	1.598455	100.000000	39.556943	5.001060	2.589117	1.792544	1.408105	1.246093	1.093865	1.066386	0.955653	
59	5058	1.571525	100.000000	38.749426	5.020727	2.615988	1.782263	1.382891	1.212597	1.001292	1.009761	0.871064	
60	5144	1.783834	100.000000	39.380323	5.140220	2.688317	1.833770	1.435254	1.284444	1.163119	1.162100	1.032952	
61	5230	1.793214	100.000000	40.065219	5.255355	2.774756	1.970225	1.611474	1.488747	1.358947	1.334516	1.203933	
62	5316	1.820098	100.000000	40.685034	5.324084	2.813289	1.987411	1.629867	1.487065	1.332861	1.283250	1.217966	
63	5401	1.804630	100.000000	41.358935	5.421069	2.817331	1.955987	1.523637	1.326702	1.189408	1.167580	1.080815	
64	5487	1.852646	100.000000	42.065250	5.518591	2.870082	2.013355	1.614455	1.412502	1.269785	1.249177	1.154080	
65	5573	1.849851	100.000000	42.705894	5.601252	2.950955	2.085845	1.706856	1.537187	1.409414	1.402889	1.208894	
66	5659	1.874402	100.000000	43.376124	5.678039	2.951710	2.041905	1.602939	1.420570	1.258612	1.220792	1.117645	
67	5744	1.994839	100.000000	44.013097	5.751648	2.994439	2.061289	1.638382	1.411965	1.261457	1.227204	1.106984	
68	5830	1.932958	100.000000	44.646663	5.854073	3.043138	2.119429	1.709203	1.546338	1.341737	1.352837	1.190540	
69	5916	1.965805	100.000000	45.357576	5.953840	3.120360	2.182349	1.744974	1.536541	1.437368	1.450303	1.288512	
70	6002	1.988920	100.000000	46.085606	6.077021	3.200877	2.241710	1.789921	1.664697	1.527672	1.507926	1.400541	
71	6087	1.999146	100.000000	46.621676	6.007420	3.143620	2.134163	1.638992	1.423054	1.240159	1.194184	1.011586	
72	6173	2.142845	100.000000	47.316806	6.159896	3.216558	2.193243	1.714763	1.525735	1.361397	1.386473	1.196375	
73	6259	2.181140	100.000000	47.970216	6.257403	3.303504	2.325635	1.912209	1.780933	1.600381	1.595041	1.387337	
74	6345	2.196675	100.000000	48.564448	6.329848	3.346838	2.372491	1.963555	1.781675	1.611066	1.583508	1.442175	
75	6430	2.227419	100.000000	49.231116	6.472249	3.400236	2.384273	1.934436	1.783837	1.651466	1.557401	1.392849	
76	6516	2.243808	100.000000	49.948656	6.525345	3.386400	2.374398	1.895163	1.653263	1.495147	1.450669	1.302319	
77	6602	2.267218	100.000000	50.535574	6.650305	3.487296	2.421347	1.926989	1.776594	1.606680	1.579089	1.398109	
78	6688	2.286207	100.000000	51.220141	6.710097	3.532119	2.485679	2.013875	1.836823	1.615384	1.640873	1.501950	
79	6773	2.306641	100.000000	51.819085	6.771825	3.524930	2.442629	1.888155	1.665986	1.461141	1.437810	1.275355	
80	6859	2.345519	100.000000	52.493845	6.881681	3.562195	2.505535	2.003088	1.746529	1.545759	1.521025	1.370584	
