=== AMD RBC digits

1	61	0.026116	55.175293	0.038210	0.007308	0.003975	0.003848	0.003386	0.002829	0.002555	0.002359	0.002351	
2	123	0.024930	83.528099	0.076192	0.015562	0.007698	0.005814	0.005082	0.003734	0.003379	0.003381	0.002633	
3	185	0.027582	94.240402	0.114516	0.019663	0.011308	0.007656	0.006406	0.005280	0.004429	0.004050	0.003550	
4	247	0.033862	96.327209	0.151895	0.025417	0.014059	0.010141	0.007985	0.006632	0.005513	0.005389	0.003964	
5	309	0.028293	98.219254	0.189911	0.031053	0.016533	0.012395	0.009640	0.007861	0.006243	0.005645	0.004723	
6	370	0.029497	98.469673	0.227345	0.038211	0.019389	0.014652	0.009454	0.008300	0.008040	0.007479	0.005374	
7	432	0.033999	99.165276	0.266737	0.040464	0.021392	0.015847	0.011814	0.009766	0.008492	0.007433	0.006071	
8	494	0.038612	99.332222	0.306103	0.045555	0.025559	0.017876	0.013646	0.010348	0.010228	0.008375	0.007040	
9	556	0.043082	99.443520	0.348894	0.052167	0.027422	0.020263	0.014938	0.011265	0.010501	0.009241	0.007678	
10	618	0.044463	99.666115	0.383907	0.057529	0.031277	0.022800	0.016313	0.014417	0.011833	0.010162	0.008487	
11	680	0.047467	99.276573	0.428876	0.060286	0.033367	0.023305	0.016802	0.013598	0.012722	0.011204	0.008965	
12	741	0.044706	99.499168	0.461150	0.066157	0.036255	0.023987	0.018655	0.015091	0.013646	0.011962	0.009764	
13	803	0.049267	99.610458	0.503957	0.073611	0.040474	0.028798	0.019771	0.015927	0.015461	0.012958	0.010537	
14	865	0.049867	99.638283	0.539736	0.078762	0.041338	0.029911	0.021141	0.017613	0.016408	0.014954	0.011255	
15	927	0.052925	99.554810	0.579655	0.083279	0.043260	0.029168	0.022408	0.017125	0.016941	0.014674	0.012224	
16	989	0.055123	99.582634	0.618756	0.087323	0.047271	0.033325	0.024002	0.018836	0.018072	0.015568	0.012919	
17	1051	0.076112	99.610458	0.665487	0.093025	0.048985	0.035080	0.025150	0.019262	0.019134	0.016637	0.013397	
18	1112	0.082264	99.443520	0.707691	0.098175	0.052267	0.037595	0.029175	0.021236	0.020172	0.017469	0.014458	
19	1174	0.082802	99.610458	0.738481	0.100153	0.053849	0.038372	0.030323	0.022384	0.021225	0.018347	0.014904	
20	1236	0.090540	99.582634	0.782747	0.104133	0.059262	0.042534	0.029690	0.023451	0.022071	0.019381	0.015677	
21	1298	0.097665	99.582634	0.822113	0.111620	0.059313	0.039179	0.032622	0.023470	0.023237	0.020069	0.016675	
22	1360	0.098527	99.554810	0.860586	0.116723	0.062400	0.043811	0.032261	0.025778	0.024257	0.021151	0.017147	
23	1422	0.101058	99.526993	0.904054	0.122191	0.068561	0.043676	0.035916	0.027233	0.025479	0.022085	0.017779	
24	1483	0.103267	99.610458	0.946117	0.126188	0.071061	0.046993	0.035895	0.026923	0.026624	0.022927	0.018675	
25	1545	0.108216	99.526993	0.982052	0.133112	0.071441	0.046646	0.037103	0.029229	0.027764	0.024141	0.019540	
26	1607	0.114003	99.554810	1.017602	0.136206	0.073260	0.048254	0.038194	0.029200	0.028830	0.024683	0.020166	
27	1669	0.118547	99.443520	1.060736	0.145625	0.075813	0.050105	0.039624	0.030162	0.029943	0.026033	0.020867	
28	1731	0.125529	99.526993	1.108255	0.147950	0.078320	0.052894	0.041382	0.031374	0.031059	0.026786	0.021667	
29	1793	0.126348	99.582634	1.142615	0.152008	0.081939	0.056587	0.042525	0.032478	0.032044	0.027814	0.022412	
30	1854	0.132448	99.582634	1.190466	0.158413	0.085633	0.055542	0.044066	0.033446	0.033185	0.028697	0.023422	
31	1916	0.136776	99.582634	1.218608	0.165436	0.086676	0.057627	0.045362	0.034553	0.034269	0.029520	0.023791	
32	1978	0.141504	99.582634	1.269038	0.168290	0.089631	0.059270	0.046657	0.035562	0.035164	0.030446	0.024916	
33	2040	0.149538	99.471344	1.312077	0.174935	0.091992	0.062254	0.049641	0.037049	0.036584	0.031510	0.025466	
34	2102	0.177236	99.499168	1.355160	0.180950	0.094849	0.062988	0.050060	0.038593	0.038012	0.032712	0.025998	
35	2164	0.187521	99.582634	1.388578	0.185909	0.099914	0.065617	0.051880	0.039743	0.038915	0.033590	0.027041	
36	2225	0.182726	99.638283	1.433824	0.191071	0.100339	0.066587	0.053534	0.040675	0.039778	0.034839	0.027457	
37	2287	0.192799	99.554810	1.473927	0.195074	0.104607	0.067835	0.054279	0.041769	0.040971	0.035506	0.028457	
38	2349	0.197933	99.526993	1.503555	0.199723	0.109537	0.070341	0.056467	0.042168	0.041620	0.036050	0.029303	
39	2411	0.203410	99.526993	1.553059	0.204925	0.108924	0.071692	0.057730	0.044427	0.043663	0.036964	0.030309	
40	2473	0.208377	99.499168	1.576720	0.211176	0.117043	0.073748	0.058654	0.045622	0.044856	0.037881	0.033499	
41	2535	0.213685	99.499168	1.623004	0.217973	0.121707	0.075767	0.060301	0.046949	0.045677	0.039139	0.031999	
42	2596	0.226260	99.610458	1.658695	0.218503	0.117660	0.076175	0.061853	0.047926	0.046654	0.040081	0.032387	
43	2658	0.244941	99.526993	1.716001	0.225587	0.121619	0.078376	0.063423	0.048706	0.047807	0.040808	0.033167	
44	2720	0.236103	99.526993	1.759137	0.234359	0.126369	0.081597	0.064659	0.049953	0.048624	0.041776	0.033831	
45	2782	0.244095	99.554810	1.781484	0.233977	0.127528	0.082935	0.066065	0.052539	0.049923	0.042876	0.034381	
46	2844	0.251463	99.526993	1.837739	0.244947	0.129576	0.088904	0.078596	0.052113	0.051219	0.044016	0.034991	
47	2906	0.255701	99.638283	1.858414	0.247822	0.140978	0.089613	0.068582	0.054653	0.052131	0.045061	0.036057	
48	2967	0.275955	99.582634	1.901161	0.250183	0.133968	0.088778	0.071101	0.062241	0.054329	0.046011	0.036967	
49	3029	0.278598	99.554810	1.963284	0.259683	0.140441	0.090667	0.071901	0.057844	0.054780	0.048214	0.038149	
50	3091	0.303853	99.582634	1.996411	0.264494	0.137586	0.096587	0.073657	0.057899	0.055847	0.049152	0.038407	
51	3153	0.317168	99.526993	2.040165	0.269570	0.149441	0.102012	0.075219	0.059147	0.056811	0.048984	0.039971	
52	3215	0.313904	99.610458	2.057414	0.271729	0.150883	0.095832	0.076244	0.059068	0.058063	0.049519	0.040685	
53	3277	0.327677	99.526993	2.129225	0.282971	0.159135	0.100502	0.077940	0.063534	0.059321	0.052512	0.041998	
54	3338	0.338262	99.582634	2.168693	0.278797	0.154423	0.099576	0.079190	0.061181	0.059908	0.051973	0.043207	
55	3400	0.357410	99.526993	2.208300	0.290422	0.157100	0.103402	0.081582	0.071559	0.064806	0.055668	0.043874	
56	3462	0.362962	99.582634	2.247615	0.298939	0.160432	0.105130	0.082456	0.072203	0.063818	0.055431	0.044019	
57	3524	0.365945	99.554810	2.284647	0.301154	0.163534	0.107573	0.083645	0.067370	0.063621	0.056171	0.045138	
58	3586	0.369515	99.554810	2.325125	0.307276	0.169220	0.108433	0.085601	0.068886	0.064844	0.055132	0.046960	
59	3647	0.373092	99.582634	2.385735	0.310368	0.170470	0.108389	0.086433	0.070120	0.065653	0.056825	0.051800	
60	3709	0.374165	99.554810	2.377802	0.316016	0.164006	0.110093	0.088506	0.069231	0.066713	0.058858	0.048738	
