=== AMD RBC sift

1	236	0.321111	32.133144	1.468924	0.199161	0.103952	0.070663	0.054080	0.043505	0.036758	0.032662	0.029739	
3	710	0.362886	71.467415	4.480673	0.593462	0.303034	0.205532	0.156919	0.127372	0.106525	0.096806	0.085547	
5	1183	0.731539	85.713562	7.566032	1.005752	0.515666	0.350937	0.266626	0.219759	0.189591	0.176643	0.165844	
7	1657	0.787140	91.685966	10.713187	1.437447	0.734398	0.505382	0.389098	0.328689	0.299132	0.284431	0.265969	
9	2131	1.140519	95.251289	13.905451	1.849634	0.946058	0.646511	0.500836	0.425784	0.381280	0.365118	0.345286	
11	2604	1.266452	97.139694	17.150477	2.313562	1.193427	0.826474	0.655741	0.576373	0.535279	0.524849	0.501023	
13	3078	1.719841	98.071304	20.406606	2.790436	1.453784	1.018768	0.835546	0.762868	0.725953	0.704029	0.668014	
15	3551	1.855226	98.871994	23.777444	3.217967	1.654252	1.146393	0.920487	0.824051	0.775119	0.753746	0.722758	
17	4025	2.616788	99.148956	27.074750	3.743469	1.946451	1.376131	1.154906	1.063544	0.997660	0.961636	0.925239	
19	4499	3.696980	99.456139	32.272166	4.156091	2.144201	1.486929	1.217630	1.117265	1.060695	1.031649	1.001150	
21	4972	4.333687	99.612251	33.731175	4.719694	2.496635	1.818935	1.572902	1.478239	1.430067	1.386074	1.346267	
23	5446	5.733208	99.748215	37.194548	5.221683	2.761008	2.012726	1.751034	1.658031	1.586214	1.514740	1.448656	
25	5919	5.971199	99.748215	40.541657	5.712308	2.973285	2.115158	1.830612	1.710812	1.599670	1.565314	1.527804	
27	6393	6.966756	99.833824	50.024058	6.226869	3.269145	2.381946	2.099511	1.956194	1.851364	1.785644	1.716484	
29	6867	8.073310	99.848923	53.720428	6.735321	3.566935	2.617181	2.292740	2.078023	1.984957	1.983917	1.927149	
31	7340	8.967809	99.904320	50.834819	7.236739	3.845734	2.845240	2.547115	2.421154	2.206380	2.175762	2.105838	
33	7814	9.769059	99.929497	54.346701	7.619217	4.002842	2.877147	2.526736	2.380454	2.279762	2.246934	2.200281	
35	8287	11.532790	99.929497	57.836709	8.188451	4.313532	3.156556	2.847124	2.747708	2.592330	2.526490	2.473305	
37	8761	11.973053	99.979858	61.327280	8.819819	4.709407	3.592443	3.188344	2.987265	2.816270	2.756046	2.652005	
39	9235	13.355311	99.969788	70.118146	9.101271	4.782591	3.442238	3.058770	3.020044	2.787186	2.745118	2.685919	
41	9708	14.467075	99.984894	68.147876	9.817475	5.204989	3.855806	3.419624	3.241074	3.073181	3.040519	2.961737	
43	10182	15.425677	99.954674	71.784438	10.359336	5.538051	4.169031	3.734855	3.582400	3.365247	3.283420	3.169141	
45	10655	17.026297	99.969788	75.143215	10.916541	5.881992	4.471967	4.036812	3.768985	3.589769	3.538820	3.502871	
47	11129	18.424910	99.984894	78.590102	11.462460	6.226647	4.849187	4.438253	4.089700	4.133371	4.090920	3.901596	
49	11603	20.397166	99.989929	82.225170	11.814901	6.300312	4.743803	4.472480	4.236276	3.977935	3.869648	3.792365	
51	12076	21.166110	99.994965	85.722397	12.539699	6.863665	5.355967	4.927515	4.663272	4.788907	4.593090	4.391874	
53	12550	24.410285	99.989929	97.784471	13.067846	7.186601	5.681291	5.305672	5.014237	4.797822	4.636558	4.473467	
55	13023	24.075240	99.974823	92.998433	13.631045	7.423371	5.764937	5.251973	4.957679	4.653259	4.657947	4.535649	
57	13497	26.270431	99.984894	105.574887	14.141379	7.780485	6.166070	5.635234	5.475866	5.298184	5.260206	5.067334	
59	13971	26.946008	99.989929	99.835291	14.713926	8.002719	6.223649	5.762417	5.401458	5.082329	5.008646	4.865506	
61	14444	28.391900	99.989929	122.211984	15.232629	8.304537	6.512079	5.991422	5.667783	5.414737	5.352456	5.051213	
63	14918	29.591874	99.984894	126.927448	15.755230	8.594424	6.754110	6.124792	5.774716	5.652670	5.463904	5.330023	
65	15391	31.090060	99.994965	110.256000	16.235109	8.698888	6.698448	6.094160	6.218510	5.608416	5.574087	5.429616	
67	15865	32.603895	99.994965	136.249200	16.931875	9.137162	7.173177	6.559089	6.225527	6.002166	5.844623	5.675027	
69	16339	36.749440	99.994965	117.501247	17.115522	9.237342	7.148070	6.763050	6.545089	6.272738	6.002157	5.922586	
71	16812	39.463911	99.979858	144.535516	17.945521	10.033317	8.160724	7.507280	7.255889	6.897903	6.912941	6.686136	
73	17286	39.826810	99.994965	148.017080	18.524716	10.135534	8.049961	7.273030	6.740538	6.606583	6.722123	6.335765	
75	17759	39.508059	99.984894	128.155434	18.999641	10.249358	8.031260	7.334305	6.994433	6.735494	6.679888	6.582644	
77	18233	41.930421	99.989929	158.558525	19.578256	10.694332	8.472409	7.659525	7.927730	7.050748	6.915386	6.623188	
79	18707	45.551202	100.000000	146.998800	19.538693	10.467954	7.929031	7.301832	7.063037	6.842196	6.802379	6.628274	
81	19180	44.688011	100.000000	138.887094	20.775194	11.302973	8.990851	8.160032	8.346761	7.671771	7.323049	7.165461	
83	19654	48.558389	99.994965	142.384614	20.661000	11.089555	8.461902	7.781409	7.608544	7.303075	7.200411	7.035197	
85	20127	51.526329	99.994965	146.432286	21.440927	11.659104	9.238516	8.796933	8.662896	8.151471	7.839149	7.745117	
87	20601	51.956431	99.994965	149.852466	21.890044	11.903457	9.455937	8.848688	8.639198	8.417221	8.063939	7.786269	
89	21075	51.696304	99.994965	184.018955	23.010812	12.916571	10.589629	9.841154	9.480563	9.196782	9.379884	8.787398	
91	21548	55.473776	99.994965	173.727083	22.713245	12.191680	9.365379	8.662721	8.304774	8.074172	8.010750	7.810595	
93	22022	56.655768	99.989929	160.243061	24.081125	13.541517	11.086664	10.260257	9.846417	10.261898	9.411069	9.494216	
95	22495	56.042799	99.989929	163.684323	24.605710	13.603487	10.903808	10.260058	9.766833	9.128020	8.959156	8.939882	
97	22969	62.868034	99.994965	186.000280	25.138491	14.100391	11.618352	10.686909	10.310209	10.016886	9.618135	9.189902	
99	23443	59.980119	100.000000	207.594195	25.755766	14.145626	11.330970	10.293414	10.255711	9.710696	9.352361	9.115539	
101	23916	68.104922	99.989929	174.480266	26.363239	14.835226	12.135255	11.155275	10.845115	10.587208	10.352688	9.876479	
103	24390	72.175405	99.994965	178.411239	26.507293	14.406622	11.450158	10.898019	10.532038	10.052113	9.926518	9.761522	
105	24863	68.044048	99.989929	203.623250	26.849197	14.660914	11.725693	11.312857	10.863153	10.604196	10.114315	9.755130	
107	25337	73.453629	99.994965	207.054803	28.022814	15.900603	13.204799	12.122038	11.871931	11.408883	11.013257	10.572807	
109	25811	73.238458	99.989929	209.926726	27.580097	14.854699	11.478322	10.667349	10.395542	10.013037	9.956362	9.734943	
111	26284	73.673657	99.994965	215.067823	28.211112	15.278191	11.879409	11.058004	10.641073	10.344828	10.365205	10.135891	
113	26758	71.309127	99.989929	196.235305	29.465161	16.011592	12.848147	11.882056	11.378280	11.057271	10.866696	10.717704	
115	27231	74.856422	99.994965	222.189602	30.156505	17.217049	14.276129	13.341107	12.953050	13.226696	13.244726	12.061058	
117	27705	77.303145	100.000000	221.820947	29.628706	15.976490	12.414386	11.552185	11.080880	10.722570	10.706576	10.532834	
119	28179	76.391915	100.000000	206.839486	31.234092	17.190555	13.937494	12.948641	12.334231	11.650453	11.493710	11.297076	
121	28652	79.657807	100.000000	257.938645	31.858946	17.816806	14.601053	13.435407	12.897912	12.883595	12.107860	11.964404	
123	29126	91.394696	99.994965	213.803529	32.380125	17.883915	14.528352	13.247755	12.615249	12.190551	11.959395	11.840376	
125	29599	85.019147	99.994965	217.540856	32.388336	17.771379	14.374145	13.566614	13.283004	12.788598	12.426035	12.311544	
127	30073	83.746391	99.989929	272.012844	33.676644	18.825168	15.390282	14.076068	13.608856	12.760950	12.621301	12.729743	
129	30547	87.230979	99.994965	252.077121	32.973354	17.803628	13.894679	12.997427	12.600800	12.313485	12.132287	11.979821	
131	31020	85.619348	99.994965	228.415823	34.880468	19.498006	15.954873	14.777819	14.568090	13.604741	13.302510	12.996792	
133	31494	88.971018	99.994965	283.959784	35.252208	19.720401	16.227499	14.906710	14.131573	13.448985	13.194388	13.166815	
135	31967	91.830816	99.994965	235.511608	35.742379	19.748442	16.190784	14.981244	14.565677	13.550279	13.416979	13.262005	
137	32441	147.254197	99.994965	292.614216	36.409540	20.378600	16.742288	15.485929	14.393197	13.907929	13.658713	13.673513	
139	32915	89.428830	99.994965	243.208547	37.123238	20.797757	17.052758	15.781598	15.279799	14.470550	14.267255	13.964364	
141	33388	92.162424	99.994965	246.890382	37.599332	21.085889	17.361680	16.199752	15.687683	14.434197	14.206831	14.219869	
143	33862	96.473779	100.000000	305.675576	38.278580	21.802262	18.300411	17.507377	16.498642	15.818638	15.917382	15.790458	
145	34335	99.405848	99.994965	284.054400	37.463210	20.295509	15.960923	14.973307	14.560074	14.070690	14.022862	13.751463	
147	34809	98.099491	99.989929	256.996430	38.098536	20.657845	16.369454	15.318214	14.850763	14.383882	14.357859	14.112193	
149	35283	101.687928	99.994965	286.600677	38.426657	20.949992	16.453903	15.427225	15.143076	14.461771	14.435346	14.204033	
151	35756	100.040525	100.000000	264.331289	40.291328	23.168811	19.557470	18.260895	16.537581	17.698231	16.673134	16.462147	
153	36230	101.696837	99.994965	267.814615	41.224645	23.515721	19.750896	18.818897	18.089566	17.735893	17.244776	16.973527	
155	36703	101.985146	99.994965	298.552206	41.608069	23.825365	20.063943	19.004083	17.891252	18.683802	17.484612	17.191228	
157	37177	103.753068	99.994965	275.496119	42.065542	23.599336	19.490831	18.267445	17.164136	16.535008	16.180637	16.189273	
159	37651	102.157613	99.994965	279.634323	42.813402	24.060102	19.932375	18.368287	17.875248	16.908088	16.438269	16.526524	
161	38124	108.709094	99.994965	318.004362	41.674269	22.686493	17.987061	16.838703	16.328636	15.863147	15.857202	15.547345	
163	38598	115.802896	99.994965	352.399275	43.619938	23.970548	19.462726	18.295664	17.296692	16.821957	16.661703	16.491104	
165	39071	104.942280	99.994965	289.062121	44.059537	24.160832	19.691967	18.073499	17.382603	16.960399	16.923910	16.611213	
167	39545	110.297233	99.994965	328.694014	43.357177	23.585106	18.643080	17.663442	16.871892	16.541836	16.424015	16.130481	
169	40019	111.235836	99.989929	332.364278	45.470523	25.639869	21.238218	19.508561	18.922667	17.952055	17.614513	17.591292	
171	40492	111.717848	99.994965	369.283842	45.994646	25.567126	21.067366	19.347893	19.176206	17.740653	17.682961	17.164345	
173	40966	123.462937	100.000000	304.414186	46.670565	26.854577	23.031436	20.995997	20.339976	20.112443	19.613332	18.367300	
175	41439	113.448854	99.994965	307.722715	47.070112	26.180443	21.634279	19.783306	19.166118	18.290113	18.181793	17.894253	
177	41913	126.027950	99.994965	311.886858	48.051218	27.065760	22.531409	21.051764	20.988769	20.106706	18.723621	18.835131	
179	42387	114.419652	99.994965	314.509202	48.528027	27.428098	22.901159	20.883435	20.250495	19.294143	18.888395	19.121477	
181	42860	115.552920	99.994965	358.560384	47.682153	26.432368	21.761371	21.098066	21.104044	19.249988	18.813777	18.635411	
183	43334	116.569841	99.994965	394.332426	47.860487	26.051144	20.679888	19.516671	18.972802	18.189412	18.280270	17.984110	
185	43807	116.072057	100.000000	359.372347	49.142703	27.234507	22.389025	21.328018	20.823398	19.863984	19.664409	19.306152	
187	44281	116.154326	99.994965	406.676136	50.644434	28.573469	23.755106	21.554104	20.495383	20.081986	19.924247	19.593061	
189	44755	114.894961	99.989929	333.515310	50.842915	28.071555	23.002962	21.200759	20.676473	19.922695	19.952664	19.602504	
191	45228	117.204842	99.994965	336.241688	51.804332	28.896767	23.930865	21.925132	21.222593	20.586423	20.274931	20.043280	
193	45702	117.750941	99.994965	418.208016	52.379571	29.679100	24.731033	22.807883	21.307208	20.581830	21.083001	20.656743	
195	46175	114.708653	99.994965	343.970665	52.469093	28.898276	23.737465	22.049896	21.221772	20.504336	20.713822	20.074460	
197	46649	117.252204	99.994965	347.757220	53.368971	29.890599	24.772658	22.933073	22.185450	20.937541	20.931447	20.474218	
199	47123	116.845014	99.994965	351.314298	54.015420	30.333298	25.379690	23.964714	22.215105	21.465304	21.267437	21.209175	
201	47596	117.646111	99.994965	441.124311	54.662103	30.791488	25.814890	23.983439	22.886341	21.688205	21.859679	21.588776	
203	48070	117.243036	99.994965	357.797336	55.284319	31.251887	26.015351	23.880550	22.399997	22.075140	21.805084	21.907495	
205	48543	117.177762	99.994965	399.265880	53.942890	29.501925	23.515103	22.016059	21.959672	21.130329	20.813356	20.595488	
207	49017	114.583865	99.994965	365.864279	54.600481	29.832921	23.988240	22.487780	22.202983	21.627485	21.359288	21.124627	
209	49491	118.364452	100.000000	457.704025	56.990766	32.235788	26.915551	24.709759	24.155344	22.892654	22.731116	22.654531	
211	49964	115.920343	99.994965	373.057269	56.507916	31.221636	25.956664	24.699832	26.129577	22.938419	22.642722	22.612860	
213	50438	113.342676	99.994965	424.736772	56.279087	31.436311	25.933345	24.322834	24.349004	23.198430	22.251438	22.067885	
215	50911	123.564881	99.994965	380.041001	58.470590	32.663773	27.174070	25.342183	24.327256	24.362372	22.971841	22.720547	
217	51385	115.296630	99.994965	475.148805	59.204371	33.546423	28.104272	27.187139	24.660857	23.541523	23.359240	22.978205	
219	51859	109.492268	99.994965	436.617817	57.689136	31.550334	25.281387	23.698451	23.180129	22.534570	22.444590	22.012594	
