=== AMD SCF sift

2	8	2.514555	0	0	98.299825	19.604189	8.383027	1.135374	0.592709	0.420763	0.349692	0.321312	0.310707	0.298781	0.298203	
2	16	4.607127	0	0	98.627135	32.536007	7.753218	1.062538	0.546527	0.381864	0.306180	0.280845	0.268860	0.260722	0.255721	
2	24	6.709216	0	0	98.833313	40.452213	7.268307	0.971265	0.494972	0.339570	0.261512	0.226990	0.205880	0.195870	0.191422	
2	32	8.796734	0	0	98.947741	45.709538	7.062755	0.945769	0.484149	0.331524	0.257133	0.225244	0.207537	0.199138	0.195534	
4	8	2.970432	0	0	99.084645	31.397924	8.084705	1.078358	0.548226	0.373793	0.285629	0.243480	0.215734	0.197684	0.184438	
4	16	4.883294	0	0	99.386445	43.403164	7.444640	0.968155	0.490678	0.329295	0.250541	0.211026	0.182749	0.164451	0.154178	
4	24	6.815854	0	0	99.483554	49.838856	7.242929	0.937078	0.473147	0.317613	0.241804	0.202424	0.174880	0.154810	0.139647	
4	32	8.671637	0	0	99.552734	54.270321	7.105960	0.922649	0.465123	0.311062	0.236142	0.196294	0.170177	0.151198	0.135087	
8	8	3.777995	0	0	99.617939	45.372143	10.640570	1.353262	0.680608	0.455468	0.342329	0.276361	0.232982	0.201939	0.178279	
8	16	5.790414	0	0	99.759303	60.121864	10.368332	1.316543	0.662009	0.442762	0.332549	0.267887	0.225186	0.194867	0.171986	
8	24	7.792002	0	0	99.802507	66.280594	10.351416	1.309286	0.655795	0.440073	0.331435	0.266928	0.223570	0.193391	0.170822	
8	32	9.699062	0	0	99.826308	69.483337	10.384546	1.311198	0.657609	0.439248	0.330897	0.266438	0.223912	0.193819	0.171096	
12	8	3.475120	0	0	99.629516	62.362778	13.519528	1.711657	0.860197	0.573892	0.432984	0.356248	0.301967	0.263575	0.233746	
12	16	5.543518	0	0	99.760310	73.834221	13.297300	1.677375	0.843306	0.562660	0.423587	0.347762	0.295848	0.257836	0.228658	
12	24	7.566512	0	0	99.797944	78.638336	13.239767	1.675589	0.841354	0.562116	0.424176	0.347456	0.295626	0.257197	0.228503	
12	32	9.574486	0	0	99.818967	81.951859	13.243593	1.677691	0.841103	0.563615	0.423202	0.347834	0.302060	0.257210	0.228186	
16	8	4.420554	0	0	99.854502	62.508816	16.537107	2.079346	1.041208	0.696153	0.524386	0.435236	0.368201	0.320856	0.285593	
16	16	6.678690	0	0	99.895599	74.715477	16.527592	2.082688	1.040189	0.696126	0.525368	0.431894	0.367312	0.320918	0.285011	
16	24	8.777629	0	0	99.908936	78.698761	16.533585	2.088226	1.045300	0.698445	0.527677	0.432622	0.368285	0.321596	0.285812	
16	32	10.843615	0	0	99.916172	80.854065	16.540419	2.082960	1.044809	0.699323	0.526131	0.431236	0.368324	0.320809	0.284999	
20	8	4.277736	0	0	99.807462	69.483337	19.615153	2.464806	1.236942	0.825545	0.623667	0.515971	0.442122	0.387651	0.345576	
20	16	6.615136	0	0	99.856049	80.763420	19.638468	2.464476	1.234413	0.824426	0.624911	0.517271	0.441678	0.387321	0.344733	
20	24	8.886229	0	0	99.874078	84.736626	19.568054	2.464038	1.234762	0.824858	0.623793	0.516687	0.441887	0.387293	0.344982	
20	32	10.902947	0	0	99.881721	87.178970	19.580340	2.462188	1.236542	0.824485	0.620748	0.519138	0.442836	0.387467	0.345614	
24	8	4.702722	0	0	99.831902	72.509819	23.056992	2.894340	1.451262	0.969418	0.733117	0.614712	0.526579	0.462958	0.413521	
24	16	7.288186	0	0	99.871180	83.427338	23.059470	2.899392	1.459348	0.973733	0.745303	0.639400	0.527308	0.463057	0.414676	
24	24	9.641650	0	0	99.886471	86.997681	22.995833	2.894899	1.450750	0.969424	0.731917	0.609982	0.525906	0.462998	0.413553	
24	32	12.003172	0	0	99.892958	89.334274	23.139769	2.897908	1.452199	0.969645	0.731955	0.615648	0.525486	0.463125	0.414716	
28	8	4.713226	0	0	99.706687	88.553734	32.176232	3.881161	1.948145	1.305360	0.991708	0.898000	0.822826	0.760083	0.708135	
28	16	7.546912	0	0	99.759972	95.115318	30.312440	3.902221	1.957076	1.311147	1.002513	0.908344	0.824806	0.760754	0.706680	
28	24	9.599219	0	0	99.782577	96.741867	31.422132	3.766146	1.892600	1.274447	0.979313	0.885985	0.808308	0.751426	0.701499	
28	32	11.824784	0	0	99.793839	97.472054	28.208725	3.630740	1.837100	1.237079	0.939021	0.873070	0.799912	0.746313	0.701445	
32	8	5.331321	0	0	99.915053	69.206360	47.782547	5.991332	3.001516	2.003489	1.508633	1.227522	1.019911	0.878473	0.774063	
32	16	8.346565	0	0	99.931702	79.781448	47.693671	5.985406	2.996670	2.000970	1.508137	1.223547	1.016538	0.892011	0.774151	
32	24	10.945449	0	0	99.937999	83.276260	47.871604	6.003492	3.004110	2.009403	1.515670	1.232922	1.022899	0.881516	0.776290	
32	32	13.491647	0	0	99.941011	84.776917	47.843360	5.996058	3.004716	2.007322	1.512495	1.224728	1.022245	0.883085	0.775800	
36	8	6.147672	0	0	99.643240	93.151375	53.382380	6.704264	3.362000	2.245259	1.693255	1.373345	1.151216	0.995029	0.875562	
36	16	9.258902	0	0	99.699676	97.653343	53.254254	6.689562	3.353462	2.239587	1.686551	1.375362	1.150639	0.992739	0.873896	
36	24	12.139155	0	0	99.717859	98.368416	53.262148	6.693891	3.353336	2.241323	1.687288	1.367696	1.149703	0.992819	0.875017	
36	32	14.946550	0	0	99.725850	98.695740	53.276306	6.693532	3.353123	2.237380	1.683893	1.541329	1.147327	0.991258	0.874391	
40	8	6.805296	0	0	99.881819	81.418068	57.745618	7.242499	3.627845	2.421985	1.826743	1.478403	1.242841	1.074733	0.947592	
40	16	10.491775	0	0	99.901091	89.948639	57.678220	7.235675	3.627787	2.419098	1.825864	1.485593	1.244630	1.074427	0.947010	
40	24	13.509345	0	0	99.907214	92.501762	57.742332	7.235001	3.624254	2.420433	1.827407	1.477803	1.243715	1.075362	0.946489	
40	32	16.572409	0	0	99.909894	93.967171	57.717883	7.237999	3.624605	2.421591	1.822941	1.475723	1.243895	1.075216	0.946987	
44	8	6.202319	0	0	98.107857	99.843887	67.067727	8.518399	4.273233	2.858843	2.158893	1.759125	1.480375	1.281780	1.130989	
44	16	9.399366	0	0	98.282050	99.984894	66.664871	8.463136	4.248265	2.845769	2.146292	1.745039	1.475162	1.278087	1.130114	
44	24	11.879470	0	0	87.834725	99.989929	91.436161	12.179456	6.296487	4.345100	3.520757	3.235333	3.067432	2.841396	2.730805	
44	32	14.535841	0	0	62.252354	99.994965	145.801043	22.875242	17.842063	16.625061	15.323705	12.576464	10.984238	9.059586	7.907115	
48	8	6.773224	0	0	99.100100	99.466209	69.606093	8.783365	4.403910	2.942218	2.218006	1.814165	1.514853	1.312753	1.156496	
48	16	10.015950	0	0	99.188571	99.879143	69.357576	8.753230	4.387141	2.931667	2.207530	1.796228	1.506866	1.304742	1.150851	
48	24	12.976165	0	0	88.610862	99.934540	94.744321	12.552155	6.479662	4.486071	3.691504	3.238987	2.983737	2.810797	2.689615	
48	32	15.860567	0	0	62.794416	99.984894	149.721182	22.325314	13.230280	11.921094	11.577727	9.535302	8.038419	7.132257	6.410415	
52	8	7.326717	0	0	99.548909	98.146843	73.336365	9.204802	4.612711	3.082132	2.321872	1.888054	1.582511	1.370576	1.207001	
52	16	10.851720	0	0	99.595368	99.446068	73.132126	9.190295	4.604040	3.077803	2.329770	1.876373	1.580527	1.367021	1.204775	
52	24	14.071453	0	0	80.727038	99.733101	117.901742	16.883777	9.910360	9.423992	9.110248	8.024458	6.729518	6.046737	5.350762	
52	32	17.189126	0	0	58.737965	99.899284	163.076414	24.850698	17.848156	16.430088	16.583615	11.033242	10.206281	8.762238	7.725306	
56	8	7.897776	0	0	99.795624	94.274345	77.422350	9.727902	4.873574	3.256370	2.453289	1.986052	1.673800	1.445653	1.274576	
56	16	11.699792	0	0	99.816862	97.829590	77.430830	9.713641	4.862596	3.250879	2.444079	2.451800	1.676223	1.442311	1.269647	
56	24	15.175241	0	0	80.893193	98.962631	122.121938	17.076619	9.015330	6.941028	6.330691	5.280118	4.495073	4.100533	3.777981	
56	32	18.545404	0	0	54.256957	99.471245	175.054939	26.525999	18.213654	16.929273	14.935549	13.317240	10.206462	9.186515	7.741444	
60	8	8.501092	0	0	99.900943	87.209183	82.250858	10.281740	5.149604	3.440708	2.601162	2.114545	1.760147	1.521207	1.338692	
60	16	12.534496	0	0	99.911658	93.252090	82.152094	10.293354	5.155027	3.443917	2.594446	2.118418	1.762350	1.524621	1.339764	
60	24	16.346652	0	0	80.963662	96.449791	127.245214	18.095885	10.581495	10.083154	9.790812	8.286428	7.537740	6.318531	5.702751	
60	32	19.866637	0	0	54.299933	98.096481	179.972628	27.757535	22.227857	20.664755	19.744516	16.188059	12.984844	11.204424	9.635023	
64	8	9.032761	0	0	99.940819	76.855675	86.936768	10.860631	5.439383	3.635655	2.737767	2.251001	1.866470	1.607466	1.416441	
64	16	13.389420	0	0	99.947631	84.832314	86.773249	10.872757	5.443389	3.635483	2.735984	2.780623	1.869352	1.610622	1.417062	
64	24	17.414140	0	0	80.990104	90.427032	131.822108	18.435770	10.054334	8.855216	8.546427	7.245821	6.106658	5.270319	4.676127	
64	32	21.217548	0	0	54.315549	94.198814	184.456491	27.785111	19.496119	19.085911	18.190827	13.965200	11.177344	10.023428	8.842971	
