=== AMD SCF gist

2	8	0.465769	0	0	88.491733	63.500000	0.454056	0.064546	0.033877	0.022544	0.017431	0.013210	0.012175	0.009859	0.008926	
2	16	0.878257	0	0	90.534167	70.150002	0.390451	0.056485	0.028065	0.019344	0.014988	0.011397	0.009913	0.008635	0.007670	
2	24	1.289299	0	0	91.682767	73.400002	0.360426	0.052762	0.034011	0.018187	0.014020	0.010871	0.009222	0.007821	0.007176	
2	32	1.702895	0	0	92.189300	75.050003	0.351479	0.051274	0.026692	0.018432	0.012891	0.011365	0.009154	0.007854	0.006986	
4	8	0.495801	0	0	90.013300	64.450005	0.409691	0.057267	0.030141	0.021392	0.015963	0.012752	0.010392	0.009165	0.008284	
4	16	0.923470	0	0	91.964133	72.649994	0.348871	0.049877	0.026298	0.018060	0.013858	0.011171	0.009068	0.007837	0.007184	
4	24	1.346688	0	0	93.146867	75.849998	0.316191	0.046425	0.022720	0.016624	0.011715	0.010361	0.008244	0.007105	0.006401	
4	32	1.772271	0	0	93.712000	75.250000	0.311816	0.045511	0.023193	0.016243	0.012580	0.009514	0.007698	0.006884	0.006747	
8	8	0.551089	0	0	92.424867	67.599998	0.342264	0.049288	0.026330	0.016804	0.013983	0.011446	0.009342	0.007669	0.007089	
8	16	1.001466	0	0	94.513533	72.949997	0.277656	0.041177	0.021306	0.014432	0.011763	0.009505	0.007719	0.006205	0.005786	
8	24	1.450257	0	0	95.391533	76.150002	0.261936	0.039278	0.021009	0.013912	0.010288	0.008314	0.006691	0.005815	0.005357	
8	32	1.902841	0	0	95.834567	80.349998	0.256946	0.037335	0.020149	0.013588	0.010247	0.007530	0.006519	0.005653	0.005335	
12	8	0.562573	0	0	93.138133	73.449997	0.334823	0.048964	0.025450	0.016444	0.013319	0.010092	0.008641	0.007652	0.006951	
12	16	0.966771	0	0	95.076300	79.799995	0.276763	0.040070	0.020820	0.014357	0.011004	0.009214	0.007575	0.006307	0.005873	
12	24	1.358359	0	0	95.843333	82.200005	0.260712	0.039393	0.020784	0.013793	0.010589	0.007936	0.006835	0.005866	0.005503	
12	32	1.751818	0	0	96.265033	84.500000	0.258619	0.037400	0.020428	0.013734	0.010871	0.009154	0.007182	0.005965	0.005254	
16	8	0.598400	0	0	94.901400	70.900002	0.289658	0.044271	0.022482	0.015186	0.011557	0.009397	0.007497	0.006458	0.006058	
16	16	1.016181	0	0	96.329267	78.150002	0.252563	0.036410	0.019788	0.013021	0.010380	0.007568	0.006543	0.005600	0.005294	
16	24	1.415799	0	0	96.891133	80.750000	0.245381	0.037641	0.018590	0.012640	0.009619	0.008156	0.006275	0.005593	0.004972	
16	32	1.823465	0	0	97.234300	81.500000	0.247506	0.036079	0.019425	0.013019	0.010219	0.007661	0.006358	0.005422	0.005061	
20	8	0.625356	0	0	94.368667	76.800003	0.326681	0.048360	0.023735	0.016804	0.012931	0.010717	0.008821	0.007617	0.006752	
20	16	1.030937	0	0	96.039333	83.099998	0.282189	0.042326	0.021972	0.014816	0.011075	0.009329	0.007443	0.006469	0.005884	
20	24	1.428604	0	0	96.641433	86.099998	0.275170	0.040369	0.022570	0.014899	0.011470	0.009106	0.007251	0.006213	0.005839	
20	32	1.814721	0	0	97.001900	86.799995	0.277974	0.039701	0.020610	0.013897	0.011199	0.008996	0.007250	0.006175	0.005725	
24	8	0.648388	0	0	95.197367	75.050003	0.316054	0.046768	0.024913	0.016446	0.012076	0.010243	0.008339	0.007475	0.006468	
24	16	1.055810	0	0	96.659067	81.800003	0.278729	0.042573	0.022109	0.014524	0.011063	0.008616	0.007163	0.006399	0.005671	
24	24	1.481751	0	0	97.168533	83.350006	0.278650	0.040758	0.021483	0.014222	0.010675	0.009281	0.007176	0.006335	0.005816	
24	32	1.886050	0	0	97.500033	84.699997	0.285595	0.040887	0.021235	0.014090	0.011431	0.009261	0.007797	0.006317	0.005908	
28	8	0.686847	0	0	95.605300	75.400002	0.369127	0.052655	0.026773	0.018815	0.014741	0.011848	0.010046	0.009222	0.007719	
28	16	1.116865	0	0	96.921900	81.800003	0.368161	0.048527	0.025428	0.016597	0.013050	0.009984	0.008830	0.007997	0.007334	
28	24	1.532215	0	0	97.433100	84.449997	0.353468	0.051048	0.025992	0.016807	0.012662	0.010154	0.008733	0.007892	0.007191	
28	32	1.945149	0	0	97.672267	85.500000	0.384110	0.052151	0.026772	0.016655	0.013434	0.010577	0.009360	0.007969	0.007337	
32	8	0.742558	0	0	96.224300	73.449997	0.413293	0.059743	0.029097	0.019804	0.015192	0.012817	0.010480	0.008687	0.007779	
32	16	1.182663	0	0	97.372633	78.500000	0.390144	0.056516	0.028235	0.019331	0.014864	0.011505	0.009546	0.007993	0.007344	
32	24	1.591085	0	0	97.767400	81.400002	0.396138	0.055269	0.029797	0.020028	0.015664	0.011875	0.009321	0.008153	0.007387	
32	32	2.006774	0	0	97.984767	82.000000	0.409273	0.059044	0.028641	0.020762	0.014928	0.011446	0.009960	0.008478	0.007560	
36	8	0.737007	0	0	96.177967	75.950005	0.443771	0.062315	0.032017	0.021598	0.016085	0.013281	0.010854	0.009261	0.008560	
36	16	1.181656	0	0	97.344867	79.900002	0.422068	0.058685	0.029928	0.020301	0.015550	0.012039	0.010093	0.008811	0.007902	
36	24	1.606286	0	0	97.730733	84.199997	0.432047	0.061718	0.031736	0.021213	0.015931	0.012030	0.010039	0.008890	0.007970	
36	32	2.033420	0	0	98.004633	86.150002	0.445350	0.063854	0.031514	0.021267	0.015651	0.013331	0.010524	0.009280	0.008183	
40	8	0.685368	0	0	93.736500	86.799995	0.554874	0.077692	0.038078	0.026763	0.020525	0.016472	0.013753	0.011780	0.010778	
40	16	1.115415	0	0	95.558600	89.950005	0.504887	0.070944	0.036525	0.023837	0.019181	0.014816	0.012335	0.010933	0.009663	
40	24	1.522348	0	0	96.239567	92.000000	0.498937	0.067957	0.035389	0.024258	0.018414	0.014239	0.012420	0.010563	0.009562	
40	32	1.924924	0	0	96.604767	92.599998	0.504489	0.070466	0.036202	0.024277	0.018790	0.014754	0.012142	0.010687	0.009530	
44	8	0.754618	0	0	94.694067	84.699997	0.546474	0.077279	0.038489	0.027264	0.020574	0.015886	0.013310	0.011560	0.010525	
44	16	1.176143	0	0	96.339967	88.750000	0.504894	0.071220	0.036330	0.024003	0.018731	0.013920	0.012224	0.010724	0.009607	
44	24	1.585801	0	0	96.898233	90.200005	0.503683	0.070670	0.036157	0.023904	0.018782	0.014465	0.012185	0.010538	0.009497	
44	32	1.999068	0	0	97.177800	92.449997	0.513336	0.071277	0.036414	0.025022	0.018846	0.014972	0.012127	0.010694	0.009707	
48	8	0.746311	0	0	94.651067	86.099998	0.575108	0.079758	0.041056	0.027849	0.021521	0.016345	0.013901	0.012167	0.011009	
48	16	1.200899	0	0	96.335000	89.950005	0.531838	0.073980	0.037497	0.025634	0.019387	0.015132	0.012901	0.011345	0.010081	
48	24	1.648884	0	0	96.933000	92.650002	0.531651	0.073151	0.039304	0.026158	0.019633	0.015395	0.012791	0.011009	0.010082	
48	32	2.070191	0	0	97.227900	93.699997	0.541953	0.075302	0.037744	0.025939	0.020016	0.016170	0.013281	0.011278	0.010220	
52	8	0.785544	0	0	93.049667	90.599998	0.659632	0.092249	0.046736	0.032074	0.024795	0.019256	0.015992	0.013973	0.012531	
52	16	1.238717	0	0	95.055033	94.450005	0.607572	0.083659	0.041986	0.029516	0.021407	0.016776	0.014473	0.012752	0.011490	
52	24	1.622701	0	0	95.832600	95.550003	0.601222	0.080981	0.041086	0.030448	0.022691	0.017634	0.014163	0.012525	0.011550	
52	32	2.030414	0	0	96.158000	96.200005	0.612506	0.083220	0.042099	0.029423	0.022684	0.017474	0.014305	0.012673	0.011358	
56	8	0.823755	0	0	97.566867	77.100006	0.522001	0.073645	0.037102	0.025499	0.018927	0.015209	0.012094	0.010658	0.009591	
56	16	1.290730	0	0	98.312933	82.250000	0.517244	0.070666	0.036442	0.025833	0.018701	0.014740	0.012064	0.010589	0.009408	
56	24	1.740524	0	0	98.592500	84.300003	0.530792	0.074629	0.037227	0.025552	0.019004	0.015072	0.012253	0.010718	0.009680	
56	32	2.182096	0	0	98.664833	85.399994	0.552629	0.076501	0.040510	0.026140	0.020371	0.016157	0.012856	0.011126	0.010005	
60	8	0.867825	0	0	95.498400	86.000000	0.623281	0.085805	0.042924	0.030027	0.022965	0.018026	0.014712	0.012997	0.011754	
60	16	1.320118	0	0	96.934633	90.550003	0.594197	0.079971	0.041089	0.027916	0.021747	0.017272	0.013840	0.012343	0.011007	
60	24	1.729790	0	0	97.430200	92.650002	0.601810	0.083030	0.041732	0.028082	0.022128	0.017280	0.014234	0.012525	0.011122	
60	32	2.149800	0	0	97.608267	94.050003	0.618722	0.085971	0.042694	0.028635	0.021889	0.017572	0.014987	0.012575	0.011326	
64	8	0.883561	0	0	98.101233	72.649994	0.557461	0.076507	0.039639	0.026703	0.019673	0.015312	0.012739	0.011130	0.009972	
64	16	1.368162	0	0	98.730267	78.250000	0.558030	0.075289	0.039135	0.026755	0.018995	0.015930	0.013053	0.011172	0.010010	
64	24	1.818918	0	0	98.938267	80.349998	0.576867	0.078954	0.044217	0.027444	0.020554	0.016122	0.013226	0.011526	0.010402	
64	32	2.284403	0	0	98.962767	83.050003	0.601646	0.080886	0.040904	0.028553	0.021308	0.016971	0.013890	0.012032	0.010760	
