=== AMD SCF madelon

2	8	0.305198	0	0	27.050778	100.000000	3.071172	0.392346	0.197745	0.133216	0.100179	0.079648	0.067463	0.058238	0.051817	
2	16	0.575057	0	0	30.629306	100.000000	2.949092	0.376482	0.189770	0.127350	0.096205	0.076674	0.064828	0.056210	0.049860	
2	24	0.844543	0	0	31.783444	100.000000	2.927921	0.372211	0.188427	0.125692	0.095383	0.076060	0.064229	0.055617	0.049451	
2	32	1.112269	0	0	32.699972	100.000000	2.909240	0.370165	0.186423	0.125334	0.094083	0.075526	0.063846	0.055229	0.049084	
4	8	0.318522	0	0	29.302361	100.000000	2.993763	0.383015	0.192374	0.129569	0.097242	0.077894	0.065625	0.057120	0.050576	
4	16	0.600836	0	0	32.539833	100.000000	2.890267	0.372669	0.185832	0.125262	0.093697	0.075272	0.063370	0.055104	0.048870	
4	24	0.880390	0	0	34.131556	100.000000	2.842846	0.363981	0.182822	0.122370	0.093044	0.074098	0.062760	0.054400	0.048203	
4	32	1.160261	0	0	35.224167	100.000000	2.824341	0.363562	0.180278	0.121357	0.091491	0.073452	0.062242	0.054149	0.048013	
8	8	0.344720	0	0	32.474722	100.000000	2.901581	0.370473	0.186469	0.124403	0.094230	0.075275	0.063717	0.055490	0.049003	
8	16	0.644368	0	0	36.834083	100.000000	2.743937	0.352480	0.175818	0.119099	0.089979	0.071669	0.060557	0.052459	0.046783	
8	24	0.940149	0	0	39.273806	100.000000	2.678054	0.341576	0.171578	0.115038	0.087224	0.069904	0.059004	0.051146	0.045375	
8	32	1.239230	0	0	40.928111	100.000000	2.633633	0.336354	0.169271	0.113888	0.085733	0.068506	0.057936	0.050332	0.044767	
12	8	0.330921	0	0	26.584139	100.000000	3.151955	0.402059	0.201555	0.135086	0.102461	0.081805	0.069183	0.060332	0.053179	
12	16	0.596605	0	0	31.987194	100.000000	2.966065	0.378976	0.190322	0.128394	0.096578	0.077858	0.065200	0.056473	0.050122	
12	24	0.858135	0	0	35.290722	100.000000	2.865287	0.365430	0.184016	0.123107	0.092862	0.074330	0.062926	0.054955	0.048490	
12	32	1.118830	0	0	37.943722	100.000000	2.786438	0.354005	0.178143	0.120282	0.090098	0.072400	0.061533	0.053323	0.047230	
16	8	0.349766	0	0	39.319250	100.000000	2.676398	0.342869	0.171380	0.115231	0.087386	0.069871	0.059072	0.051574	0.045522	
16	16	0.621212	0	0	46.063833	100.000000	2.432135	0.312523	0.156823	0.105731	0.079276	0.070284	0.053909	0.046768	0.041528	
16	24	0.887299	0	0	50.014639	100.000000	2.300683	0.297363	0.148848	0.099717	0.075249	0.060841	0.051037	0.044340	0.039398	
16	32	1.146590	0	0	52.806056	100.000000	2.219434	0.285639	0.142698	0.098034	0.073206	0.064956	0.049557	0.042801	0.038160	
20	8	0.366075	0	0	43.850111	100.000000	2.520737	0.321690	0.164069	0.109170	0.082356	0.065741	0.055724	0.048453	0.043130	
20	16	0.639185	0	0	51.419472	100.000000	2.245351	0.288638	0.145213	0.097082	0.074257	0.058620	0.049873	0.043614	0.038381	
20	24	0.905315	0	0	55.849889	100.000000	2.102205	0.269938	0.134935	0.091306	0.069227	0.054722	0.046475	0.040530	0.036014	
20	32	1.168244	0	0	59.088667	100.000000	1.988198	0.256254	0.129203	0.087339	0.065217	0.052519	0.044340	0.038433	0.034422	
24	8	0.360374	0	0	35.729083	100.000000	2.880734	0.368021	0.185504	0.123898	0.094189	0.074837	0.063637	0.055226	0.048864	
24	16	0.627216	0	0	44.820444	100.000000	2.548825	0.327559	0.164366	0.110561	0.083239	0.067035	0.056299	0.048874	0.043487	
24	24	0.886323	0	0	50.029972	100.000000	2.370915	0.305529	0.152678	0.103245	0.077320	0.069218	0.052952	0.045531	0.040507	
24	32	1.143838	0	0	53.780722	100.000000	2.248039	0.288915	0.145127	0.097019	0.073302	0.058954	0.049731	0.043330	0.038410	
28	8	0.373294	0	0	38.169639	100.000000	2.899161	0.371613	0.185525	0.125052	0.094206	0.075174	0.063560	0.055160	0.049044	
28	16	0.650463	0	0	48.053500	100.000000	2.526517	0.323645	0.161827	0.109600	0.082873	0.065970	0.055612	0.048421	0.042870	
28	24	0.915280	0	0	53.817694	100.000000	2.324628	0.297680	0.149611	0.100471	0.076197	0.060954	0.051276	0.044767	0.039631	
28	32	1.170874	0	0	57.758611	100.000000	2.192430	0.281499	0.141487	0.095772	0.071619	0.057442	0.048480	0.042149	0.037525	
32	8	0.392049	0	0	41.856444	100.000000	2.783056	0.355760	0.180199	0.120476	0.090934	0.072326	0.061119	0.052968	0.047114	
32	16	0.672375	0	0	52.182861	100.000000	2.394583	0.310343	0.155396	0.103343	0.078427	0.062332	0.052742	0.045852	0.041135	
32	24	0.944612	0	0	58.080389	100.000000	2.188618	0.283630	0.140804	0.094918	0.072002	0.057131	0.048307	0.041994	0.037174	
32	32	1.211897	0	0	62.047528	100.000000	2.054183	0.262947	0.133978	0.089363	0.068001	0.053927	0.045539	0.039710	0.034998	
36	8	0.396850	0	0	39.622639	100.000000	2.903389	0.373052	0.186459	0.126315	0.094720	0.075704	0.063767	0.055254	0.049079	
36	16	0.666990	0	0	50.673833	100.000000	2.481266	0.319981	0.160306	0.107766	0.081788	0.064906	0.054957	0.047529	0.042403	
36	24	0.926470	0	0	56.824056	100.000000	2.261040	0.291132	0.146117	0.097725	0.073814	0.059322	0.049959	0.043749	0.038529	
36	32	1.188058	0	0	60.997000	100.000000	2.112816	0.273978	0.136712	0.092660	0.069391	0.055543	0.046968	0.041105	0.036476	
40	8	0.403981	0	0	47.902472	100.000000	2.595504	0.332526	0.167221	0.112218	0.084444	0.067465	0.057196	0.049777	0.044054	
40	16	0.692489	0	0	59.710278	100.000000	2.135816	0.275676	0.138211	0.092559	0.070176	0.056230	0.047219	0.041274	0.036587	
40	24	0.953418	0	0	65.804611	100.000000	1.914105	0.249092	0.123470	0.083589	0.062974	0.050154	0.042620	0.036993	0.032978	
40	32	1.217394	0	0	69.763389	100.000000	1.774989	0.229904	0.115283	0.078192	0.058415	0.047011	0.039477	0.034463	0.030760	
44	8	0.431327	0	0	52.816611	100.000000	2.424550	0.315880	0.156409	0.105051	0.079299	0.063088	0.053462	0.046813	0.041195	
44	16	0.719455	0	0	64.798528	100.000000	1.963069	0.253928	0.127429	0.085972	0.063884	0.051174	0.043413	0.037879	0.033564	
44	24	1.011075	0	0	70.701917	100.000000	1.743212	0.226437	0.114058	0.075914	0.057935	0.045889	0.038728	0.033629	0.030021	
44	32	1.290887	0	0	74.726333	100.000000	1.609389	0.209840	0.105811	0.070397	0.052948	0.042209	0.035750	0.031230	0.028015	
48	8	0.440981	0	0	54.551639	100.000000	2.387851	0.305082	0.154361	0.102973	0.077691	0.062120	0.052675	0.045654	0.040519	
48	16	0.740414	0	0	66.322167	100.000000	1.929321	0.248703	0.125634	0.084242	0.063724	0.062703	0.043029	0.037123	0.033282	
48	24	1.027414	0	0	72.351250	100.000000	1.709499	0.220440	0.111111	0.075284	0.056864	0.044745	0.038019	0.033085	0.029523	
48	32	1.306261	0	0	76.178139	100.000000	1.582280	0.208426	0.103816	0.069027	0.052485	0.041476	0.035319	0.030739	0.027446	
52	8	0.459137	0	0	50.982333	100.000000	2.566243	0.329851	0.167149	0.110613	0.083515	0.066892	0.056488	0.048996	0.043405	
52	16	0.738993	0	0	63.739694	100.000000	2.078874	0.268095	0.135047	0.089838	0.067994	0.054477	0.046060	0.039915	0.035594	
52	24	1.013371	0	0	69.972278	100.000000	1.847878	0.238905	0.121256	0.080865	0.060895	0.048615	0.041157	0.035732	0.031768	
52	32	1.283942	0	0	73.906083	100.000000	1.713651	0.220240	0.110823	0.074555	0.056953	0.045106	0.038188	0.033212	0.029663	
56	8	0.443746	0	0	34.996306	100.000000	3.256032	0.415448	0.209021	0.140183	0.105616	0.084521	0.071313	0.061991	0.054739	
56	16	0.724530	0	0	47.753417	100.000000	2.781328	0.353369	0.179089	0.119956	0.090992	0.072349	0.061537	0.053070	0.047226	
56	24	0.988528	0	0	54.744667	100.000000	2.529111	0.322487	0.163204	0.109455	0.082856	0.066088	0.055834	0.048697	0.043290	
56	32	1.249412	0	0	59.301694	100.000000	2.363593	0.303992	0.151922	0.101839	0.077873	0.062310	0.052450	0.045594	0.040636	
60	8	0.475773	0	0	61.758806	100.000000	2.185619	0.281106	0.140903	0.094348	0.071945	0.056810	0.048334	0.041859	0.037202	
60	16	0.774356	0	0	73.906333	100.000000	1.712531	0.223080	0.111465	0.074991	0.056831	0.044825	0.038157	0.033061	0.029416	
60	24	1.058321	0	0	79.430056	100.000000	1.522010	0.198366	0.099866	0.067077	0.050998	0.039930	0.033820	0.029546	0.026422	
60	32	1.350191	0	0	82.736917	100.000000	1.412913	0.182499	0.093288	0.062220	0.046996	0.037375	0.031488	0.027553	0.024348	
64	8	0.494022	0	0	38.562750	100.000000	3.183828	0.406201	0.203958	0.136266	0.103399	0.082620	0.069651	0.060397	0.053499	
64	16	0.780309	0	0	52.522778	100.000000	2.654656	0.342023	0.170602	0.114712	0.086859	0.069176	0.058498	0.050862	0.045097	
64	24	1.065569	0	0	59.523306	100.000000	2.406987	0.307975	0.155106	0.103585	0.079126	0.062955	0.053110	0.046225	0.041013	
64	32	1.340665	0	0	64.080167	100.000000	2.246943	0.287671	0.145857	0.098051	0.074468	0.059077	0.049907	0.043351	0.038432	
