=== AMD SCF sift

2	8	2.515225	0	0	98.299825	19.604189	8.270418	1.134395	0.591543	0.415062	0.342086	0.312962	0.299386	0.286637	0.289852	
2	16	4.608760	0	0	98.627135	32.536007	7.750307	1.059436	0.545898	0.383405	0.307910	0.280996	0.268479	0.263576	0.261091	
2	24	6.707225	0	0	98.833313	40.452213	7.329376	0.991024	0.508518	0.352236	0.280502	0.249818	0.235713	0.227702	0.222863	
2	32	8.797125	0	0	98.947741	45.709538	7.051534	0.952110	0.488438	0.338998	0.267612	0.245098	0.226514	0.219383	0.212826	
4	8	2.983372	0	0	99.084645	31.397924	8.084989	1.077972	0.545203	0.370917	0.282541	0.238854	0.209296	0.188183	0.176474	
4	16	4.882925	0	0	99.386445	43.403164	7.439896	0.969155	0.488795	0.329956	0.250704	0.209840	0.181953	0.162597	0.147121	
4	24	6.817530	0	0	99.483554	49.838856	7.262654	0.938184	0.475811	0.319450	0.241700	0.201461	0.175435	0.154771	0.140140	
4	32	8.681697	0	0	99.552734	54.270321	7.130767	0.924524	0.464053	0.312520	0.236818	0.196700	0.170895	0.151718	0.136094	
8	8	3.779421	0	0	99.617939	45.372143	10.866507	1.357974	0.681131	0.454830	0.344466	0.276408	0.233302	0.201816	0.178709	
8	16	5.793470	0	0	99.759303	60.121864	10.368359	1.316884	0.661183	0.441897	0.332808	0.268216	0.225325	0.195080	0.172243	
8	24	7.773783	0	0	99.802507	66.280594	10.334475	1.311882	0.657944	0.440550	0.331345	0.267479	0.224595	0.193877	0.171291	
8	32	9.708433	0	0	99.826308	69.483337	10.328645	1.307546	0.657708	0.439072	0.330506	0.266017	0.223925	0.193787	0.170668	
12	8	3.531723	0	0	99.629516	62.362778	13.515614	1.713669	0.859801	0.576445	0.434333	0.355915	0.303229	0.264159	0.234463	
12	16	5.566406	0	0	99.760310	73.834221	13.291608	1.679986	0.843556	0.563153	0.424572	0.347871	0.296269	0.258413	0.229612	
12	24	7.564739	0	0	99.797944	78.638336	13.257487	1.673584	0.840188	0.561310	0.423611	0.346376	0.294945	0.256875	0.228393	
12	32	9.511283	0	0	99.818967	81.951859	13.227475	1.674079	0.850671	0.562001	0.424165	0.347866	0.295172	0.257366	0.228635	
16	8	4.420824	0	0	99.854502	62.508816	16.537595	2.079107	1.040704	0.697911	0.524786	0.430837	0.367557	0.320675	0.284928	
16	16	6.685732	0	0	99.895599	74.715477	16.551737	2.075096	1.042729	0.695697	0.524656	0.430463	0.368107	0.321953	0.284863	
16	24	8.761963	0	0	99.908936	78.698761	16.499656	2.088646	1.044305	0.699768	0.525834	0.434912	0.369091	0.321956	0.286172	
16	32	10.840553	0	0	99.916172	80.854065	16.538512	2.082608	1.043589	0.697519	0.527246	0.431693	0.367413	0.320543	0.285055	
20	8	4.700355	0	0	99.807462	69.483337	19.668747	2.466027	1.237290	0.824974	0.624939	0.519554	0.441953	0.387599	0.345544	
20	16	6.602838	0	0	99.856049	80.763420	19.634030	2.467855	1.235822	0.825728	0.624995	0.520573	0.442798	0.387520	0.345268	
20	24	8.754603	0	0	99.874078	84.736626	19.506649	2.457830	1.230843	0.823080	0.622008	0.519158	0.441446	0.386908	0.353497	
20	32	10.903892	0	0	99.881721	87.178970	19.570695	2.465341	1.242654	0.830175	0.624705	0.518600	0.442628	0.387797	0.345680	
24	8	4.618142	0	0	99.831902	72.509819	23.437190	2.900674	1.454514	0.972446	0.735277	0.618984	0.526713	0.463080	0.413983	
24	16	7.328744	0	0	99.871180	83.427338	23.067033	2.900549	1.453562	0.975100	0.735768	0.613690	0.526091	0.463692	0.414395	
24	24	9.736650	0	0	99.886471	86.997681	23.178085	2.914172	1.460340	0.975589	0.733377	0.620806	0.530025	0.465550	0.416804	
24	32	12.015828	0	0	99.892958	89.334274	23.484663	2.915308	1.458667	0.979504	0.745396	0.616555	0.528501	0.464783	0.415431	
28	8	4.809583	0	0	99.706687	88.553734	29.887974	3.692879	1.856955	1.242860	0.946796	0.871616	0.805551	0.752460	0.705116	
28	16	7.342920	0	0	99.759972	95.115318	29.759779	3.893500	1.956708	1.312246	1.016783	0.913607	0.831823	0.761945	0.707299	
28	24	9.614782	0	0	99.782577	96.741867	29.697867	3.680076	1.858469	1.249598	0.961740	0.884978	0.804393	0.749629	0.702349	
28	32	11.818484	0	0	99.793839	97.472054	28.893133	3.663630	1.847345	1.240164	0.944802	0.865906	0.800855	0.747526	0.701390	
32	8	5.319566	0	0	99.915053	69.206360	47.869250	5.997743	3.006147	2.008181	1.511675	1.243035	1.024926	0.884214	0.777878	
32	16	8.362350	0	0	99.931702	79.781448	47.750853	5.992408	2.999990	2.004951	1.513212	1.216382	1.021299	0.880768	0.774298	
32	24	10.979735	0	0	99.937999	83.276260	47.827074	5.999393	3.002008	2.008605	1.510147	1.220222	1.019677	0.880963	0.774690	
32	32	13.487566	0	0	99.941011	84.776917	47.781628	5.994679	3.000661	2.004498	1.512137	1.224781	1.018780	0.878623	0.773002	
36	8	6.802678	0	0	99.643240	93.151375	53.436735	6.707392	3.359568	2.245115	1.690497	1.373717	1.149609	0.994723	0.876880	
36	16	9.456403	0	0	99.699676	97.653343	53.262209	6.692914	3.353230	2.239985	1.686838	1.386463	1.149349	0.993503	0.874321	
36	24	12.315491	0	0	99.717859	98.368416	53.256828	6.685222	3.350331	2.237760	1.684759	1.375452	1.144814	0.989823	0.873184	
36	32	14.913894	0	0	99.725850	98.695740	53.298922	6.688941	3.352527	2.239461	1.686919	1.383785	1.147273	0.990147	0.874026	
40	8	6.812850	0	0	99.881819	81.418068	57.763543	7.243556	3.626321	2.423340	1.825629	1.489981	1.242172	1.074800	0.947865	
40	16	10.268065	0	0	99.901091	89.948639	57.691786	7.236987	3.622647	2.422104	1.824183	1.491881	1.241847	1.073467	0.947544	
40	24	13.599588	0	0	99.907214	92.501762	57.719650	7.239527	3.624044	2.421603	1.825546	1.494590	1.243238	1.074493	0.947963	
40	32	16.625766	0	0	99.909894	93.967171	57.722777	7.237035	3.624071	2.419821	1.822874	1.475606	1.254303	1.081608	0.947959	
44	8	6.210016	0	0	98.107857	99.843887	67.051551	8.527047	4.279230	2.865831	2.167267	1.761282	1.484300	1.288800	1.139704	
44	16	9.160626	0	0	98.282050	99.984894	66.634858	8.487907	4.261136	2.851221	2.155370	1.753936	1.478421	1.286514	1.138439	
44	24	11.892715	0	0	87.834725	99.989929	91.461424	12.211893	6.320943	4.415338	3.725836	3.373383	3.143705	3.040125	2.912616	
44	32	14.519591	0	0	62.252354	99.994965	145.922410	21.312547	12.362670	11.864608	11.512597	9.418898	8.099247	7.220605	6.403371	
48	8	6.797681	0	0	99.100100	99.466209	69.601606	8.772560	4.397970	2.939733	2.216466	1.895394	1.514265	1.309644	1.154928	
48	16	10.178957	0	0	99.188571	99.879143	69.328451	8.745706	4.387805	2.932459	2.210826	1.814680	1.510447	1.305915	1.152741	
48	24	12.985700	0	0	88.610862	99.934540	94.761220	12.526694	6.479958	4.499610	3.737936	3.411693	3.037479	2.927957	2.816160	
48	32	15.848388	0	0	62.794416	99.984894	150.471046	22.313939	13.135609	11.794048	11.580197	9.804972	7.818102	6.988102	6.383196	
52	8	7.369156	0	0	99.548909	98.146843	73.304431	9.209677	4.615426	3.082658	2.322006	1.885564	1.583599	1.368907	1.207287	
52	16	10.872719	0	0	99.595368	99.446068	73.077842	9.183673	4.603276	3.073819	2.312470	1.881499	1.577660	1.361782	1.199712	
52	24	14.105683	0	0	80.727038	99.733101	118.289221	16.765850	9.269091	8.274200	7.803543	6.778244	5.694495	5.158635	4.589083	
52	32	17.182111	0	0	58.737965	99.899284	162.297977	23.509082	13.766108	13.241476	12.865531	10.488143	8.888325	7.792091	6.929299	
56	8	7.890750	0	0	99.795624	94.274345	77.624909	9.729873	4.874261	3.254667	2.452514	1.984640	1.672219	1.443981	1.272961	
56	16	11.877252	0	0	99.816862	97.829590	77.431800	9.714557	4.865469	3.252850	2.448492	2.008338	1.669413	1.441201	1.269612	
56	24	15.240947	0	0	80.893193	98.962631	122.388988	17.439939	10.247567	9.616277	9.306976	8.031341	6.933564	6.144701	5.378287	
56	32	18.501999	0	0	54.256957	99.471245	175.149158	26.731580	19.278644	17.644948	16.058429	13.415811	10.628630	9.665975	8.205812	
60	8	8.445607	0	0	99.900943	87.209183	82.327998	10.287418	5.153882	3.444968	2.593287	2.124644	1.761296	1.521427	1.338476	
60	16	12.539283	0	0	99.911658	93.252090	82.110864	10.294723	5.154779	3.445080	2.595822	2.096977	1.765080	1.524515	1.341527	
60	24	16.407873	0	0	80.963662	96.449791	126.748813	17.625657	9.298590	7.395466	6.738597	5.609212	4.776226	4.292362	3.932477	
60	32	19.850189	0	0	54.299933	98.096481	179.942370	27.118170	18.557010	17.240422	15.884755	12.923431	10.558746	9.120292	7.838225	
64	8	9.062318	0	0	99.940819	76.855675	86.939035	10.852877	5.435628	3.632640	2.732934	2.213598	1.860129	1.606446	1.414682	
64	16	13.696957	0	0	99.947631	84.832314	86.754568	10.874508	5.447377	3.644305	2.747243	2.238158	1.879667	1.616762	1.416416	
64	24	17.387908	0	0	80.990104	90.427032	131.993431	18.568251	10.318816	9.378851	8.830167	7.527768	6.448721	5.787558	5.090704	
64	32	21.262065	0	0	54.315549	94.198814	184.651269	27.750453	19.715717	18.024672	16.515921	13.886337	11.090033	9.711830	8.434172	
