=== AMD SCF digits

2	8	0.083570	0	0	98.455938	17.417917	0.082686	0.014857	0.007342	0.005459	0.004323	0.003346	0.002909	0.002690	0.002108	
2	16	0.150636	0	0	98.593174	30.217028	0.083329	0.016774	0.008822	0.005436	0.004468	0.003642	0.003173	0.002917	0.007860	
2	24	0.214496	0	0	98.718575	39.065109	0.084075	0.017123	0.007772	0.005464	0.004023	0.003438	0.003019	0.002507	0.002357	
2	32	0.278272	0	0	98.810046	44.240398	0.087577	0.015734	0.007496	0.005579	0.004443	0.003543	0.003037	0.002793	0.002194	
4	8	0.094661	0	0	98.998724	27.351141	0.095710	0.017287	0.008242	0.006037	0.004657	0.003726	0.003437	0.002499	0.002279	
4	16	0.162364	0	0	99.101534	44.462994	0.107318	0.018622	0.008453	0.006219	0.005002	0.003954	0.003395	0.002807	0.002339	
4	24	0.230109	0	0	99.164533	54.702282	0.101875	0.019502	0.008618	0.006238	0.004929	0.003730	0.003240	0.002906	0.002386	
4	32	0.296905	0	0	99.214999	59.042847	0.103236	0.019197	0.008881	0.006514	0.004915	0.004024	0.003397	0.002624	0.002437	
8	8	0.114573	0	0	99.296951	42.431831	0.139564	0.026093	0.011696	0.008150	0.006125	0.004807	0.003964	0.003525	0.002871	
8	16	0.189837	0	0	99.394608	58.514191	0.141582	0.026596	0.011377	0.008236	0.006289	0.005329	0.004094	0.003358	0.003149	
8	24	0.261818	0	0	99.419805	65.859764	0.145643	0.027100	0.012155	0.008498	0.006716	0.004965	0.004127	0.003598	0.002994	
8	32	0.332656	0	0	99.447083	70.061211	0.148351	0.023974	0.012306	0.008484	0.006524	0.005005	0.004570	0.003325	0.003054	
12	8	0.130614	0	0	99.229890	57.178627	0.177755	0.030301	0.014597	0.010142	0.007676	0.005971	0.005053	0.004408	0.004004	
12	16	0.223605	0	0	99.300444	73.594879	0.181583	0.029600	0.014953	0.009859	0.007432	0.006205	0.004608	0.004071	0.003859	
12	24	0.300067	0	0	99.321274	79.437950	0.187214	0.031743	0.015071	0.010495	0.008218	0.006846	0.005499	0.004951	0.003805	
12	32	0.376120	0	0	99.334739	82.387314	0.189856	0.029074	0.015745	0.011539	0.008947	0.006984	0.005268	0.004348	0.004055	
16	8	0.149020	0	0	99.485977	66.833611	0.220752	0.034605	0.017171	0.011128	0.009138	0.007563	0.006054	0.005052	0.004407	
16	16	0.254733	0	0	99.502149	78.658882	0.224265	0.034063	0.016900	0.011753	0.008975	0.007094	0.005708	0.005054	0.004626	
16	24	0.341852	0	0	98.132034	84.056763	0.248267	0.038336	0.018819	0.012918	0.009507	0.007594	0.006328	0.005336	0.004997	
16	32	0.428622	0	0	96.473371	86.894821	0.275883	0.041120	0.022441	0.014225	0.010601	0.008927	0.006812	0.006051	0.005338	
20	8	0.163630	0	0	8.265061	96.327209	1.243778	0.163270	0.085087	0.054949	0.041261	0.033139	0.028197	0.024543	0.022170	
20	16	0.247447	0	0	1.932377	99.666115	1.301501	0.171027	0.086613	0.057644	0.043078	0.034671	0.029676	0.025949	0.023372	
20	24	0.347007	0	0	0.130569	99.944351	1.318215	0.173441	0.086043	0.058728	0.044694	0.035297	0.030153	0.026250	0.023899	
20	32	0.392003	0	0	0.668813	99.944351	1.337960	0.174956	0.088347	0.058763	0.044385	0.035904	0.030763	0.026963	0.024162	
24	8	0.120767	0	0	0.000000	100.000000	1.351481	0.173831	0.089797	0.059953	0.045083	0.035903	0.030769	0.026924	0.024261	
24	16	0.198658	0	0	0.000000	100.000000	1.373890	0.180102	0.090569	0.060547	0.045859	0.036716	0.031207	0.027233	0.024586	
24	24	0.224939	0	0	0.000000	100.000000	1.442010	0.186853	0.095219	0.063637	0.048211	0.038523	0.032828	0.028797	0.025854	
24	32	0.269113	0	0	0.000000	100.000000	1.495881	0.196063	0.098395	0.066452	0.050441	0.040160	0.034310	0.029859	0.027025	
28	8	0.149283	0	0	0.000000	100.000000	1.650076	0.212701	0.109074	0.072825	0.055137	0.043201	0.036507	0.031234	0.028348	
28	16	0.220942	0	0	0.000000	100.000000	1.695767	0.217145	0.108925	0.072768	0.055608	0.044216	0.037122	0.032367	0.028422	
28	24	0.271163	0	0	0.000000	100.000000	1.745179	0.224799	0.112066	0.076210	0.056992	0.045163	0.038702	0.033033	0.029576	
28	32	0.322679	0	0	0.000000	100.000000	1.797217	0.232960	0.116749	0.078902	0.059728	0.046678	0.039706	0.034706	0.030824	
32	8	0.168828	0	0	0.000000	100.000000	1.713120	0.222637	0.111854	0.075334	0.057232	0.044605	0.037826	0.032331	0.029278	
32	16	0.250541	0	0	0.000000	100.000000	1.735862	0.221801	0.113237	0.076109	0.057763	0.045406	0.038416	0.032878	0.029548	
32	24	0.300273	0	0	0.000000	100.000000	1.808945	0.231995	0.116262	0.078970	0.059407	0.047284	0.039860	0.034858	0.030866	
32	32	0.367451	0	0	0.000000	100.000000	1.873450	0.241985	0.122014	0.082300	0.061686	0.048986	0.041351	0.036304	0.032291	
36	8	0.073082	0	0	0.000000	100.000000	1.815877	0.231347	0.116468	0.078786	0.059271	0.046664	0.039554	0.034508	0.030638	
36	16	0.085152	0	0	0.000000	100.000000	1.839546	0.236322	0.119229	0.080524	0.060515	0.047993	0.040558	0.034911	0.031511	
36	24	0.034440	0	0	8.454321	90.734558	1.986656	0.258320	0.128866	0.086310	0.065011	0.051964	0.044207	0.038356	0.034365	
36	32	0.034710	0	0	3.066319	96.800217	2.098876	0.268519	0.135277	0.091204	0.068911	0.055352	0.046781	0.040529	0.036455	
40	8	0.079883	0	0	0.000000	100.000000	1.850431	0.240525	0.121500	0.081051	0.060893	0.048396	0.040899	0.035218	0.031812	
40	16	0.089447	0	0	0.000000	100.000000	1.916743	0.246562	0.124360	0.083235	0.062881	0.050510	0.042305	0.036487	0.032943	
40	24	0.037151	0	0	0.000000	100.000000	2.152321	0.278240	0.139688	0.093965	0.070671	0.065588	0.047955	0.041518	0.037548	
40	32	0.034026	0	0	3.094543	96.800217	2.196670	0.284112	0.142546	0.095134	0.071429	0.057625	0.048857	0.042448	0.038436	
44	8	0.089673	0	0	0.000000	100.000000	1.911280	0.249548	0.123333	0.083969	0.062850	0.050007	0.042496	0.036399	0.032809	
44	16	0.099715	0	0	0.000000	100.000000	1.982734	0.255338	0.128518	0.085405	0.064764	0.051733	0.043571	0.037694	0.033829	
44	24	0.042321	0	0	0.000000	100.000000	2.274516	0.291801	0.146135	0.098677	0.074652	0.059965	0.050432	0.043990	0.039647	
44	32	0.041794	0	0	0.000000	100.000000	2.354440	0.304313	0.151235	0.101268	0.075847	0.061931	0.052415	0.045757	0.041112	
48	8	0.099258	0	0	0.000000	100.000000	1.980020	0.254418	0.128809	0.086482	0.064809	0.051591	0.043597	0.037714	0.033985	
48	16	0.113221	0	0	0.000000	100.000000	2.046196	0.265876	0.132499	0.088502	0.066854	0.053215	0.045146	0.039033	0.035073	
48	24	0.042277	0	0	8.605807	90.511963	2.272347	0.293351	0.147151	0.098629	0.074391	0.059983	0.050839	0.044016	0.039672	
48	32	0.040963	0	0	3.093597	96.800217	2.395569	0.308251	0.154730	0.103774	0.078400	0.063324	0.053511	0.046590	0.042030	
52	8	0.101292	0	0	0.000000	100.000000	2.039381	0.263286	0.134849	0.088570	0.067138	0.052960	0.044865	0.038737	0.034969	
52	16	0.110093	0	0	0.000000	100.000000	2.111046	0.270013	0.135927	0.091368	0.068941	0.054977	0.046351	0.040193	0.036289	
52	24	0.048313	0	0	8.582444	90.595436	2.374498	0.303393	0.152510	0.101724	0.077485	0.062525	0.053001	0.046069	0.041388	
52	32	0.048467	0	0	3.092782	96.800217	2.500833	0.320768	0.160680	0.107681	0.081348	0.065831	0.055766	0.048572	0.043807	
56	8	0.110109	0	0	0.000000	100.000000	2.099982	0.270897	0.135267	0.091478	0.068890	0.054830	0.046658	0.039970	0.036120	
56	16	0.121535	0	0	0.000000	100.000000	2.186047	0.281251	0.141696	0.094724	0.071610	0.056641	0.048076	0.042031	0.037498	
56	24	0.053684	0	0	8.631964	90.511963	2.461399	0.314463	0.158931	0.106382	0.080359	0.065256	0.054992	0.047823	0.043153	
56	32	0.052360	0	0	3.092782	96.800217	2.597266	0.331645	0.166077	0.111875	0.084440	0.068476	0.058093	0.050359	0.045584	
60	8	0.121368	0	0	0.000000	100.000000	2.166091	0.278795	0.140264	0.094610	0.070943	0.056215	0.047722	0.040994	0.037046	
60	16	0.129599	0	0	0.000000	100.000000	2.250699	0.286812	0.145381	0.097637	0.072860	0.058515	0.049551	0.042944	0.038685	
60	24	0.052306	0	0	0.030160	100.000000	2.630628	0.336490	0.169619	0.113863	0.084732	0.069619	0.058795	0.051004	0.046008	
60	32	0.051295	0	0	3.092040	96.800217	2.703855	0.350437	0.173137	0.116019	0.087865	0.071406	0.060257	0.052391	0.047327	
64	8	0.128851	0	0	0.000000	100.000000	2.240198	0.286348	0.144240	0.096332	0.073267	0.058374	0.049369	0.043155	0.038225	
64	16	0.140060	0	0	0.000000	100.000000	2.320776	0.298359	0.149105	0.099436	0.075398	0.060092	0.050873	0.044071	0.039799	
64	24	0.061558	0	0	0.000000	100.000000	2.713387	0.349273	0.175530	0.117308	0.088510	0.071829	0.060470	0.052521	0.047407	
64	32	0.057304	0	0	0.000000	100.000000	2.867385	0.364752	0.184555	0.122653	0.093831	0.075712	0.064332	0.055748	0.050327	
