=== Intel PCAF maledon

53	2.839252	1	1	98.929361	53.277779	0.200839	0.050331	0.025214	0.016846	0.012660	
53	0.026011	1	1	98.929361	53.277779	0.201581	0.050275	0.025184	0.016841	0.012647	
53	0.024621	1	2	98.229778	66.722221	0.211079	0.052824	0.026431	0.017666	0.013274	
53	0.024080	1	4	96.940694	77.472221	0.229317	0.057382	0.028734	0.019183	0.014420	
53	0.025582	1	8	94.838806	86.111107	0.260699	0.065347	0.032708	0.021538	0.016405	
53	0.026878	1	16	91.301056	92.583336	0.313089	0.077538	0.037506	0.025838	0.019693	

53	0.025329	2	1	96.608306	80.555557	0.234320	0.058714	0.029474	0.019726	0.014875	
53	0.024805	2	2	94.244750	89.750000	0.268216	0.067135	0.033608	0.022203	0.016883	
53	0.025086	2	4	91.008556	94.500000	0.315091	0.076909	0.037723	0.025801	0.019822	
53	0.024613	2	8	85.416417	97.833336	0.393783	0.091851	0.046277	0.031971	0.024764	
53	0.024734	2	16	76.951139	99.305557	0.501308	0.119647	0.060544	0.041787	0.032278	

53	0.022105	3	1	91.787944	93.111107	0.302450	0.075947	0.036671	0.025086	0.019650	
53	0.027611	3	2	85.717472	97.305557	0.386505	0.090834	0.046012	0.032107	0.024489	
53	0.025243	3	4	78.847444	99.000000	0.473345	0.112969	0.057924	0.039955	0.030457	
53	0.020560	3	8	67.939639	99.666664	0.609617	0.146660	0.074809	0.052428	0.039958	
53	0.023658	3	16	53.295111	99.944443	0.788438	0.195713	0.100749	0.067871	0.052439	

53	0.027193	4	1	82.065361	98.166672	0.433138	0.103724	0.052226	0.036860	0.028303	
53	0.025325	4	2	70.009250	99.388893	0.580142	0.141479	0.070945	0.049910	0.038096	
53	0.024480	4	4	59.118639	99.888893	0.716264	0.175941	0.088866	0.062276	0.047444	
53	0.024093	4	8	44.171806	99.972221	0.900002	0.223469	0.112512	0.079105	0.060236	
53	0.026756	4	16	27.793194	100.000000	1.099061	0.274931	0.140976	0.097063	0.073908	

53	0.025874	5	1	65.989861	99.444443	0.630050	0.153499	0.077652	0.053898	0.041815	
53	0.026767	5	2	48.239917	99.916664	0.847020	0.206807	0.107648	0.072968	0.056653	
53	0.025377	5	4	36.336556	100.000000	0.992204	0.247761	0.126649	0.086808	0.066633	
53	0.027459	5	8	22.280944	100.000000	1.162500	0.290445	0.149664	0.102981	0.078430	
53	0.024435	5	16	10.537083	100.000000	1.300094	0.321499	0.167961	0.113850	0.088162	

58	2.813443	1	1	98.966944	53.972221	0.212621	0.053210	0.026659	0.017841	0.013387	
58	0.025924	1	1	98.966944	53.972221	0.212330	0.053155	0.026669	0.017794	0.013393	
58	0.025603	1	2	98.254972	68.277779	0.222970	0.055788	0.027953	0.018668	0.014036	
58	0.027480	1	4	96.957778	78.833336	0.241016	0.060368	0.030307	0.020239	0.015190	
58	0.022757	1	8	94.877639	87.222221	0.273291	0.068178	0.034133	0.022486	0.017107	
58	0.027910	1	16	91.383667	93.444443	0.323830	0.077361	0.038786	0.026723	0.020360	

58	0.025916	2	1	96.718917	81.500000	0.245154	0.061490	0.030864	0.020743	0.015604	
58	0.027906	2	2	94.320917	90.666672	0.279224	0.069880	0.034633	0.023086	0.017587	
58	0.025843	2	4	91.070583	95.083328	0.326056	0.078768	0.038888	0.026925	0.020488	
58	0.028339	2	8	85.482472	97.916672	0.411060	0.095373	0.048625	0.032939	0.025512	
58	0.027525	2	16	77.089194	99.472221	0.507628	0.122839	0.061433	0.043173	0.043835	

58	0.024622	3	1	92.001667	93.583336	0.311711	0.076505	0.037836	0.025971	0.020226	
58	0.022261	3	2	85.828306	97.694443	0.395573	0.093517	0.047500	0.033297	0.025488	
58	0.027371	3	4	78.945778	99.277779	0.481217	0.116065	0.059315	0.040807	0.031113	
58	0.018946	3	8	68.023306	99.722221	0.618961	0.151288	0.076336	0.053331	0.040603	
58	0.026242	3	16	53.421778	99.944443	0.797617	0.192609	0.100220	0.069408	0.053134	

58	0.026603	4	1	82.347111	98.166672	0.438098	0.105467	0.052858	0.037336	0.028643	
58	0.024967	4	2	70.109278	99.388893	0.589248	0.140948	0.072143	0.050676	0.038821	
58	0.026857	4	4	59.207167	99.888893	0.723636	0.179849	0.091319	0.063009	0.048037	
58	0.027385	4	8	44.186361	99.972221	0.911025	0.224686	0.115418	0.079875	0.061153	
58	0.022854	4	16	27.838000	100.000000	1.102872	0.275914	0.141782	0.095989	0.074456	

58	0.025950	5	1	66.255194	99.555557	0.634328	0.154094	0.079938	0.055239	0.042200	
58	0.027558	5	2	48.321611	99.916664	0.851175	0.210441	0.108194	0.074659	0.056952	
58	0.025384	5	4	36.429278	100.000000	0.996346	0.244636	0.125141	0.086327	0.066976	
58	0.027121	5	8	22.297500	100.000000	1.168646	0.292286	0.147593	0.101773	0.078917	
58	0.027319	5	16	10.542917	100.000000	1.307159	0.329921	0.168728	0.114735	0.089279	

63	2.820452	1	1	98.981000	56.305557	0.227092	0.056841	0.028476	0.019031	0.014298	
63	0.027361	1	1	98.981000	56.305557	0.227112	0.056855	0.028464	0.019014	0.014300	
63	0.018563	1	2	98.279944	69.638893	0.237314	0.059421	0.029743	0.019863	0.014919	
63	0.020394	1	4	96.975944	80.250000	0.255570	0.063967	0.032071	0.021403	0.016094	
63	0.027020	1	8	94.888278	88.027779	0.286799	0.071785	0.034846	0.023365	0.018009	
63	0.028030	1	16	91.409000	93.972221	0.337991	0.079038	0.040423	0.027883	0.021249	

63	0.027967	2	1	96.749361	82.305557	0.258999	0.064924	0.032588	0.021830	0.016453	
63	0.028164	2	2	94.357167	91.166672	0.293536	0.073207	0.036197	0.024246	0.018480	
63	0.029477	2	4	91.095222	95.750000	0.342131	0.081398	0.040750	0.027630	0.021433	
63	0.030554	2	8	85.493778	98.166672	0.414961	0.097809	0.050134	0.034555	0.026375	
63	0.022181	2	16	77.121917	99.388893	0.518615	0.125617	0.064110	0.044271	0.033885	

63	0.026955	3	1	92.051278	94.555557	0.325602	0.079071	0.039035	0.027032	0.021145	
63	0.028824	3	2	85.901250	98.111115	0.408486	0.096350	0.049267	0.034001	0.025940	
63	0.019486	3	4	78.974528	99.250000	0.495724	0.118638	0.060906	0.041309	0.032022	
63	0.027216	3	8	68.018528	99.750000	0.633516	0.150630	0.079354	0.054188	0.041619	
63	0.027319	3	16	53.453556	99.944443	0.810679	0.200247	0.103051	0.069718	0.053925	

63	0.028748	4	1	82.481944	98.305550	0.453267	0.107098	0.054357	0.038498	0.029461	
63	0.028954	4	2	70.233694	99.527779	0.600712	0.146362	0.075019	0.050909	0.045861	
63	0.031055	4	4	59.253917	99.916664	0.738546	0.183619	0.093128	0.064175	0.071006	
63	0.021208	4	8	44.150944	99.972221	0.923798	0.227117	0.117868	0.081173	0.062605	
63	0.020575	4	16	27.854972	100.000000	1.119258	0.279685	0.143562	0.098989	0.081216	

63	0.026840	5	1	66.532083	99.583336	0.644831	0.154973	0.079832	0.055444	0.043039	
63	0.022913	5	2	48.464250	99.888893	0.863682	0.216929	0.107804	0.075826	0.058867	
63	0.027114	5	4	36.449833	99.972221	1.011731	0.255539	0.134785	0.089588	0.071131	
63	0.024867	5	8	22.247472	99.972221	1.183087	0.292732	0.152645	0.103315	0.079930	
63	0.027541	5	16	10.546389	100.000000	1.322161	0.326617	0.170605	0.115874	0.089606	

68	2.827643	1	1	98.993000	57.694447	0.238355	0.059680	0.029919	0.019972	0.015009	
68	0.016267	1	1	98.993000	57.694447	0.238047	0.059631	0.029917	0.020048	0.015091	
68	0.024083	1	2	98.298167	71.111115	0.248318	0.062221	0.030855	0.020483	0.015688	
68	0.017074	1	4	96.999889	81.277779	0.267764	0.066672	0.033061	0.021981	0.016781	
68	0.018720	1	8	94.916861	89.055557	0.296397	0.072826	0.035573	0.024398	0.018712	
68	0.017931	1	16	91.448139	94.916664	0.347539	0.082168	0.043619	0.028765	0.026080	

68	0.022665	2	1	96.816250	83.638885	0.269117	0.066531	0.032345	0.021969	0.017101	
68	0.034403	2	2	94.431083	92.055550	0.303958	0.072549	0.035740	0.025074	0.019117	
68	0.023068	2	4	91.163944	96.111115	0.349827	0.081669	0.041822	0.028364	0.022049	
68	0.017479	2	8	85.558417	98.694443	0.421529	0.098075	0.050245	0.035318	0.029475	
68	0.016900	2	16	77.183111	99.638893	0.526546	0.127202	0.064210	0.044968	0.034253	

68	0.022975	3	1	92.209694	94.555557	0.334512	0.077488	0.039961	0.028158	0.021636	
68	0.017445	3	2	86.005528	98.083336	0.413281	0.097471	0.049760	0.034268	0.026690	
68	0.017476	3	4	79.061917	99.305557	0.500863	0.117722	0.061836	0.042643	0.032501	
68	0.019766	3	8	68.079333	99.805557	0.637915	0.152528	0.078343	0.054699	0.041992	
68	0.023330	3	16	53.480778	99.944443	0.813510	0.198801	0.101671	0.070001	0.054340	

68	0.018740	4	1	82.697917	98.500000	0.453247	0.109134	0.056170	0.038256	0.029842	
68	0.017303	4	2	70.378722	99.555557	0.608594	0.144830	0.074967	0.051862	0.040113	
68	0.019182	4	4	59.332944	99.944443	0.740897	0.181368	0.093922	0.064763	0.049371	
68	0.017542	4	8	44.189333	99.972221	0.928113	0.230894	0.116716	0.080449	0.062501	
68	0.022876	4	16	27.845417	100.000000	1.124710	0.278043	0.144824	0.099767	0.075986	

68	0.024068	5	1	66.753222	99.694443	0.649411	0.159078	0.080881	0.055835	0.043343	
68	0.017124	5	2	48.615889	99.916664	0.865960	0.210922	0.111432	0.076645	0.058191	
68	0.019552	5	4	36.535250	99.972221	1.014013	0.249193	0.129886	0.089902	0.068478	
68	0.017645	5	8	22.272778	99.972221	1.189011	0.300255	0.151451	0.103868	0.081161	
68	0.016197	5	16	10.525167	100.000000	1.329104	0.328284	0.168477	0.118281	0.090359	

73	2.822395	1	1	98.988750	59.527779	0.235310	0.059019	0.029500	0.019696	0.014833	
73	0.020599	1	1	98.988750	59.527779	0.235278	0.058944	0.029521	0.019378	0.014849	
73	0.019476	1	2	98.286139	73.444443	0.245501	0.061870	0.030726	0.020019	0.015534	
73	0.031872	1	4	97.019667	82.611115	0.262461	0.065736	0.031672	0.021269	0.016600	
73	0.018437	1	8	94.950222	90.138885	0.292532	0.071854	0.034411	0.024204	0.018398	
73	0.024002	1	16	91.518722	95.416664	0.339572	0.080520	0.043350	0.028378	0.023495	

73	0.024498	2	1	96.813083	85.611115	0.266260	0.067971	0.032516	0.022123	0.016926	
73	0.017921	2	2	94.406972	93.194443	0.300914	0.071815	0.036116	0.024557	0.019013	
73	0.022041	2	4	91.250528	96.555557	0.345899	0.080446	0.041586	0.028528	0.021824	
73	0.025044	2	8	85.692778	98.944443	0.415321	0.099303	0.050684	0.035522	0.027228	
73	0.015611	2	16	77.371083	99.611107	0.523789	0.125573	0.064667	0.043976	0.034012	

73	0.017240	3	1	92.222111	95.472221	0.331751	0.078656	0.040181	0.027910	0.021450	
73	0.019980	3	2	85.944667	98.583336	0.413575	0.098054	0.050342	0.034317	0.026506	
73	0.018130	3	4	79.181111	99.444443	0.501024	0.118271	0.061580	0.042466	0.032355	
73	0.020265	3	8	68.259139	99.805557	0.636504	0.155177	0.079759	0.053964	0.041910	
73	0.023037	3	16	53.686472	99.972221	0.811502	0.196312	0.101617	0.070279	0.054216	

73	0.019728	4	1	82.681972	98.861107	0.452810	0.109338	0.055305	0.038875	0.029785	
73	0.018267	4	2	70.235111	99.666664	0.606499	0.146508	0.074668	0.051560	0.040124	
73	0.025217	4	4	59.457917	99.972221	0.740116	0.179819	0.093920	0.064759	0.050035	
73	0.019355	4	8	44.347944	99.972221	0.929886	0.233205	0.120989	0.081348	0.062452	
73	0.031645	4	16	28.004306	100.000000	1.123604	0.284524	0.147289	0.099772	0.075992	

73	0.023864	5	1	66.742417	99.888893	0.649159	0.158772	0.082313	0.056547	0.044959	
73	0.022731	5	2	48.459056	99.972221	0.871402	0.216954	0.111090	0.076684	0.058526	
73	0.019924	5	4	36.667972	99.972221	1.015680	0.250714	0.130299	0.088412	0.068466	
73	0.018041	5	8	22.393444	99.972221	1.191930	0.292619	0.151091	0.104156	0.081439	
73	0.022490	5	16	10.601806	100.000000	1.330739	0.329536	0.168990	0.116615	0.090751	

78	2.835423	1	1	98.995194	61.611111	0.250366	0.062713	0.031411	0.020660	0.015783	
78	0.026488	1	1	98.995194	61.611111	0.250589	0.062700	0.031410	0.020736	0.015789	
78	0.019238	1	2	98.317750	74.805557	0.260211	0.065138	0.032072	0.021492	0.016389	
78	0.018111	1	4	97.064056	84.166664	0.276795	0.067946	0.033123	0.022415	0.017448	
78	0.020973	1	8	95.011361	90.833336	0.306408	0.074519	0.036041	0.025302	0.019283	
78	0.019519	1	16	91.581528	96.111115	0.356398	0.082829	0.041957	0.028947	0.022434	

78	0.024266	2	1	96.823722	87.305557	0.281350	0.070194	0.033831	0.023342	0.017862	
78	0.018525	2	2	94.500667	93.888893	0.314686	0.072622	0.036965	0.026080	0.019818	
78	0.021118	2	4	91.351639	97.138885	0.358188	0.084736	0.042562	0.029213	0.022597	
78	0.019214	2	8	85.838222	99.166664	0.427506	0.099430	0.051302	0.035948	0.027389	
78	0.018554	2	16	77.528889	99.777779	0.531587	0.129501	0.066058	0.045497	0.034651	

78	0.023580	3	1	92.217528	96.250000	0.345956	0.078981	0.041866	0.029150	0.022495	
78	0.020155	3	2	86.102833	98.861107	0.422417	0.101644	0.051608	0.035619	0.027177	
78	0.021685	3	4	79.370806	99.444443	0.508016	0.121481	0.061746	0.042576	0.033063	
78	0.020141	3	8	68.500139	99.805557	0.643540	0.155154	0.079447	0.054721	0.042460	
78	0.018582	3	16	53.872167	99.944443	0.820267	0.200097	0.104340	0.071961	0.054797	

78	0.021580	4	1	82.658139	99.055557	0.468568	0.113374	0.058337	0.039560	0.030903	
78	0.024031	4	2	70.433250	99.805557	0.615208	0.151453	0.076130	0.052594	0.040776	
78	0.021665	4	4	59.688000	99.972221	0.749378	0.183376	0.095067	0.065560	0.049983	
78	0.019854	4	8	44.559417	99.972221	0.939856	0.231721	0.118187	0.081436	0.063042	
78	0.019954	4	16	28.118250	100.000000	1.132573	0.277890	0.145996	0.100688	0.076664	

78	0.019405	5	1	66.747250	99.888893	0.661572	0.160217	0.082296	0.057007	0.044294	
78	0.026352	5	2	48.639278	99.972221	0.879216	0.213724	0.111715	0.076382	0.060208	
78	0.019205	5	4	36.858944	99.972221	1.024612	0.249976	0.129047	0.090690	0.069131	
78	0.024051	5	8	22.548083	99.972221	1.201980	0.297295	0.152926	0.105501	0.082089	
78	0.025717	5	16	10.651639	100.000000	1.343422	0.338209	0.170815	0.118019	0.091174	

83	2.825350	1	1	99.004028	62.916668	0.261340	0.065393	0.032595	0.021596	0.016468	
83	0.020758	1	1	99.004028	62.916668	0.261168	0.065348	0.031301	0.021594	0.016475	
83	0.019377	1	2	98.349639	76.083336	0.270964	0.067818	0.032674	0.021943	0.017075	
83	0.024842	1	4	97.110111	84.750000	0.288366	0.070401	0.034461	0.023787	0.018129	
83	0.020216	1	8	95.073389	91.527779	0.316783	0.072751	0.037909	0.025652	0.019926	
83	0.019223	1	16	91.652167	96.361115	0.367589	0.085412	0.043968	0.030323	0.023079	

83	0.018754	2	1	96.862639	88.027779	0.291746	0.072057	0.035007	0.024238	0.018505	
83	0.023825	2	2	94.593500	94.361107	0.324666	0.076485	0.038721	0.026815	0.020418	
83	0.021292	2	4	91.474250	97.194443	0.366260	0.086697	0.043292	0.030460	0.023226	
83	0.019750	2	8	86.002194	99.138893	0.435664	0.101909	0.053238	0.036704	0.027967	
83	0.024201	2	16	77.698694	99.722221	0.549476	0.131437	0.067196	0.045657	0.035303	

83	0.021181	3	1	92.291722	96.638885	0.355024	0.083305	0.042354	0.029753	0.023043	
83	0.019919	3	2	86.299278	99.055557	0.430185	0.103555	0.052671	0.035735	0.027756	
83	0.019474	3	4	79.587028	99.722221	0.518498	0.123688	0.064169	0.044170	0.033625	
83	0.019007	3	8	68.707833	99.916664	0.652495	0.155928	0.080438	0.056111	0.043086	
83	0.023427	3	16	54.042694	100.000000	0.830028	0.205962	0.105703	0.072876	0.058587	

83	0.021017	4	1	82.801722	99.305557	0.474057	0.115220	0.059045	0.040955	0.031376	
83	0.025235	4	2	70.726972	99.888893	0.623120	0.150870	0.078311	0.053252	0.041297	
83	0.018613	4	4	59.926139	99.972221	0.760606	0.189801	0.096678	0.066361	0.050578	
83	0.021451	4	8	44.746194	99.972221	0.946079	0.232645	0.119230	0.083498	0.063603	
83	0.019385	4	16	28.224306	100.000000	1.143980	0.282798	0.147452	0.101740	0.077418	

83	0.023778	5	1	66.944694	99.944443	0.668013	0.165031	0.084928	0.057814	0.044818	
83	0.021332	5	2	48.935167	100.000000	0.893078	0.217826	0.114009	0.077232	0.059947	
83	0.018791	5	4	37.053083	100.000000	1.034287	0.252870	0.132815	0.091157	0.069774	
83	0.020968	5	8	22.660056	100.000000	1.210250	0.304638	0.154653	0.107676	0.082203	
83	0.024167	5	16	10.692306	100.000000	1.353003	0.334409	0.173554	0.120614	0.092001	

88	2.815640	1	1	99.025000	63.750000	0.276694	0.069283	0.033894	0.022849	0.017450	
88	0.018495	1	1	99.025000	63.750000	0.276670	0.067409	0.033104	0.022849	0.017444	
88	0.020553	1	2	98.371361	76.333328	0.286182	0.069471	0.034621	0.023366	0.018025	
88	0.024445	1	4	97.130167	85.972221	0.303435	0.071541	0.035588	0.024571	0.019064	
88	0.018174	1	8	95.119417	92.138885	0.331200	0.078291	0.040768	0.027342	0.020822	
88	0.020711	1	16	91.719778	96.500000	0.377890	0.089287	0.047395	0.031424	0.023948	

88	0.019373	2	1	96.937472	88.305557	0.306096	0.074384	0.036031	0.024992	0.019418	
88	0.019042	2	2	94.665444	94.472221	0.339248	0.079698	0.040687	0.027495	0.021368	
88	0.025791	2	4	91.578139	97.472221	0.378765	0.090714	0.045620	0.031017	0.024063	
88	0.018354	2	8	86.120222	99.305557	0.447493	0.107463	0.054793	0.037808	0.028793	
88	0.023272	2	16	77.858333	99.777779	0.550536	0.131454	0.067642	0.047289	0.036027	

88	0.025795	3	1	92.441333	97.194443	0.366946	0.086711	0.044727	0.030583	0.023885	
88	0.024442	3	2	86.437361	99.333336	0.442215	0.106692	0.054187	0.037418	0.028539	
88	0.023783	3	4	79.775472	99.722221	0.527541	0.128300	0.064176	0.045168	0.034431	
88	0.019581	3	8	68.887528	99.916664	0.662142	0.161938	0.083473	0.057465	0.043777	
88	0.023789	3	16	54.250222	99.972221	0.837920	0.204114	0.106911	0.072464	0.056143	

88	0.026468	4	1	83.032167	99.444443	0.483754	0.116689	0.059285	0.041897	0.032103	
88	0.023914	4	2	70.925528	99.916664	0.633597	0.154897	0.079692	0.055084	0.042043	
88	0.026495	4	4	60.142194	99.972221	0.766499	0.185131	0.097057	0.066472	0.051417	
88	0.019526	4	8	44.930028	99.972221	0.964262	0.235684	0.120545	0.084361	0.064857	
88	0.024155	4	16	28.366000	100.000000	1.157444	0.286300	0.149119	0.100889	0.078215	

88	0.019786	5	1	67.255917	99.888893	0.679091	0.166706	0.086347	0.059612	0.045519	
88	0.024258	5	2	49.159694	99.972221	0.901194	0.226061	0.115271	0.078419	0.062335	
88	0.020918	5	4	37.269278	99.972221	1.044594	0.255554	0.134023	0.092394	0.070406	
88	0.024341	5	8	22.777444	99.972221	1.219637	0.300339	0.156663	0.108369	0.082721	
88	0.019380	5	16	10.758861	100.000000	1.363832	0.338571	0.176625	0.121759	0.092734	

93	2.822778	1	1	99.046778	65.750000	0.289224	0.071578	0.033757	0.023313	0.018133	
93	0.020341	1	1	99.046778	65.750000	0.287441	0.070976	0.033818	0.023333	0.018134	
93	0.024220	1	2	98.403861	78.250000	0.296921	0.072103	0.035695	0.024521	0.018696	
93	0.025134	1	4	97.167333	86.805557	0.314175	0.073585	0.037023	0.025489	0.019787	
93	0.025935	1	8	95.151778	93.361107	0.341622	0.081135	0.040176	0.028254	0.021525	
93	0.025368	1	16	91.766667	97.194443	0.387243	0.092045	0.046900	0.032087	0.024644	

93	0.019481	2	1	96.979417	89.805557	0.317219	0.074577	0.038056	0.025866	0.020108	
93	0.019114	2	2	94.737306	95.444450	0.348631	0.081283	0.041049	0.028310	0.022015	
93	0.026590	2	4	91.674194	98.083336	0.387505	0.091343	0.047322	0.032470	0.024726	
93	0.019815	2	8	86.181361	99.388893	0.457757	0.108665	0.055138	0.038730	0.029506	
93	0.024140	2	16	77.948417	99.861107	0.562714	0.134527	0.070030	0.048249	0.036757	

93	0.026508	3	1	92.488889	97.361115	0.376294	0.088038	0.045167	0.031453	0.024578	
93	0.025373	3	2	86.530556	99.333336	0.451847	0.107651	0.055593	0.037967	0.029208	
93	0.019040	3	4	79.911639	99.750000	0.536617	0.126997	0.065381	0.045949	0.035016	
93	0.021426	3	8	68.943667	99.972221	0.672935	0.161261	0.083216	0.058455	0.044544	
93	0.025292	3	16	54.333306	100.000000	0.848649	0.210727	0.108317	0.074818	0.056885	

93	0.019345	4	1	83.081806	99.583336	0.495571	0.120222	0.061793	0.042799	0.032816	
93	0.024240	4	2	71.085833	99.916664	0.642186	0.157204	0.081098	0.055564	0.042658	
93	0.016808	4	4	60.333583	99.972221	0.776884	0.192824	0.098422	0.068032	0.051861	
93	0.019459	4	8	44.963278	99.972221	0.966176	0.241742	0.123893	0.083828	0.065061	
93	0.024106	4	16	28.412361	100.000000	1.167516	0.286395	0.149228	0.103578	0.081001	

93	0.026479	5	1	67.416278	99.916664	0.687881	0.166737	0.085867	0.059439	0.046196	
93	0.019413	5	2	49.326722	100.000000	0.907551	0.222328	0.115974	0.080010	0.060989	
93	0.021318	5	4	37.436972	100.000000	1.052568	0.258836	0.133576	0.093256	0.071058	
93	0.019577	5	8	22.777056	100.000000	1.231892	0.305088	0.156907	0.109404	0.084401	
93	0.023838	5	16	10.781111	100.000000	1.376702	0.348858	0.177914	0.122524	0.098657	

98	2.831016	1	1	99.063750	65.916672	0.302955	0.073629	0.036242	0.025023	0.019074	
98	0.024422	1	1	99.063750	65.916672	0.302552	0.072630	0.036206	0.025003	0.019071	
98	0.020284	1	2	98.431361	78.555557	0.312053	0.073740	0.037346	0.025289	0.019644	
98	0.015355	1	4	97.188944	87.027779	0.328793	0.076277	0.038560	0.026653	0.020671	
98	0.019358	1	8	95.169556	93.472221	0.356385	0.081958	0.041961	0.029483	0.023102	
98	0.024852	1	16	91.786389	97.527779	0.401014	0.093218	0.047702	0.032958	0.025552	

98	0.024982	2	1	97.025889	90.750000	0.332235	0.077888	0.039748	0.027580	0.021043	
98	0.015240	2	2	94.812833	95.861115	0.362783	0.085074	0.042633	0.030008	0.022869	
98	0.015151	2	4	91.709278	98.416672	0.402699	0.095362	0.048232	0.033028	0.025626	
98	0.015295	2	8	86.208889	99.555557	0.479987	0.113303	0.057879	0.039886	0.030384	
98	0.017814	2	16	77.956361	99.944443	0.576050	0.136435	0.070214	0.048486	0.037598	

98	0.015144	3	1	92.549889	97.472221	0.389627	0.093464	0.047616	0.032900	0.025419	
98	0.015328	3	2	86.649500	99.361107	0.464591	0.110982	0.055951	0.038810	0.030033	
98	0.024895	3	4	79.943972	99.833336	0.547628	0.130625	0.068273	0.047098	0.035897	
98	0.015515	3	8	68.946889	99.972221	0.687204	0.169459	0.087162	0.059606	0.045424	
98	0.015414	3	16	54.304333	100.000000	0.864747	0.209946	0.110077	0.075829	0.057759	

98	0.019690	4	1	83.143194	99.527779	0.506927	0.122672	0.062446	0.044015	0.033741	
98	0.019185	4	2	71.191889	99.916664	0.654637	0.159218	0.082438	0.056940	0.043479	
98	0.015465	4	4	60.317722	99.972221	0.789613	0.195146	0.100179	0.068186	0.052779	
98	0.020510	4	8	44.940806	99.972221	0.979428	0.240080	0.125636	0.086628	0.065945	
98	0.024604	4	16	28.387528	100.000000	1.178219	0.289667	0.150695	0.103004	0.081111	

98	0.022141	5	1	67.466583	99.972221	0.701322	0.169905	0.087707	0.060667	0.047095	
98	0.023766	5	2	49.426694	100.000000	0.918318	0.224289	0.115370	0.079570	0.061769	
98	0.015709	5	4	37.393972	100.000000	1.066258	0.268874	0.142543	0.093753	0.072030	
98	0.015299	5	8	22.747361	100.000000	1.246271	0.312276	0.158765	0.109226	0.085549	
98	0.018546	5	16	10.765889	100.000000	1.388673	0.343049	0.178210	0.124028	0.095307	

103	2.831190	1	1	99.066250	67.500000	0.314324	0.075323	0.037611	0.025939	0.019792	
103	0.019156	1	1	99.066250	67.500000	0.313847	0.075514	0.037578	0.025754	0.019802	
103	0.021824	1	2	98.447528	79.277779	0.323510	0.075888	0.038663	0.026695	0.020346	
103	0.016254	1	4	97.206472	87.805557	0.342109	0.080314	0.041975	0.028078	0.021379	
103	0.019809	1	8	95.186083	93.833336	0.365812	0.084476	0.043191	0.030388	0.023143	
103	0.018565	1	16	91.814917	97.611115	0.414050	0.097632	0.049054	0.033923	0.026306	

103	0.021722	2	1	97.019000	91.055557	0.339451	0.081027	0.041185	0.027928	0.021725	
103	0.016273	2	2	94.873167	96.388885	0.371460	0.087733	0.046133	0.030668	0.023548	
103	0.016063	2	4	91.757167	98.416672	0.412453	0.098150	0.051019	0.034580	0.026342	
103	0.024653	2	8	86.249972	99.472221	0.481132	0.114318	0.058195	0.040895	0.031228	
103	0.024383	2	16	78.021472	99.944443	0.583731	0.141625	0.071558	0.050309	0.038318	

103	0.022563	3	1	92.524861	98.055557	0.400845	0.095282	0.049153	0.034175	0.026184	
103	0.021371	3	2	86.740222	99.555557	0.473555	0.114503	0.057242	0.039606	0.030690	
103	0.016791	3	4	79.962972	99.833336	0.559993	0.136608	0.070872	0.048097	0.036646	
103	0.019612	3	8	68.965250	99.944443	0.699265	0.170365	0.086405	0.059581	0.046219	
103	0.018221	3	16	54.343000	100.000000	0.876621	0.220952	0.113029	0.077043	0.060240	

103	0.016191	4	1	83.086889	99.638893	0.519164	0.126800	0.066064	0.045008	0.034468	
103	0.019611	4	2	71.293750	100.000000	0.664153	0.160788	0.082193	0.056847	0.044154	
103	0.016282	4	4	60.311694	99.972221	0.801462	0.199006	0.100138	0.069219	0.053575	
103	0.024853	4	8	44.906833	100.000000	0.990889	0.248210	0.124865	0.086165	0.066783	
103	0.019138	4	16	28.393806	100.000000	1.191307	0.293629	0.153702	0.104285	0.080729	

103	0.027456	5	1	67.371361	99.972221	0.712269	0.174218	0.089177	0.062608	0.047904	
103	0.019702	5	2	49.491806	100.000000	0.929610	0.229352	0.119241	0.082437	0.062525	
103	0.019635	5	4	37.361861	100.000000	1.087476	0.268290	0.135881	0.095682	0.072815	
103	0.023572	5	8	22.697806	100.000000	1.258541	0.312966	0.164584	0.111940	0.085300	
103	0.017456	5	16	10.767389	100.000000	1.399931	0.351129	0.178584	0.124309	0.096593	

108	2.830867	1	1	99.086333	69.416664	0.329129	0.076891	0.038640	0.026678	0.020737	
108	0.023617	1	1	99.086333	69.416664	0.328715	0.076846	0.038559	0.026670	0.020726	
108	0.020636	1	2	98.471250	80.916664	0.337806	0.078793	0.040352	0.027534	0.021262	
108	0.023124	1	4	97.230333	89.000000	0.353877	0.085209	0.042555	0.028746	0.022302	
108	0.022253	1	8	95.210278	94.250000	0.379459	0.089807	0.045759	0.031523	0.024543	
108	0.015698	1	16	91.852417	97.972221	0.424178	0.102130	0.050820	0.035632	0.027144	

108	0.019284	2	1	97.097056	92.055550	0.356468	0.083674	0.042821	0.029152	0.022606	
108	0.016139	2	2	94.945556	96.555557	0.384890	0.091309	0.045607	0.032071	0.024424	
108	0.020640	2	4	91.821972	98.750000	0.419627	0.098680	0.051726	0.035456	0.027192	
108	0.019162	2	8	86.315278	99.638893	0.493126	0.120210	0.059806	0.041942	0.031944	
108	0.020757	2	16	78.085611	99.916664	0.597300	0.144557	0.074783	0.050535	0.039136	

108	0.015652	3	1	92.668056	98.194443	0.412710	0.099318	0.050009	0.034665	0.027025	
108	0.017706	3	2	86.857000	99.611107	0.486487	0.117523	0.061304	0.040627	0.031587	
108	0.020993	3	4	80.098944	99.833336	0.571066	0.138733	0.070114	0.048291	0.037506	
108	0.019367	3	8	69.062944	99.972221	0.707824	0.174531	0.089391	0.061662	0.049615	
108	0.025717	3	16	54.427833	100.000000	0.886197	0.217133	0.110908	0.077906	0.059417	

108	0.019642	4	1	83.331583	99.805557	0.528697	0.129256	0.067474	0.045889	0.035157	
108	0.017770	4	2	71.449444	100.000000	0.677525	0.167084	0.085440	0.057925	0.045079	
108	0.019891	4	4	60.465389	99.972221	0.811565	0.198476	0.103303	0.071209	0.054293	
108	0.015851	4	8	44.984194	100.000000	1.013193	0.251659	0.126391	0.087055	0.067570	
108	0.015937	4	16	28.454361	100.000000	1.202504	0.298542	0.154255	0.107002	0.081444	

108	0.018463	5	1	67.644833	99.916664	0.723160	0.175165	0.091966	0.063549	0.048571	
108	0.026748	5	2	49.645389	100.000000	0.938998	0.231540	0.120383	0.083011	0.063252	
108	0.018668	5	4	37.502333	100.000000	1.088537	0.268284	0.139191	0.096523	0.074511	
108	0.020557	5	8	22.756611	100.000000	1.268662	0.312135	0.163311	0.111430	0.086757	
108	0.023388	5	16	10.799556	100.000000	1.411348	0.348498	0.179910	0.123974	0.096102	

113	2.823649	1	1	99.088333	70.694443	0.340589	0.078421	0.039925	0.027577	0.021450	
113	0.022692	1	1	99.088333	70.694443	0.340547	0.079016	0.040743	0.027754	0.021455	
113	0.025798	1	2	98.484306	82.194443	0.348834	0.082404	0.041013	0.028381	0.021989	
113	0.016802	1	4	97.262861	89.250000	0.364742	0.086443	0.043785	0.030212	0.023034	
113	0.023977	1	8	95.250972	94.888893	0.384401	0.092665	0.046295	0.032491	0.024748	
113	0.019823	1	16	91.882889	98.027779	0.433675	0.101490	0.053014	0.035899	0.027841	

113	0.020604	2	1	97.088083	93.166664	0.367029	0.085004	0.043577	0.030496	0.023334	
113	0.022444	2	2	94.985778	97.138885	0.394451	0.091210	0.047748	0.032942	0.025109	
113	0.021939	2	4	91.916556	98.972229	0.433477	0.103251	0.052038	0.036560	0.027858	
113	0.023095	2	8	86.439556	99.750000	0.501649	0.118753	0.060975	0.042465	0.032629	
113	0.016772	2	16	78.143833	99.916664	0.606418	0.147587	0.075967	0.052344	0.039882	

113	0.016925	3	1	92.653194	98.388885	0.423213	0.101924	0.052224	0.036235	0.027763	
113	0.021414	3	2	86.915194	99.555557	0.492268	0.118892	0.059993	0.041478	0.032234	
113	0.018719	3	4	80.233417	99.888893	0.581056	0.142218	0.074369	0.049637	0.038802	
113	0.021561	3	8	69.202778	99.944443	0.717300	0.174963	0.089230	0.061762	0.047682	
113	0.020198	3	16	54.450472	100.000000	0.898569	0.220740	0.114756	0.079218	0.060227	

113	0.016952	4	1	83.318083	99.805557	0.539789	0.132357	0.069489	0.046153	0.035991	
113	0.020507	4	2	71.535639	99.972221	0.687787	0.168117	0.086842	0.059629	0.045778	
113	0.025387	4	4	60.643167	100.000000	0.822474	0.199213	0.104573	0.072079	0.054920	
113	0.020791	4	8	45.088556	100.000000	1.015271	0.247810	0.130400	0.088681	0.068414	
113	0.016975	4	16	28.447861	100.000000	1.213391	0.306387	0.156707	0.108063	0.084397	

113	0.018804	5	1	67.590694	99.972221	0.737528	0.183538	0.094282	0.064954	0.049620	
113	0.022049	5	2	49.683722	100.000000	0.950093	0.232559	0.119706	0.083939	0.063988	
113	0.024317	5	4	37.632194	100.000000	1.099625	0.270628	0.141683	0.097578	0.074433	
113	0.021965	5	8	22.800194	100.000000	1.281875	0.321940	0.165703	0.112537	0.086987	
113	0.021951	5	16	10.790306	100.000000	1.422593	0.355110	0.184536	0.125199	0.096890	

118	2.858356	1	1	99.098778	72.500000	0.350884	0.083926	0.042449	0.029372	0.022365	
118	0.017644	1	1	99.098778	72.500000	0.354373	0.083527	0.044405	0.028794	0.022366	
118	0.017936	1	2	98.500667	83.583328	0.362802	0.084833	0.043525	0.030018	0.022892	
118	0.024213	1	4	97.286111	90.638885	0.374064	0.089565	0.045421	0.030886	0.023935	
118	0.018165	1	8	95.280139	95.722221	0.402361	0.095709	0.048788	0.033073	0.025655	
118	0.017891	1	16	91.911944	98.222221	0.445729	0.107609	0.056912	0.037659	0.028694	

118	0.023273	2	1	97.110889	93.305557	0.379132	0.089149	0.046026	0.031794	0.024242	
118	0.021458	2	2	95.039639	97.416672	0.406966	0.095005	0.049387	0.034080	0.025973	
118	0.020808	2	4	91.968306	99.083336	0.446002	0.106378	0.054642	0.037673	0.028722	
118	0.027078	2	8	86.525583	99.833336	0.515103	0.123425	0.062462	0.043166	0.033466	
118	0.024509	2	16	78.225306	99.916664	0.616849	0.148373	0.075977	0.052345	0.040644	

118	0.020852	3	1	92.693722	98.555550	0.436057	0.104009	0.053043	0.036727	0.028671	
118	0.017878	3	2	87.025694	99.583336	0.506174	0.122217	0.061671	0.042717	0.033003	
118	0.021402	3	4	80.301250	99.944443	0.591137	0.143472	0.072901	0.050222	0.038874	
118	0.022744	3	8	69.298306	100.000000	0.728655	0.176617	0.092181	0.062475	0.048429	
118	0.032218	3	16	54.524861	100.000000	0.909316	0.222383	0.114116	0.078647	0.061002	

118	0.023580	4	1	83.370278	99.833336	0.552216	0.132727	0.069320	0.047192	0.036862	
118	0.023657	4	2	71.685611	99.972221	0.694738	0.168503	0.087727	0.060663	0.046337	
118	0.022797	4	4	60.703389	100.000000	0.831094	0.202207	0.104543	0.071835	0.055726	
118	0.017648	4	8	45.152278	100.000000	1.025694	0.258344	0.129667	0.089266	0.070881	
118	0.024886	4	16	28.476306	100.000000	1.224121	0.308021	0.158118	0.107573	0.083099	

118	0.019229	5	1	67.628278	99.972221	0.745926	0.184554	0.095131	0.065689	0.050212	
118	0.023228	5	2	49.812500	100.000000	0.960084	0.236287	0.123062	0.084906	0.064714	
118	0.019551	5	4	37.636861	100.000000	1.112211	0.278820	0.143112	0.098741	0.075201	
118	0.019641	5	8	22.809306	100.000000	1.294508	0.325681	0.167274	0.115325	0.087867	
118	0.022967	5	16	10.793000	100.000000	1.435441	0.355970	0.183420	0.126026	0.097731	

123	2.826534	1	1	99.109083	73.111115	0.364585	0.085372	0.043739	0.030243	0.023085	
123	0.022307	1	1	99.109083	73.111115	0.364145	0.085616	0.043828	0.030014	0.023064	
123	0.020561	1	2	98.511500	84.666672	0.372713	0.088308	0.044919	0.030805	0.023613	
123	0.022198	1	4	97.300444	91.166672	0.385223	0.089236	0.046894	0.032355	0.024653	
123	0.017857	1	8	95.314556	96.138885	0.411257	0.097970	0.050162	0.033915	0.026330	
123	0.024217	1	16	91.940361	98.444443	0.455922	0.106629	0.054996	0.038076	0.029450	

123	0.017416	2	1	97.151611	93.805557	0.389902	0.092221	0.046484	0.032660	0.024938	
123	0.020432	2	2	95.065000	97.527779	0.416783	0.099872	0.050731	0.035010	0.026692	
123	0.018527	2	4	92.007639	99.305557	0.456418	0.109808	0.057833	0.038344	0.029446	
123	0.017333	2	8	86.595306	99.888893	0.524485	0.127755	0.067800	0.044834	0.034194	
123	0.036327	2	16	78.278639	99.944443	0.628955	0.153832	0.079032	0.053407	0.041458	

123	0.022002	3	1	92.776556	98.638885	0.445222	0.110294	0.055195	0.037956	0.029359	
123	0.017011	3	2	87.065778	99.583336	0.519010	0.125679	0.064868	0.044248	0.033729	
123	0.017027	3	4	80.384000	99.944443	0.602854	0.147715	0.076041	0.052001	0.039597	
123	0.026197	3	8	69.381667	100.000000	0.740494	0.181833	0.092734	0.064559	0.054075	
123	0.023959	3	16	54.573750	100.000000	0.920959	0.233894	0.116405	0.080904	0.066814	

123	0.019141	4	1	83.481278	99.833336	0.566648	0.139642	0.072091	0.049183	0.037706	
123	0.023193	4	2	71.716250	100.000000	0.710405	0.172736	0.091494	0.062122	0.047455	
123	0.026913	4	4	60.776944	100.000000	0.843087	0.204977	0.109512	0.073839	0.058023	
123	0.027219	4	8	45.199639	100.000000	1.042801	0.263530	0.134479	0.091015	0.070038	
123	0.027957	4	16	28.490333	100.000000	1.245597	0.306568	0.157542	0.108783	0.083996	

123	0.017191	5	1	67.757889	99.972221	0.757544	0.188163	0.094678	0.066669	0.050924	
123	0.024118	5	2	49.844194	100.000000	0.972361	0.239942	0.124746	0.084412	0.066103	
123	0.017349	5	4	37.704583	100.000000	1.125839	0.286410	0.145190	0.099828	0.078481	
123	0.022943	5	8	22.822000	100.000000	1.325195	0.338965	0.169485	0.114946	0.096134	
123	0.020386	5	16	10.800250	100.000000	1.474599	0.374714	0.189373	0.131085	0.100599	

128	2.898245	1	1	99.118417	74.250000	0.371818	0.089153	0.045593	0.031016	0.024009	
128	0.022646	1	1	99.118417	74.250000	0.374939	0.089779	0.047230	0.031634	0.024035	
128	0.020062	1	2	98.526056	84.916672	0.396508	0.093202	0.046530	0.031910	0.024541	
128	0.017285	1	4	97.315528	91.694443	0.401545	0.095848	0.048729	0.033710	0.025594	
128	0.019835	1	8	95.312583	96.416664	0.426424	0.101599	0.050975	0.035607	0.027276	
128	0.018302	1	16	91.959111	98.527779	0.469470	0.113300	0.057835	0.039839	0.030319	

128	0.017974	2	1	97.175944	94.750000	0.402860	0.095795	0.048388	0.033276	0.025852	
128	0.022777	2	2	95.105833	98.138885	0.428722	0.103091	0.052352	0.036200	0.027583	
128	0.025346	2	4	92.033861	99.472221	0.476761	0.110348	0.058735	0.040373	0.030454	
128	0.017096	2	8	86.575639	99.861107	0.543932	0.131372	0.066837	0.045124	0.035082	
128	0.021025	2	16	78.298222	99.944443	0.648635	0.158109	0.082350	0.055591	0.042492	

128	0.017958	3	1	92.794194	98.972229	0.460960	0.113621	0.056938	0.039569	0.043851	
128	0.028047	3	2	87.093722	99.750000	0.531933	0.127969	0.067459	0.045474	0.034711	
128	0.022608	3	4	80.383389	99.944443	0.619882	0.153047	0.076976	0.052541	0.042786	
128	0.025673	3	8	69.334306	100.000000	0.755448	0.188365	0.095623	0.066044	0.052342	
128	0.025837	3	16	54.579944	100.000000	0.934818	0.236830	0.120698	0.081852	0.072883	

128	0.018174	4	1	83.460639	99.805557	0.581527	0.141288	0.073648	0.050294	0.038478	
128	0.016367	4	2	71.717639	99.944443	0.798916	0.178483	0.089846	0.063714	0.048995	
128	0.022400	4	4	60.762500	100.000000	0.859364	0.215160	0.111898	0.075697	0.058842	
128	0.020353	4	8	45.163639	100.000000	1.050862	0.263194	0.136997	0.092216	0.077220	
128	0.023400	4	16	28.499639	100.000000	1.257486	0.309178	0.161577	0.109651	0.084800	

128	0.020349	5	1	67.736528	100.000000	0.769304	0.187766	0.098174	0.066960	0.051856	
128	0.018834	5	2	49.871417	100.000000	0.989891	0.245483	0.126109	0.087586	0.067886	
128	0.019689	5	4	37.685278	100.000000	1.139702	0.286829	0.146823	0.100870	0.076947	
128	0.019935	5	8	22.803222	100.000000	1.319137	0.325084	0.170729	0.117571	0.090531	
128	0.017849	5	16	10.806833	100.000000	1.461140	0.369514	0.186472	0.128555	0.099504	

133	2.880403	1	1	99.121528	75.083336	0.386391	0.092174	0.047836	0.032301	0.026542	
133	0.020573	1	1	99.121528	75.083336	0.389680	0.093982	0.047300	0.032532	0.026559	
133	0.020676	1	2	98.533111	86.388885	0.397477	0.096572	0.048153	0.033785	0.026669	
133	0.025755	1	4	97.328667	92.777779	0.411943	0.097584	0.051018	0.034962	0.028539	
133	0.020901	1	8	95.350417	97.055557	0.438197	0.106100	0.054571	0.037466	0.028490	
133	0.021522	1	16	91.992944	98.638885	0.487107	0.116748	0.058068	0.041293	0.031928	

133	0.019749	2	1	97.192833	95.166664	0.451327	0.098409	0.050540	0.034852	0.028662	
133	0.020269	2	2	95.136417	98.333336	0.443337	0.108596	0.056947	0.037696	0.028318	
133	0.020228	2	4	92.082694	99.583336	0.480887	0.121978	0.059620	0.040089	0.036008	
133	0.023096	2	8	86.661111	99.944443	0.552338	0.134885	0.069105	0.046914	0.037471	
133	0.019493	2	16	78.347000	99.972221	0.651082	0.160666	0.080308	0.055478	0.042984	

133	0.022116	3	1	92.809944	99.027779	0.471626	0.114086	0.058439	0.040529	0.031066	
133	0.025606	3	2	87.114556	99.777779	0.540256	0.131548	0.067205	0.046489	0.035371	
133	0.024810	3	4	80.435722	99.972221	0.626245	0.151543	0.077086	0.053644	0.041277	
133	0.019595	3	8	69.440111	100.000000	0.763319	0.187889	0.095053	0.065634	0.050810	
133	0.021634	3	16	54.606472	100.000000	0.947271	0.235197	0.120843	0.083344	0.063550	

133	0.021973	4	1	83.481806	99.916664	0.586433	0.143434	0.072730	0.050723	0.042104	
133	0.019598	4	2	71.698306	99.944443	0.733091	0.180705	0.091202	0.063019	0.048836	
133	0.020269	4	4	60.793056	100.000000	0.867184	0.213588	0.110608	0.075135	0.059071	
133	0.020018	4	8	45.251167	100.000000	1.059805	0.264923	0.133496	0.093847	0.071499	
133	0.021390	4	16	28.516111	100.000000	1.262202	0.322480	0.163795	0.112438	0.085806	

133	0.026280	5	1	67.731861	100.000000	0.784195	0.196876	0.099713	0.069174	0.052944	
133	0.020258	5	2	49.799556	100.000000	1.001307	0.245865	0.127859	0.088235	0.067242	
133	0.025099	5	4	37.692806	100.000000	1.150840	0.282489	0.145536	0.100904	0.077670	
133	0.020015	5	8	22.849889	100.000000	1.330417	0.333484	0.169987	0.118356	0.090138	
133	0.022771	5	16	10.794889	100.000000	1.474329	0.365856	0.191368	0.129321	0.100262	

138	2.828309	1	1	99.125194	76.555557	0.401521	0.093687	0.048832	0.033107	0.025672	
138	0.019598	1	1	99.125194	76.555557	0.402043	0.096752	0.048912	0.033087	0.025685	
138	0.022213	1	2	98.535139	87.361107	0.410117	0.097171	0.049382	0.034237	0.026384	
138	0.023696	1	4	97.342028	93.500000	0.425204	0.099949	0.051910	0.035140	0.027260	
138	0.024516	1	8	95.380139	97.472221	0.447984	0.105976	0.054951	0.037869	0.028852	
138	0.020234	1	16	92.026778	99.000000	0.492243	0.118276	0.060421	0.041476	0.032018	

138	0.018184	2	1	97.196556	95.305557	0.426825	0.102175	0.054702	0.035804	0.027514	
138	0.025446	2	2	95.139778	98.388885	0.453805	0.109165	0.055879	0.038943	0.038231	
138	0.025830	2	4	92.117972	99.583336	0.492153	0.117047	0.059612	0.041935	0.031941	
138	0.020626	2	8	86.735889	99.972221	0.559631	0.135935	0.068501	0.048051	0.036588	
138	0.024659	2	16	78.433611	99.972221	0.662865	0.163429	0.083566	0.057605	0.043871	

138	0.025544	3	1	92.810667	99.250000	0.484861	0.117023	0.059062	0.041724	0.032093	
138	0.023048	3	2	87.108583	99.805557	0.553682	0.132624	0.068923	0.047563	0.036851	
138	0.024103	3	4	80.489472	99.972221	0.638401	0.157835	0.080148	0.055254	0.042135	
138	0.020779	3	8	69.544000	100.000000	0.774966	0.190827	0.098416	0.067756	0.051584	
138	0.026007	3	16	54.716194	100.000000	0.953416	0.233284	0.120258	0.082691	0.064109	

138	0.020156	4	1	83.417500	99.944443	0.599626	0.147856	0.076690	0.052005	0.040120	
138	0.021665	4	2	71.635833	99.944443	0.746434	0.184980	0.094387	0.065156	0.049788	
138	0.020168	4	4	60.822944	100.000000	0.879408	0.218134	0.112429	0.076200	0.059016	
138	0.023369	4	8	45.340333	100.000000	1.071031	0.265098	0.135399	0.094909	0.072304	
138	0.019700	4	16	28.582500	100.000000	1.273897	0.320596	0.164738	0.113474	0.086408	

138	0.021506	5	1	67.552778	100.000000	0.796438	0.198602	0.100231	0.069303	0.053711	
138	0.025820	5	2	49.687444	100.000000	1.016887	0.253257	0.128544	0.089990	0.068550	
138	0.019675	5	4	37.693278	100.000000	1.158857	0.290640	0.149460	0.102117	0.078439	
138	0.022597	5	8	22.902278	100.000000	1.339967	0.333118	0.173522	0.119470	0.091006	
138	0.024616	5	16	10.814306	100.000000	1.486761	0.367561	0.189702	0.130518	0.101245	

143	2.826996	1	1	99.127056	77.750000	0.420724	0.097516	0.050131	0.034580	0.026421	
143	0.025099	1	1	99.127056	77.750000	0.410976	0.098206	0.050080	0.034613	0.026391	
143	0.021142	1	2	98.533583	88.444443	0.420602	0.100198	0.051162	0.034729	0.026934	
143	0.023890	1	4	97.345583	93.916664	0.434917	0.104313	0.052250	0.036067	0.027991	
143	0.022019	1	8	95.388583	97.583336	0.460397	0.110140	0.055451	0.038197	0.029606	
143	0.027498	1	16	92.025444	99.055557	0.501529	0.119745	0.062104	0.042818	0.032622	

143	0.028659	2	1	97.203306	95.750000	0.434992	0.105004	0.052477	0.036332	0.028203	
143	0.019815	2	2	95.130167	98.472221	0.463507	0.112272	0.056962	0.038600	0.030012	
143	0.022749	2	4	92.125306	99.694443	0.503201	0.120530	0.061289	0.042130	0.032700	
143	0.023227	2	8	86.754778	99.972221	0.569459	0.137596	0.069755	0.048115	0.037336	
143	0.022701	2	16	78.436611	99.972221	0.672619	0.166472	0.085460	0.058078	0.044535	

143	0.021488	3	1	92.813778	99.333336	0.493118	0.119627	0.061387	0.042578	0.032617	
143	0.021337	3	2	87.084583	99.805557	0.564728	0.137173	0.070317	0.048693	0.037034	
143	0.021524	3	4	80.500139	99.972221	0.649407	0.159320	0.080139	0.056177	0.042797	
143	0.024685	3	8	69.544611	100.000000	0.784696	0.190770	0.097791	0.067563	0.052366	
143	0.022128	3	16	54.707778	100.000000	0.967094	0.242232	0.121558	0.085352	0.065009	

143	0.022863	4	1	83.418750	99.944443	0.610295	0.148812	0.077003	0.053057	0.040876	
143	0.021133	4	2	71.580444	99.944443	0.755845	0.188201	0.096751	0.065763	0.050524	
143	0.021133	4	4	60.840222	100.000000	0.890413	0.220689	0.111549	0.077208	0.059738	
143	0.023703	4	8	45.329472	100.000000	1.081252	0.267597	0.136773	0.094655	0.073128	
143	0.021534	4	16	28.560917	100.000000	1.287042	0.324119	0.166100	0.112370	0.087165	

143	0.023318	5	1	67.555194	100.000000	0.806916	0.196498	0.101067	0.071790	0.054698	
143	0.025311	5	2	49.647833	100.000000	1.022177	0.251857	0.129038	0.090593	0.068963	
143	0.022511	5	4	37.723667	100.000000	1.168209	0.289187	0.148154	0.103864	0.079367	
143	0.021633	5	8	22.891889	100.000000	1.349978	0.333726	0.174816	0.120436	0.091705	
143	0.022664	5	16	10.802472	100.000000	1.499647	0.369064	0.191382	0.132284	0.101892	

148	2.837404	1	1	99.127583	78.777779	0.424668	0.101382	0.051943	0.035552	0.028523	
148	0.021625	1	1	99.127583	78.777779	0.425045	0.101790	0.051109	0.035901	0.027364	
148	0.026666	1	2	98.530667	88.944450	0.433298	0.103786	0.052992	0.036353	0.027886	
148	0.022184	1	4	97.348583	94.638893	0.449055	0.107756	0.054147	0.037276	0.028908	
148	0.019494	1	8	95.391639	98.055557	0.472261	0.114078	0.058777	0.040033	0.030503	
148	0.020887	1	16	92.032667	99.138893	0.515097	0.125245	0.065493	0.043278	0.033526	

148	0.022797	2	1	97.207861	96.083328	0.450856	0.106945	0.054620	0.037557	0.029196	
148	0.019260	2	2	95.132361	98.722221	0.476981	0.114037	0.057594	0.039867	0.030873	
148	0.022338	2	4	92.137667	99.777779	0.515278	0.124922	0.063919	0.044087	0.033578	
148	0.022314	2	8	86.759639	99.972221	0.583139	0.143029	0.073084	0.049314	0.038245	
148	0.022793	2	16	78.426806	99.972221	0.686078	0.168539	0.086355	0.059235	0.045433	

148	0.026517	3	1	92.795639	99.555557	0.506028	0.122153	0.062042	0.043033	0.033580	
148	0.021738	3	2	87.046194	99.861107	0.578917	0.141201	0.070990	0.049801	0.037971	
148	0.028426	3	4	80.497361	99.944443	0.660272	0.160148	0.083149	0.057338	0.043703	
148	0.019375	3	8	69.521722	100.000000	0.798527	0.197247	0.101316	0.069823	0.054537	
148	0.022107	3	16	54.664389	100.000000	0.979712	0.244636	0.125417	0.086362	0.065778	

148	0.020225	4	1	83.358389	99.944443	0.625022	0.152914	0.078937	0.054700	0.041849	
148	0.021218	4	2	71.488833	99.972221	0.773311	0.191822	0.098150	0.067251	0.051689	
148	0.020872	4	4	60.817389	100.000000	0.902689	0.225224	0.114127	0.079617	0.061032	
148	0.019828	4	8	45.288194	100.000000	1.094783	0.274521	0.140832	0.095317	0.073962	
148	0.021954	4	16	28.529667	100.000000	1.297910	0.321938	0.167763	0.114907	0.091950	

148	0.020573	5	1	67.449667	100.000000	0.820501	0.201666	0.104988	0.071319	0.055381	
148	0.022459	5	2	49.531194	100.000000	1.037739	0.254870	0.133026	0.090159	0.069933	
148	0.021195	5	4	37.732639	100.000000	1.180953	0.296969	0.149777	0.103088	0.080017	
148	0.021510	5	8	22.878833	100.000000	1.366003	0.346784	0.176470	0.121654	0.092621	
148	0.019269	5	16	10.793528	100.000000	1.509317	0.375078	0.192700	0.134377	0.103468	

153	2.820925	1	1	99.138417	79.138885	0.436760	0.104816	0.053313	0.036149	0.028068	
153	0.024208	1	1	99.138417	79.138885	0.435626	0.103559	0.053367	0.036832	0.028589	
153	0.023337	1	2	98.544472	89.194450	0.443397	0.105645	0.054171	0.037570	0.028593	
153	0.024848	1	4	97.363694	94.722221	0.456943	0.110804	0.056371	0.038160	0.029647	
153	0.020687	1	8	95.409222	97.972221	0.484026	0.116828	0.059990	0.041150	0.031305	
153	0.023829	1	16	92.042833	99.250000	0.525869	0.125313	0.064404	0.045000	0.034277	

153	0.023953	2	1	97.239194	96.416664	0.460625	0.110854	0.056085	0.038681	0.029883	
153	0.023387	2	2	95.158889	98.888885	0.487857	0.117631	0.060226	0.040714	0.031639	
153	0.021537	2	4	92.169472	99.833336	0.525918	0.127954	0.064512	0.045125	0.034323	
153	0.024790	2	8	86.775583	99.972221	0.593740	0.146267	0.073912	0.051298	0.039035	
153	0.020832	2	16	78.453722	99.972221	0.698008	0.171657	0.086482	0.059731	0.046332	

153	0.029403	3	1	92.865944	99.361107	0.517033	0.122556	0.064610	0.044426	0.034248	
153	0.021206	3	2	87.091361	99.805557	0.589031	0.143486	0.072143	0.049823	0.038794	
153	0.023493	3	4	80.517278	99.972221	0.673258	0.164730	0.083292	0.057511	0.044489	
153	0.020037	3	8	69.516389	100.000000	0.810358	0.201120	0.101049	0.069740	0.054853	
153	0.020955	3	16	54.683306	100.000000	0.991319	0.247169	0.127056	0.085982	0.066732	

153	0.020839	4	1	83.433139	99.916664	0.634761	0.152898	0.080296	0.055581	0.042549	
153	0.023714	4	2	71.515528	99.972221	0.781875	0.193920	0.099307	0.068215	0.052291	
153	0.021043	4	4	60.836722	100.000000	0.914546	0.224296	0.115096	0.080647	0.062147	
153	0.024014	4	8	45.265778	100.000000	1.107996	0.277908	0.142276	0.098270	0.074863	
153	0.024027	4	16	28.542972	100.000000	1.310472	0.330379	0.167318	0.115405	0.089024	

153	0.023764	5	1	67.547917	100.000000	0.830914	0.203146	0.106069	0.073488	0.056974	
153	0.022778	5	2	49.553361	100.000000	1.047918	0.262371	0.134776	0.092290	0.071700	
153	0.022683	5	4	37.730083	100.000000	1.192687	0.296112	0.151273	0.106155	0.080902	
153	0.020080	5	8	22.859444	100.000000	1.375850	0.339144	0.176323	0.122435	0.093536	
153	0.023533	5	16	10.801806	100.000000	1.520568	0.378710	0.197637	0.136173	0.103710	

158	2.828619	1	1	99.154611	79.277779	0.449055	0.110159	0.055383	0.038067	0.029009	
158	0.028975	1	1	99.154611	79.277779	0.448770	0.106552	0.054182	0.037420	0.029000	
158	0.021838	1	2	98.562417	89.527779	0.458440	0.107403	0.055120	0.038744	0.029542	
158	0.026309	1	4	97.384639	95.000000	0.469622	0.110675	0.057126	0.040124	0.030576	
158	0.021580	1	8	95.421167	98.305550	0.494235	0.117544	0.060143	0.042385	0.032226	
158	0.024212	1	16	92.064472	99.305557	0.538593	0.131277	0.065807	0.046207	0.035192	

158	0.022380	2	1	97.296611	96.361115	0.475200	0.114054	0.058430	0.040356	0.030794	
158	0.024175	2	2	95.212806	99.000000	0.500082	0.121350	0.061954	0.042252	0.032579	
158	0.023696	2	4	92.221556	99.888893	0.541586	0.130096	0.067047	0.046169	0.035177	
158	0.024157	2	8	86.805500	99.972221	0.606217	0.146646	0.074478	0.051421	0.039887	
158	0.024829	2	16	78.498972	99.972221	0.709701	0.170876	0.089627	0.060804	0.047091	

158	0.021358	3	1	92.985861	99.444443	0.526844	0.129190	0.066200	0.045467	0.035087	
158	0.022021	3	2	87.202917	99.916664	0.599753	0.145643	0.074348	0.051398	0.039586	
158	0.030197	3	4	80.611194	100.000000	0.683137	0.168559	0.086167	0.058422	0.045279	
158	0.021402	3	8	69.544056	100.000000	0.820797	0.201175	0.102653	0.070970	0.055041	
158	0.027878	3	16	54.733944	100.000000	1.001260	0.250398	0.128387	0.086900	0.067416	

158	0.024995	4	1	83.649500	99.944443	0.645103	0.161283	0.080096	0.056568	0.043235	
158	0.020849	4	2	71.669722	99.972221	0.791006	0.192384	0.100759	0.069483	0.053099	
158	0.030880	4	4	60.944806	100.000000	0.923530	0.230403	0.118410	0.081595	0.062324	
158	0.024022	4	8	45.294556	100.000000	1.115992	0.276502	0.142928	0.098727	0.075579	
158	0.019986	4	16	28.571000	100.000000	1.320110	0.333524	0.172353	0.117823	0.091117	

158	0.021496	5	1	67.806889	100.000000	0.846233	0.210796	0.109123	0.073166	0.056930	
158	0.028285	5	2	49.717083	100.000000	1.062018	0.266605	0.134275	0.093031	0.072622	
158	0.021606	5	4	37.823139	100.000000	1.203453	0.302132	0.155330	0.107028	0.081552	
158	0.021727	5	8	22.865694	100.000000	1.386522	0.344626	0.179554	0.123884	0.094715	
158	0.024284	5	16	10.814833	100.000000	1.533343	0.384829	0.196324	0.137893	0.104719	

163	2.829196	1	1	99.157556	79.222221	0.458783	0.108564	0.056345	0.038348	0.029696	
163	0.024025	1	1	99.157556	79.222221	0.461783	0.109897	0.055856	0.038700	0.029700	
163	0.020466	1	2	98.569417	90.055557	0.467095	0.112931	0.057454	0.039662	0.030203	
163	0.023120	1	4	97.389750	95.361115	0.482783	0.116564	0.059527	0.040534	0.031299	
163	0.022734	1	8	95.429444	98.166672	0.504571	0.122641	0.062561	0.043120	0.032848	
163	0.023691	1	16	92.082056	99.361107	0.548745	0.134974	0.068253	0.046391	0.035861	

163	0.022135	2	1	97.308111	96.638885	0.486558	0.116712	0.059731	0.041289	0.031483	
163	0.026088	2	2	95.238139	99.277779	0.509666	0.123312	0.063363	0.043599	0.033206	
163	0.021909	2	4	92.232167	99.861107	0.548881	0.133935	0.069229	0.046283	0.035892	
163	0.024195	2	8	86.820222	99.972221	0.617129	0.151183	0.077175	0.052966	0.040630	
163	0.018700	2	16	78.539528	99.972221	0.719427	0.173320	0.090012	0.062796	0.047770	

163	0.019472	3	1	92.989667	99.555557	0.542270	0.130958	0.066296	0.045981	0.035796	
163	0.020647	3	2	87.231583	99.944443	0.610478	0.149227	0.076453	0.052780	0.040251	
163	0.020771	3	4	80.573667	100.000000	0.695702	0.168169	0.087729	0.059387	0.046096	
163	0.018974	3	8	69.523222	100.000000	0.834179	0.207124	0.104114	0.072153	0.055756	
163	0.025560	3	16	54.758111	100.000000	1.014755	0.249636	0.128646	0.088554	0.069111	

163	0.024012	4	1	83.642611	99.972221	0.660975	0.158821	0.081608	0.056660	0.044087	
163	0.022708	4	2	71.711194	100.000000	0.802093	0.199602	0.100296	0.069149	0.053799	
163	0.020374	4	4	60.880306	100.000000	0.937308	0.228843	0.120022	0.082840	0.063077	
163	0.022385	4	8	45.282056	100.000000	1.131642	0.280158	0.142930	0.100461	0.076578	
163	0.020342	4	16	28.585472	100.000000	1.333806	0.331550	0.172809	0.117163	0.091237	

163	0.022875	5	1	67.797111	100.000000	0.852833	0.209028	0.109462	0.074420	0.057656	
163	0.020344	5	2	49.730250	100.000000	1.070223	0.268363	0.135102	0.093250	0.072369	
163	0.023512	5	4	37.743833	100.000000	1.216980	0.300350	0.157166	0.106855	0.084098	
163	0.019520	5	8	22.852056	100.000000	1.400537	0.347700	0.180559	0.123862	0.095461	
163	0.022325	5	16	10.822194	100.000000	1.545450	0.390383	0.198344	0.137986	0.107329	

168	2.826788	1	1	99.166556	80.361107	0.473274	0.113554	0.058359	0.039560	0.030768	
168	0.021191	1	1	99.166556	80.361107	0.470463	0.113659	0.057185	0.040260	0.030691	
168	0.018888	1	2	98.578806	90.861115	0.481313	0.115384	0.059280	0.040874	0.031184	
168	0.020747	1	4	97.401750	95.722221	0.496293	0.119818	0.061338	0.041513	0.032240	
168	0.020400	1	8	95.441889	98.527779	0.518883	0.125471	0.064380	0.043731	0.033782	
168	0.021962	1	16	92.101917	99.527779	0.562151	0.137065	0.069998	0.048270	0.036774	

168	0.018492	2	1	97.329417	96.888885	0.497534	0.120156	0.061636	0.041964	0.032434	
168	0.021021	2	2	95.280667	99.305557	0.524317	0.126258	0.064013	0.044058	0.034141	
168	0.020850	2	4	92.273139	99.861107	0.564566	0.136804	0.068846	0.047508	0.036814	
168	0.019129	2	8	86.848500	99.972221	0.632442	0.152615	0.077787	0.053739	0.041568	
168	0.020047	2	16	78.590833	99.972221	0.732926	0.177533	0.090842	0.063799	0.048585	

168	0.025136	3	1	93.045278	99.611107	0.551077	0.134288	0.067992	0.047163	0.036734	
168	0.021154	3	2	87.337111	99.944443	0.622652	0.152070	0.078019	0.052841	0.041075	
168	0.018788	3	4	80.645806	100.000000	0.708288	0.173726	0.089248	0.061666	0.046915	
168	0.021972	3	8	69.555417	100.000000	0.845853	0.206235	0.107721	0.073321	0.057383	
168	0.018255	3	16	54.805278	100.000000	1.031867	0.252767	0.129586	0.090621	0.069014	

168	0.020548	4	1	83.747722	99.972221	0.667123	0.163936	0.084500	0.057503	0.044818	
168	0.023872	4	2	71.882556	100.000000	0.825339	0.200323	0.103522	0.071463	0.054502	
168	0.021355	4	4	60.984500	100.000000	0.949675	0.232607	0.121368	0.083809	0.065162	
168	0.017884	4	8	45.315222	100.000000	1.159463	0.285532	0.144846	0.099930	0.077561	
168	0.018896	4	16	28.607722	100.000000	1.345673	0.338732	0.174105	0.120066	0.091359	

168	0.018098	5	1	67.951611	100.000000	0.863665	0.211393	0.108556	0.076461	0.058393	
168	0.020917	5	2	49.922472	100.000000	1.086738	0.268858	0.137575	0.096341	0.073371	
168	0.021125	5	4	37.827278	100.000000	1.228753	0.308739	0.155567	0.109256	0.083270	
168	0.022022	5	8	22.868028	100.000000	1.411331	0.349539	0.182820	0.126006	0.096054	
168	0.020344	5	16	10.829472	100.000000	1.556465	0.386508	0.199956	0.137367	0.106128	

173	2.833102	1	1	99.165222	80.861107	0.483927	0.114443	0.058982	0.040774	0.031358	
173	0.023605	1	1	99.165222	80.861107	0.484352	0.113888	0.059508	0.040363	0.031345	
173	0.020414	1	2	98.584194	90.944443	0.491268	0.116909	0.059609	0.041759	0.031924	
173	0.022028	1	4	97.411917	95.972221	0.506233	0.121938	0.061405	0.042476	0.032912	
173	0.022920	1	8	95.447528	98.555550	0.529026	0.129297	0.065707	0.044449	0.034506	
173	0.020381	1	16	92.126028	99.583336	0.571715	0.138917	0.070232	0.048327	0.037452	

173	0.024661	2	1	97.322667	96.944443	0.507038	0.122225	0.061750	0.042664	0.033171	
173	0.021657	2	2	95.298139	99.277779	0.533915	0.129287	0.065296	0.045008	0.034905	
173	0.024079	2	4	92.312972	99.833336	0.571263	0.139319	0.070946	0.049181	0.037473	
173	0.025085	2	8	86.867639	99.972221	0.640576	0.156211	0.080502	0.054719	0.042253	
173	0.020371	2	16	78.646944	99.972221	0.743933	0.184062	0.092368	0.063821	0.049320	

173	0.022165	3	1	93.020361	99.611107	0.562288	0.137270	0.069376	0.048282	0.037490	
173	0.020847	3	2	87.355917	99.944443	0.633208	0.154219	0.077901	0.054092	0.041765	
173	0.022709	3	4	80.694528	100.000000	0.717295	0.173156	0.090653	0.061527	0.047614	
173	0.020811	3	8	69.554333	100.000000	0.857428	0.213760	0.109196	0.075280	0.057369	
173	0.021177	3	16	54.856056	100.000000	1.035683	0.253715	0.132938	0.091611	0.069786	

173	0.020125	4	1	83.679500	99.944443	0.680241	0.165523	0.086282	0.058801	0.045703	
173	0.022695	4	2	71.876028	100.000000	0.824087	0.200671	0.104910	0.072379	0.055207	
173	0.019363	4	4	61.032528	100.000000	0.959426	0.239757	0.120794	0.083629	0.064550	
173	0.021176	4	8	45.283472	100.000000	1.154146	0.284476	0.148684	0.102564	0.078077	
173	0.020521	4	16	28.645528	100.000000	1.355325	0.342487	0.175596	0.119401	0.092192	

173	0.021186	5	1	67.838667	100.000000	0.876808	0.213295	0.112314	0.077139	0.059253	
173	0.019932	5	2	49.902528	100.000000	1.092021	0.270816	0.140387	0.095223	0.073841	
173	0.022086	5	4	37.867694	100.000000	1.239978	0.310757	0.157844	0.110306	0.084279	
173	0.024803	5	8	22.836389	100.000000	1.425159	0.353850	0.184364	0.124851	0.096797	
173	0.027658	5	16	10.846583	100.000000	1.567252	0.396932	0.203995	0.137825	0.107607	

178	2.838877	1	1	99.164056	82.805557	0.495592	0.117044	0.061463	0.042359	0.032340	
178	0.022902	1	1	99.164056	82.805557	0.496378	0.119864	0.060146	0.042394	0.032312	
178	0.018945	1	2	98.580722	91.972221	0.505138	0.122304	0.062448	0.043068	0.032831	
178	0.030405	1	4	97.418083	96.583328	0.519020	0.123608	0.063437	0.043628	0.033878	
178	0.024181	1	8	95.456167	98.611107	0.542960	0.132582	0.067495	0.046607	0.039389	
178	0.023373	1	16	92.132278	99.500000	0.585133	0.139116	0.073128	0.049530	0.038393	

178	0.020069	2	1	97.321056	97.305557	0.520818	0.125356	0.063553	0.044706	0.034112	
178	0.022633	2	2	95.279750	99.500000	0.546108	0.132822	0.068035	0.046067	0.035771	
178	0.019789	2	4	92.316750	99.916664	0.585638	0.143636	0.073115	0.050407	0.038422	
178	0.022989	2	8	86.876083	99.972221	0.654252	0.160700	0.082854	0.056284	0.043153	
178	0.020199	2	16	78.651528	99.972221	0.756590	0.187543	0.096568	0.065930	0.050239	

178	0.023861	3	1	92.999667	99.694443	0.575273	0.141205	0.072451	0.050193	0.038430	
178	0.024541	3	2	87.275250	99.944443	0.644911	0.159383	0.081111	0.055143	0.042763	
178	0.019299	3	4	80.680167	100.000000	0.730564	0.179845	0.092310	0.062789	0.048532	
178	0.023379	3	8	69.562000	100.000000	0.869300	0.215411	0.110814	0.075066	0.058227	
178	0.020488	3	16	54.858778	100.000000	1.048724	0.261546	0.134599	0.091391	0.070635	

178	0.022366	4	1	83.624056	99.972221	0.692331	0.167798	0.086450	0.059842	0.046638	
178	0.020393	4	2	71.758722	100.000000	0.839762	0.204028	0.104877	0.073763	0.056257	
178	0.021829	4	4	61.022333	100.000000	0.972421	0.242533	0.124649	0.084784	0.065542	
178	0.021482	4	8	45.288194	100.000000	1.165756	0.293216	0.150293	0.103660	0.078929	
178	0.024178	4	16	28.638167	100.000000	1.369080	0.342191	0.177281	0.120017	0.095126	

178	0.023656	5	1	67.757222	100.000000	0.887411	0.216591	0.114010	0.077284	0.060106	
178	0.027642	5	2	49.796417	100.000000	1.104710	0.272095	0.142211	0.097351	0.074768	
178	0.023091	5	4	37.878389	100.000000	1.250225	0.314720	0.161593	0.111363	0.085113	
178	0.020748	5	8	22.857139	100.000000	1.434599	0.360134	0.183027	0.128190	0.097906	
178	0.024278	5	16	10.840056	100.000000	1.580926	0.399437	0.202794	0.140333	0.108731	

183	2.819087	1	1	99.170083	83.305557	0.507383	0.125001	0.062785	0.042688	0.033022	
183	0.023524	1	1	99.170083	83.305557	0.507500	0.123240	0.062770	0.042690	0.033037	
183	0.025610	1	2	98.590472	92.416672	0.514240	0.124209	0.062575	0.043976	0.033534	
183	0.024351	1	4	97.429139	96.555557	0.531085	0.129384	0.065852	0.044553	0.034586	
183	0.028994	1	8	95.465056	98.722221	0.553530	0.135072	0.068842	0.047102	0.036177	
183	0.024501	1	16	92.141806	99.527779	0.594702	0.143520	0.074422	0.050390	0.039100	

183	0.024668	2	1	97.330472	97.777779	0.529983	0.127616	0.064788	0.045619	0.034796	
183	0.023436	2	2	95.292139	99.555557	0.556295	0.135385	0.068288	0.047128	0.036451	
183	0.025121	2	4	92.339333	99.916664	0.595192	0.145884	0.073505	0.050403	0.039799	
183	0.024465	2	8	86.885444	99.972221	0.664042	0.162425	0.083634	0.056659	0.043943	
183	0.024189	2	16	78.664917	99.972221	0.766103	0.185870	0.097107	0.065740	0.050986	

183	0.021850	3	1	93.021639	99.722221	0.590173	0.144036	0.073751	0.051101	0.039106	
183	0.030966	3	2	87.323000	99.944443	0.655932	0.161496	0.081361	0.056143	0.043460	
183	0.029388	3	4	80.722028	100.000000	0.739014	0.183475	0.092656	0.063825	0.049266	
183	0.021538	3	8	69.570833	100.000000	0.881968	0.214531	0.112465	0.077462	0.059024	
183	0.019947	3	16	54.876139	100.000000	1.059150	0.266676	0.133957	0.093847	0.071496	

183	0.024970	4	1	83.661889	99.972221	0.703832	0.175161	0.087945	0.060879	0.047417	
183	0.028209	4	2	71.838722	100.000000	0.848494	0.207474	0.107005	0.074719	0.056969	
183	0.021571	4	4	61.061778	100.000000	0.981770	0.240172	0.123572	0.086911	0.066195	
183	0.025551	4	8	45.295222	100.000000	1.178048	0.294427	0.151947	0.104678	0.080228	
183	0.023226	4	16	28.662778	100.000000	1.379040	0.346124	0.178912	0.123221	0.093862	

183	0.022509	5	1	67.806167	100.000000	0.899722	0.219860	0.113680	0.079790	0.060957	
183	0.022975	5	2	49.877917	100.000000	1.116319	0.275994	0.141519	0.098718	0.078896	
183	0.021418	5	4	37.893944	100.000000	1.261358	0.315141	0.163085	0.110793	0.085667	
183	0.022415	5	8	22.855639	100.000000	1.445857	0.359120	0.186130	0.129214	0.099414	
183	0.029269	5	16	10.851611	100.000000	1.592101	0.393929	0.206921	0.140188	0.110081	

188	2.827520	1	1	99.174333	84.777779	0.520501	0.126707	0.064531	0.043974	0.034614	
188	0.021923	1	1	99.174333	84.777779	0.520143	0.126645	0.064603	0.044035	0.034022	
188	0.020930	1	2	98.600389	92.972221	0.528664	0.127837	0.065590	0.044562	0.034507	
188	0.027152	1	4	97.436806	96.833328	0.541865	0.130856	0.067665	0.046619	0.035538	
188	0.028030	1	8	95.474361	98.861107	0.566302	0.138635	0.069387	0.047875	0.037146	
188	0.023228	1	16	92.151750	99.583336	0.607556	0.147144	0.074807	0.051593	0.040028	

188	0.020425	2	1	97.348278	98.027779	0.543781	0.131870	0.066555	0.046870	0.035742	
188	0.021729	2	2	95.310750	99.527779	0.570177	0.136526	0.069823	0.049094	0.037396	
188	0.019947	2	4	92.363278	99.916664	0.609624	0.148464	0.076388	0.052578	0.040057	
188	0.023903	2	8	86.907333	100.000000	0.677509	0.166012	0.083748	0.058886	0.044851	
188	0.022051	2	16	78.684278	100.000000	0.777368	0.193372	0.098673	0.068093	0.051939	

188	0.024756	3	1	93.052667	99.805557	0.599871	0.147912	0.075566	0.051977	0.040204	
188	0.021396	3	2	87.347389	99.972221	0.670313	0.163585	0.082779	0.058190	0.044353	
188	0.021339	3	4	80.742778	100.000000	0.753542	0.182210	0.093584	0.064631	0.050151	
188	0.020464	3	8	69.587889	100.000000	0.892968	0.219330	0.111961	0.077124	0.059884	
188	0.021847	3	16	54.881972	100.000000	1.070996	0.265823	0.137731	0.094959	0.075701	

188	0.028382	4	1	83.711167	99.972221	0.719039	0.177977	0.089846	0.062476	0.048418	
188	0.021990	4	2	71.850361	100.000000	0.863958	0.210572	0.110261	0.074749	0.058052	
188	0.022350	4	4	61.084389	100.000000	0.994082	0.243701	0.125642	0.088139	0.067041	
188	0.021118	4	8	45.307111	100.000000	1.189869	0.299435	0.153660	0.105944	0.080744	
188	0.021754	4	16	28.671444	100.000000	1.392300	0.349791	0.177805	0.123297	0.095364	

188	0.027164	5	1	67.843222	100.000000	0.911326	0.226931	0.117103	0.079310	0.061740	
188	0.022459	5	2	49.869556	100.000000	1.133297	0.278596	0.147746	0.099745	0.076954	
188	0.023696	5	4	37.904472	100.000000	1.274446	0.316209	0.162565	0.112674	0.086531	
188	0.021596	5	8	22.863556	100.000000	1.458505	0.361117	0.189014	0.128436	0.099287	
188	0.021416	5	16	10.861694	100.000000	1.604485	0.398956	0.208547	0.143740	0.109846	

193	2.824473	1	1	99.172917	85.222221	0.530560	0.128771	0.065927	0.045428	0.034672	
193	0.020484	1	1	99.172917	85.222221	0.530191	0.129194	0.065163	0.045513	0.034668	
193	0.023546	1	2	98.597639	93.194443	0.538825	0.129217	0.067014	0.045403	0.035353	
193	0.021907	1	4	97.436222	97.138885	0.553765	0.133836	0.069027	0.046865	0.036450	
193	0.020284	1	8	95.474444	98.972229	0.577865	0.141634	0.071482	0.049927	0.039653	
193	0.021346	1	16	92.141528	99.638893	0.618604	0.149182	0.077577	0.052494	0.040731	

193	0.020952	2	1	97.357139	98.305550	0.553984	0.131548	0.068023	0.047072	0.038348	
193	0.021059	2	2	95.324028	99.555557	0.579998	0.140224	0.071119	0.049981	0.038067	
193	0.025843	2	4	92.366639	99.916664	0.619183	0.150229	0.076460	0.052575	0.040801	
193	0.020729	2	8	86.921944	100.000000	0.687789	0.165690	0.086678	0.058700	0.045531	
193	0.020338	2	16	78.674722	100.000000	0.788996	0.191258	0.100203	0.067966	0.052604	

193	0.022346	3	1	93.050056	99.750000	0.609331	0.150024	0.075921	0.052639	0.040829	
193	0.020188	3	2	87.351222	99.944443	0.680458	0.167882	0.085740	0.058073	0.045073	
193	0.021310	3	4	80.722917	100.000000	0.764527	0.189871	0.098327	0.065690	0.050952	
193	0.024558	3	8	69.586528	100.000000	0.903749	0.225172	0.115496	0.079614	0.060642	
193	0.022013	3	16	54.856611	100.000000	1.083486	0.274031	0.139051	0.094416	0.073184	

193	0.020411	4	1	83.673750	100.000000	0.727772	0.182910	0.092765	0.064128	0.049286	
193	0.022769	4	2	71.814056	100.000000	0.871591	0.216787	0.111303	0.075536	0.059241	
193	0.024032	4	4	61.036472	100.000000	1.005653	0.247742	0.129070	0.087413	0.067851	
193	0.021779	4	8	45.301444	100.000000	1.203010	0.301423	0.155211	0.106624	0.083619	
193	0.020960	4	16	28.652667	100.000000	1.402716	0.348126	0.181251	0.123637	0.095771	

193	0.018938	5	1	67.746111	100.000000	0.923023	0.226253	0.118639	0.080475	0.062564	
193	0.019302	5	2	49.788889	100.000000	1.139689	0.281422	0.144201	0.101356	0.077221	
193	0.024099	5	4	37.857167	100.000000	1.285934	0.322788	0.165644	0.114583	0.087289	
193	0.018702	5	8	22.858806	100.000000	1.471022	0.364242	0.188773	0.131335	0.100764	
193	0.021031	5	16	10.852694	100.000000	1.613611	0.401717	0.206447	0.144687	0.110164	

198	2.856079	1	1	99.184889	85.944443	0.588788	0.132739	0.066516	0.045993	0.035696	
198	0.021476	1	1	99.184889	85.944443	0.544773	0.130418	0.067860	0.046717	0.035652	
198	0.020426	1	2	98.609333	93.361107	0.552148	0.133240	0.068908	0.047395	0.036141	
198	0.027553	1	4	97.448972	97.416672	0.568172	0.137519	0.070835	0.048835	0.037202	
198	0.021935	1	8	95.494833	99.111107	0.590747	0.142378	0.073803	0.050870	0.038754	
198	0.025649	1	16	92.148833	99.666664	0.632175	0.155503	0.079363	0.054758	0.041694	

198	0.025542	2	1	97.389389	98.472221	0.571613	0.135459	0.069695	0.048130	0.037412	
198	0.022275	2	2	95.365750	99.555557	0.593177	0.145399	0.075337	0.051202	0.039008	
198	0.019720	2	4	92.410139	99.944443	0.632183	0.155182	0.077901	0.053680	0.041703	
198	0.022598	2	8	86.969222	100.000000	0.700657	0.173813	0.089153	0.060981	0.046446	
198	0.019785	2	16	78.677028	100.000000	0.803280	0.196472	0.100231	0.069231	0.053506	

198	0.023349	3	1	93.127222	99.833336	0.623128	0.153884	0.077343	0.054526	0.041840	
198	0.023913	3	2	87.437583	99.916664	0.692354	0.168001	0.087584	0.060198	0.047114	
198	0.026885	3	4	80.810861	100.000000	0.775916	0.195747	0.098559	0.066939	0.051754	
198	0.019588	3	8	69.642778	100.000000	0.916626	0.228031	0.115223	0.079326	0.061497	
198	0.019532	3	16	54.845944	100.000000	1.096066	0.274512	0.141012	0.095500	0.074097	

198	0.022524	4	1	83.817250	100.000000	0.738801	0.183311	0.092506	0.064057	0.049868	
198	0.020027	4	2	71.947111	100.000000	0.884326	0.217270	0.110917	0.076764	0.059443	
198	0.021390	4	4	61.137528	100.000000	1.017023	0.250709	0.129648	0.088823	0.068667	
198	0.028239	4	8	45.340167	100.000000	1.213961	0.298927	0.154303	0.106200	0.082211	
198	0.021116	4	16	28.641056	100.000000	1.415978	0.349934	0.181148	0.124269	0.096464	

198	0.021928	5	1	67.953889	100.000000	0.934613	0.231198	0.118385	0.082961	0.063393	
198	0.026748	5	2	49.945583	100.000000	1.174470	0.285035	0.148513	0.102364	0.078039	
198	0.021776	5	4	37.950528	100.000000	1.296897	0.321989	0.167777	0.113497	0.088099	
198	0.023682	5	8	22.893861	100.000000	1.480799	0.374674	0.188555	0.130503	0.100889	
198	0.023504	5	16	10.845250	100.000000	1.630020	0.406890	0.210122	0.144850	0.111792	

203	2.832045	1	1	99.193972	86.111107	0.553176	0.134213	0.069170	0.047226	0.037568	
203	0.024242	1	1	99.193972	86.111107	0.554964	0.132039	0.067806	0.046813	0.036341	
203	0.020875	1	2	98.622056	93.972221	0.561406	0.134188	0.069998	0.048291	0.036826	
203	0.022549	1	4	97.464889	97.666672	0.576954	0.139153	0.070713	0.049712	0.037849	
203	0.022124	1	8	95.515750	99.250000	0.600364	0.146064	0.075399	0.051827	0.039482	
203	0.023747	1	16	92.171861	99.722221	0.642023	0.153460	0.079095	0.055597	0.042332	

203	0.022369	2	1	97.406833	98.666672	0.579477	0.140086	0.072582	0.050181	0.045072	
203	0.032226	2	2	95.398556	99.527779	0.600244	0.145523	0.075665	0.052004	0.043804	
203	0.031273	2	4	92.444250	99.944443	0.639075	0.155647	0.080737	0.055579	0.045370	
203	0.027644	2	8	87.019861	100.000000	0.708202	0.176528	0.088936	0.061990	0.048504	
203	0.026438	2	16	78.722306	100.000000	0.811643	0.201766	0.103348	0.071225	0.054266	

203	0.021785	3	1	93.171083	99.888893	0.631325	0.155952	0.078837	0.054363	0.042373	
203	0.024165	3	2	87.514500	99.972221	0.701608	0.171222	0.088757	0.061166	0.046681	
203	0.022336	3	4	80.875194	100.000000	0.787616	0.193966	0.097953	0.068806	0.052454	
203	0.020043	3	8	69.726778	100.000000	0.925803	0.226427	0.116177	0.081720	0.062869	
203	0.031174	3	16	54.890083	100.000000	1.109852	0.277341	0.140952	0.096988	0.075048	

203	0.021997	4	1	83.902806	100.000000	0.748484	0.185643	0.095406	0.066452	0.050747	
203	0.021302	4	2	72.063028	100.000000	0.892745	0.222450	0.112325	0.077790	0.060222	
203	0.022376	4	4	61.218806	100.000000	1.027129	0.258470	0.131954	0.089953	0.071043	
203	0.024829	4	8	45.416611	100.000000	1.223101	0.302548	0.155718	0.106994	0.083617	
203	0.030618	4	16	28.661889	100.000000	1.427898	0.356439	0.185681	0.126747	0.100540	

203	0.020504	5	1	68.062500	100.000000	0.942989	0.232833	0.119532	0.083775	0.063970	
203	0.021454	5	2	50.068528	100.000000	1.159595	0.284992	0.146933	0.102491	0.078904	
203	0.023510	5	4	38.017000	100.000000	1.307243	0.330547	0.169080	0.114578	0.088820	
203	0.020759	5	8	22.934306	100.000000	1.492592	0.369908	0.193612	0.133582	0.102011	
203	0.022612	5	16	10.846111	100.000000	1.639378	0.406963	0.213350	0.146969	0.111932	

208	2.825314	1	1	99.199861	86.472229	0.568439	0.136099	0.070918	0.048080	0.037324	
208	0.020148	1	1	99.199861	86.472229	0.567940	0.138828	0.070904	0.048218	0.037384	
208	0.023363	1	2	98.630944	94.333336	0.575060	0.140162	0.070446	0.049553	0.037780	
208	0.021354	1	4	97.475611	97.944443	0.590626	0.145260	0.072602	0.050249	0.038915	
208	0.021839	1	8	95.530611	99.472221	0.613615	0.148291	0.075489	0.053090	0.040406	
208	0.026665	1	16	92.189944	99.805557	0.654438	0.161266	0.081071	0.056831	0.043289	

208	0.026771	2	1	97.417000	98.722221	0.589976	0.144553	0.074111	0.050486	0.039047	
208	0.021650	2	2	95.400139	99.583336	0.616806	0.148263	0.077312	0.053317	0.040641	
208	0.021284	2	4	92.454361	99.944443	0.655234	0.160822	0.080947	0.055810	0.043293	
208	0.023148	2	8	87.038750	100.000000	0.723586	0.175223	0.090188	0.062090	0.048052	
208	0.019468	2	16	78.718944	100.000000	0.825153	0.199569	0.103544	0.072507	0.055117	

208	0.019619	3	1	93.182056	99.944443	0.646615	0.159153	0.081805	0.056656	0.043371	
208	0.025151	3	2	87.505278	99.972221	0.715453	0.173793	0.090444	0.062351	0.047538	
208	0.024373	3	4	80.891139	100.000000	0.798911	0.197197	0.102781	0.068846	0.056884	
208	0.020561	3	8	69.740500	100.000000	0.938542	0.234598	0.120223	0.082803	0.063064	
208	0.019538	3	16	54.895917	100.000000	1.119688	0.280400	0.141753	0.097764	0.075736	

208	0.028187	4	1	83.938472	100.000000	0.761274	0.188694	0.095910	0.066398	0.051488	
208	0.021572	4	2	72.053833	100.000000	0.905591	0.222802	0.113759	0.078654	0.060943	
208	0.020211	4	4	61.249472	100.000000	1.039652	0.255403	0.133588	0.090619	0.070253	
208	0.022002	4	8	45.438361	100.000000	1.235394	0.309330	0.159562	0.109656	0.085081	
208	0.019274	4	16	28.662361	100.000000	1.439782	0.363791	0.185280	0.126441	0.098295	

208	0.022561	5	1	68.136556	100.000000	0.959373	0.238896	0.121628	0.084030	0.065174	
208	0.021055	5	2	50.071028	100.000000	1.173817	0.295403	0.151370	0.104449	0.079714	
208	0.019740	5	4	38.048056	100.000000	1.319838	0.326962	0.168628	0.116815	0.091957	
208	0.022415	5	8	22.948083	100.000000	1.505387	0.374915	0.195290	0.132746	0.102892	
208	0.022832	5	16	10.854417	100.000000	1.650935	0.418326	0.211406	0.146783	0.114488	

213	2.828267	1	1	99.198833	86.694443	0.578150	0.140762	0.072258	0.048897	0.038016	
213	0.024692	1	1	99.198833	86.694443	0.577789	0.140155	0.070990	0.049876	0.038016	
213	0.022262	1	2	98.633028	94.388893	0.585128	0.143491	0.073146	0.050437	0.038498	
213	0.023492	1	4	97.476806	97.944443	0.601056	0.144476	0.075013	0.051887	0.039516	
213	0.022447	1	8	95.534972	99.388893	0.623886	0.149540	0.078325	0.054018	0.041170	
213	0.031070	1	16	92.199611	99.694443	0.664463	0.160754	0.082260	0.056748	0.044004	

213	0.020838	2	1	97.419444	98.694443	0.600828	0.143508	0.074268	0.051305	0.040344	
213	0.020827	2	2	95.406111	99.722221	0.626413	0.155212	0.078666	0.054244	0.041339	
213	0.029821	2	4	92.459750	99.944443	0.667040	0.159219	0.082323	0.057804	0.044007	
213	0.025431	2	8	87.055222	100.000000	0.733858	0.178838	0.092922	0.063824	0.048954	
213	0.024617	2	16	78.755833	100.000000	0.835545	0.208065	0.104865	0.072144	0.055870	

213	0.023268	3	1	93.165361	99.944443	0.655780	0.158230	0.083166	0.057609	0.044082	
213	0.022396	3	2	87.503611	99.972221	0.725484	0.179394	0.091764	0.063307	0.048247	
213	0.023867	3	4	80.880472	100.000000	0.809232	0.200468	0.102938	0.071039	0.054534	
213	0.021598	3	8	69.743750	100.000000	0.949845	0.237005	0.119454	0.082376	0.063884	
213	0.025704	3	16	54.931583	100.000000	1.133169	0.284502	0.143267	0.100520	0.076540	

213	0.022691	4	1	83.879472	100.000000	0.771505	0.191283	0.098093	0.068265	0.053152	
213	0.032159	4	2	72.038861	100.000000	0.915028	0.224688	0.117345	0.080967	0.061737	
213	0.026370	4	4	61.239750	100.000000	1.052300	0.263686	0.135014	0.093168	0.071377	
213	0.022063	4	8	45.449528	100.000000	1.247413	0.314152	0.159160	0.110154	0.085439	
213	0.022405	4	16	28.691944	100.000000	1.450133	0.359451	0.185294	0.129743	0.106353	

213	0.022456	5	1	68.032083	100.000000	0.968832	0.241867	0.122665	0.084592	0.065801	
213	0.027142	5	2	50.036944	100.000000	1.185864	0.299310	0.150375	0.103872	0.080373	
213	0.020575	5	4	38.028917	100.000000	1.331209	0.329375	0.172254	0.116883	0.090471	
213	0.023005	5	8	22.946083	100.000000	1.515420	0.375993	0.196839	0.133385	0.103845	
213	0.022017	5	16	10.869333	100.000000	1.663170	0.414532	0.215110	0.147024	0.114564	

218	2.841458	1	1	99.202111	87.138893	0.590390	0.143243	0.074134	0.050480	0.038985	
218	0.022771	1	1	99.202111	87.138893	0.591050	0.145494	0.073974	0.051082	0.044557	
218	0.026763	1	2	98.639111	94.555557	0.599222	0.144361	0.075054	0.051770	0.039433	
218	0.023036	1	4	97.483917	98.055557	0.614402	0.147696	0.077292	0.052159	0.040489	
218	0.022887	1	8	95.541028	99.361107	0.637903	0.155807	0.080210	0.055297	0.042109	
218	0.022837	1	16	92.213694	99.611107	0.678739	0.167511	0.085551	0.058589	0.044906	

218	0.025306	2	1	97.428861	99.000000	0.615179	0.147007	0.075786	0.053348	0.040726	
218	0.021896	2	2	95.421556	99.805557	0.641151	0.156120	0.080294	0.055525	0.042265	
218	0.022800	2	4	92.474583	99.972221	0.678573	0.163914	0.084100	0.058201	0.044954	
218	0.024230	2	8	87.060056	100.000000	0.747358	0.183370	0.093359	0.064400	0.050704	
218	0.025613	2	16	78.776889	100.000000	0.848295	0.210222	0.108020	0.074492	0.056736	

218	0.024240	3	1	93.192472	99.972221	0.668202	0.165735	0.084853	0.058005	0.045690	
218	0.022674	3	2	87.530972	99.972221	0.739141	0.179521	0.091933	0.063327	0.049983	
218	0.022968	3	4	80.911861	100.000000	0.822648	0.199408	0.102948	0.073063	0.058914	
218	0.026859	3	8	69.755917	100.000000	0.963614	0.239892	0.123025	0.085101	0.069856	
218	0.028034	3	16	54.960667	100.000000	1.146026	0.285656	0.147132	0.101475	0.077266	

218	0.024278	4	1	83.891861	100.000000	0.786222	0.190617	0.098584	0.068495	0.053143	
218	0.030610	4	2	72.050472	100.000000	0.930011	0.231569	0.117055	0.080668	0.062622	
218	0.022678	4	4	61.261472	100.000000	1.063181	0.262683	0.134234	0.094284	0.071975	
218	0.023341	4	8	45.447278	100.000000	1.260558	0.311484	0.162729	0.112417	0.085465	
218	0.024875	4	16	28.711250	100.000000	1.463549	0.363864	0.189656	0.130877	0.099799	

218	0.024027	5	1	68.026111	100.000000	0.982177	0.247874	0.127842	0.087280	0.066752	
218	0.028635	5	2	50.033417	100.000000	1.197797	0.295788	0.154711	0.105053	0.081516	
218	0.022582	5	4	38.039472	100.000000	1.345265	0.333235	0.170688	0.118363	0.091389	
218	0.022939	5	8	22.938306	100.000000	1.530231	0.379232	0.195230	0.135078	0.104253	
218	0.023682	5	16	10.877389	100.000000	1.677805	0.418278	0.214527	0.148454	0.114611	

223	2.829549	1	1	99.202306	87.805557	0.601866	0.145464	0.075307	0.052296	0.047569	
223	0.023240	1	1	99.202306	87.805557	0.601557	0.146663	0.074315	0.051385	0.039802	
223	0.022629	1	2	98.642250	95.027779	0.610204	0.148446	0.075253	0.052598	0.040318	
223	0.025067	1	4	97.488056	98.083336	0.624652	0.153509	0.078374	0.054047	0.041173	
223	0.022700	1	8	95.549083	99.472221	0.647837	0.158089	0.081528	0.056143	0.042777	
223	0.024085	1	16	92.227556	99.750000	0.688955	0.167659	0.085161	0.059841	0.045568	

223	0.024428	2	1	97.421750	99.277779	0.625812	0.151605	0.078675	0.054286	0.041445	
223	0.022822	2	2	95.427083	99.833336	0.649742	0.156407	0.080411	0.056409	0.042986	
223	0.027246	2	4	92.484444	99.972221	0.688135	0.171080	0.089707	0.058818	0.045639	
223	0.022475	2	8	87.078611	100.000000	0.757631	0.186579	0.094575	0.065719	0.050461	
223	0.025038	2	16	78.804361	100.000000	0.863023	0.208692	0.107782	0.075540	0.057529	

223	0.023327	3	1	93.172250	99.944443	0.680005	0.165479	0.086657	0.059740	0.045766	
223	0.025389	3	2	87.532944	100.000000	0.753171	0.184313	0.094892	0.065461	0.049921	
223	0.023470	3	4	80.911444	100.000000	0.833144	0.208233	0.106921	0.072084	0.055739	
223	0.026528	3	8	69.768250	100.000000	0.973081	0.242673	0.124917	0.084800	0.065530	
223	0.024296	3	16	54.975556	100.000000	1.154505	0.288310	0.146045	0.102664	0.078257	

223	0.024147	4	1	83.856333	100.000000	0.796577	0.194963	0.101584	0.070469	0.053910	
223	0.027562	4	2	72.052500	100.000000	0.943928	0.235585	0.118892	0.083422	0.063608	
223	0.027239	4	4	61.255556	100.000000	1.075459	0.264654	0.135636	0.095332	0.072668	
223	0.023722	4	8	45.446722	100.000000	1.271101	0.319156	0.161692	0.111448	0.086901	
223	0.023489	4	16	28.724778	100.000000	1.475148	0.366894	0.188216	0.129834	0.100453	

223	0.024822	5	1	67.953833	100.000000	0.994269	0.243604	0.125612	0.088398	0.067527	
223	0.027244	5	2	50.013694	100.000000	1.214579	0.302226	0.156944	0.106576	0.082424	
223	0.025091	5	4	38.011556	100.000000	1.356007	0.333838	0.172810	0.119393	0.092150	
223	0.026923	5	8	22.931778	100.000000	1.540117	0.383442	0.196713	0.137818	0.104958	
223	0.023120	5	16	10.886833	100.000000	1.686851	0.425200	0.219448	0.148622	0.115308	

