=== Intel PCAF maledon

53	2.838894	1	1	98.929361	53.277779	0.200780	0.050262	0.025193	0.016839	0.012650	
53	0.024735	1	1	98.929361	53.277779	0.200614	0.050266	0.025199	0.016878	0.012646	
53	0.025123	1	2	98.229778	66.722221	0.210659	0.052823	0.026436	0.017649	0.013267	
53	0.025393	1	4	96.940694	77.472221	0.229364	0.057441	0.028767	0.019208	0.014422	
53	0.025233	1	8	94.838806	86.111107	0.260501	0.065220	0.032674	0.021695	0.016387	
53	0.025949	1	16	91.301056	92.583336	0.313205	0.075561	0.037461	0.025846	0.019671	

53	0.027081	2	1	96.608306	80.555557	0.236296	0.058720	0.029468	0.019764	0.014869	
53	0.025552	2	2	94.244750	89.750000	0.268414	0.067668	0.033642	0.022331	0.021187	
53	0.027360	2	4	91.008556	94.500000	0.314443	0.076808	0.037554	0.025533	0.019782	
53	0.026394	2	8	85.416417	97.833336	0.392114	0.092114	0.047278	0.031937	0.024795	
53	0.024918	2	16	76.951139	99.305557	0.499556	0.120621	0.061953	0.042116	0.032286	

53	0.027461	3	1	91.787944	93.111107	0.301956	0.076047	0.036718	0.025133	0.019632	
53	0.026207	3	2	85.717472	97.305557	0.386409	0.091299	0.045596	0.031490	0.024484	
53	0.024430	3	4	78.847444	99.000000	0.472301	0.113264	0.057882	0.039257	0.030433	
53	0.027811	3	8	67.939639	99.666664	0.608217	0.145994	0.074795	0.052414	0.039911	
53	0.027476	3	16	53.295111	99.944443	0.787270	0.190367	0.098157	0.068769	0.052333	

53	0.025790	4	1	82.065361	98.166672	0.430123	0.103271	0.051874	0.036627	0.028093	
53	0.025097	4	2	70.009250	99.388893	0.578891	0.139242	0.071005	0.049882	0.038016	
53	0.021452	4	4	59.118639	99.888893	0.714097	0.175597	0.088461	0.062269	0.047356	
53	0.026645	4	8	44.171806	99.972221	0.897666	0.223548	0.114310	0.077810	0.060688	
53	0.024922	4	16	27.793194	100.000000	1.093742	0.273102	0.138033	0.095478	0.073747	

53	0.024493	5	1	65.989861	99.444443	0.627040	0.152198	0.077518	0.054130	0.041672	
53	0.022875	5	2	48.239917	99.916664	0.842134	0.207884	0.106737	0.073816	0.056274	
53	0.021161	5	4	36.336556	100.000000	0.987457	0.245727	0.126488	0.085766	0.066840	
53	0.026438	5	8	22.280944	100.000000	1.158194	0.284652	0.149182	0.102658	0.078173	
53	0.024818	5	16	10.537083	100.000000	1.296754	0.323472	0.167586	0.113631	0.088996	

58	2.821805	1	1	98.966944	53.972221	0.213212	0.053383	0.026738	0.017874	0.013424	
58	0.026096	1	1	98.966944	53.972221	0.212929	0.053307	0.026734	0.017879	0.013417	
58	0.027307	1	2	98.254972	68.277779	0.223472	0.056042	0.028038	0.018718	0.014058	
58	0.028566	1	4	96.957778	78.833336	0.242143	0.060625	0.030350	0.020270	0.015830	
58	0.023082	1	8	94.877639	87.222221	0.272878	0.068278	0.034125	0.022168	0.017147	
58	0.027742	1	16	91.383667	93.444443	0.324367	0.078556	0.038868	0.026452	0.020397	

58	0.025764	2	1	96.718917	81.500000	0.245263	0.061480	0.030886	0.020672	0.015587	
58	0.028078	2	2	94.320917	90.666672	0.280020	0.070169	0.034743	0.022947	0.017641	
58	0.026105	2	4	91.070583	95.083328	0.328253	0.079212	0.038518	0.026980	0.020549	
58	0.027607	2	8	85.482472	97.916672	0.402604	0.095338	0.048886	0.033514	0.025529	
58	0.023201	2	16	77.089194	99.472221	0.509838	0.121253	0.063024	0.042778	0.033000	

58	0.026068	3	1	92.001667	93.583336	0.311861	0.077358	0.037849	0.025860	0.020254	
58	0.025829	3	2	85.828306	97.694443	0.396427	0.095578	0.047645	0.032910	0.025138	
58	0.027752	3	4	78.945778	99.277779	0.483325	0.114157	0.058194	0.040379	0.031175	
58	0.026168	3	8	68.023306	99.722221	0.620131	0.153505	0.077294	0.052489	0.040717	
58	0.028190	3	16	53.421778	99.944443	0.799873	0.195923	0.101369	0.069217	0.053125	

58	0.022691	4	1	82.347111	98.166672	0.438201	0.102967	0.052993	0.037385	0.028683	
58	0.027427	4	2	70.109278	99.388893	0.589384	0.143133	0.073390	0.050790	0.038742	
58	0.027620	4	4	59.207167	99.888893	0.724043	0.174743	0.091486	0.063122	0.048082	
58	0.025228	4	8	44.186361	99.972221	0.909557	0.225442	0.115894	0.078600	0.060953	
58	0.027600	4	16	27.838000	100.000000	1.105602	0.273890	0.142498	0.097943	0.074562	

58	0.025438	5	1	66.255194	99.555557	0.636309	0.156363	0.078918	0.054406	0.042290	
58	0.022448	5	2	48.321611	99.916664	0.852496	0.211666	0.106497	0.074803	0.057030	
58	0.026045	5	4	36.429278	100.000000	0.997977	0.243916	0.127869	0.087369	0.067074	
58	0.023889	5	8	22.297500	100.000000	1.170053	0.293909	0.147733	0.103877	0.079011	
58	0.027816	5	16	10.542917	100.000000	1.308154	0.329654	0.169272	0.116658	0.095300	

63	2.836688	1	1	98.981000	56.305557	0.226491	0.056687	0.028407	0.018982	0.014270	
63	0.027521	1	1	98.981000	56.305557	0.226318	0.056620	0.028393	0.018937	0.014257	
63	0.021761	1	2	98.279944	69.638893	0.236360	0.059211	0.029640	0.019786	0.014900	
63	0.027888	1	4	96.975944	80.250000	0.257895	0.063825	0.031968	0.021138	0.016049	
63	0.028501	1	8	94.888278	88.027779	0.285821	0.071574	0.034695	0.023167	0.017980	
63	0.028797	1	16	91.409000	93.972221	0.337056	0.079996	0.040256	0.027848	0.021219	

63	0.028925	2	1	96.749361	82.305557	0.261133	0.064895	0.032553	0.021695	0.016436	
63	0.028858	2	2	94.357167	91.166672	0.293035	0.073366	0.035312	0.024233	0.018452	
63	0.028561	2	4	91.095222	95.750000	0.339536	0.080368	0.040636	0.028024	0.021339	
63	0.026711	2	8	85.493778	98.166672	0.414304	0.098006	0.049189	0.034260	0.026330	
63	0.027712	2	16	77.121917	99.388893	0.519736	0.122216	0.063002	0.043894	0.033663	

63	0.028664	3	1	92.051278	94.555557	0.324290	0.079313	0.039374	0.027132	0.021031	
63	0.028692	3	2	85.901250	98.111115	0.407788	0.094270	0.049119	0.033282	0.025847	
63	0.028511	3	4	78.974528	99.250000	0.494776	0.118333	0.060654	0.041859	0.031904	
63	0.022245	3	8	68.018528	99.750000	0.630450	0.153364	0.077289	0.053427	0.041410	
63	0.027656	3	16	53.453556	99.944443	0.809332	0.199233	0.100463	0.069301	0.053684	

63	0.022312	4	1	82.481944	98.305550	0.448407	0.107466	0.055208	0.038365	0.029345	
63	0.027650	4	2	70.233694	99.527779	0.599094	0.145923	0.073386	0.051607	0.039980	
63	0.027506	4	4	59.253917	99.916664	0.732023	0.181644	0.092892	0.063942	0.048774	
63	0.028617	4	8	44.150944	99.972221	0.919500	0.228362	0.115158	0.080822	0.062157	
63	0.029399	4	16	27.854972	100.000000	1.116274	0.279544	0.140769	0.098835	0.075221	

63	0.028119	5	1	66.532083	99.583336	0.642591	0.157756	0.081100	0.056231	0.042800	
63	0.028615	5	2	48.464250	99.888893	0.861919	0.209108	0.107565	0.075612	0.057593	
63	0.028424	5	4	36.449833	99.972221	1.011503	0.251156	0.128801	0.088649	0.068426	
63	0.027957	5	8	22.247472	99.972221	1.179622	0.290447	0.151721	0.104488	0.079613	
63	0.028747	5	16	10.546389	100.000000	1.318338	0.331775	0.170189	0.115065	0.089249	

68	2.819275	1	1	98.993000	57.694447	0.238656	0.059790	0.029966	0.020014	0.015033	
68	0.023129	1	1	98.993000	57.694447	0.238651	0.059730	0.029932	0.019828	0.015044	
68	0.022820	1	2	98.298167	71.111115	0.249619	0.062284	0.031187	0.020553	0.015651	
68	0.016688	1	4	96.999889	81.277779	0.266542	0.066722	0.033272	0.022075	0.016764	
68	0.022397	1	8	94.916861	89.055557	0.296617	0.073337	0.036752	0.024286	0.018674	
68	0.019298	1	16	91.448139	94.916664	0.347066	0.080805	0.040736	0.028655	0.021828	

68	0.023047	2	1	96.816250	83.638885	0.271476	0.067533	0.032817	0.022030	0.017140	
68	0.017798	2	2	94.431083	92.055550	0.305763	0.073026	0.036312	0.025095	0.019104	
68	0.017867	2	4	91.163944	96.111115	0.350447	0.080361	0.041028	0.028314	0.021975	
68	0.016848	2	8	85.558417	98.694443	0.422037	0.099688	0.051114	0.034701	0.026888	
68	0.019477	2	16	77.183111	99.638893	0.525143	0.126199	0.065003	0.044777	0.034149	

68	0.022945	3	1	92.209694	94.555557	0.333706	0.078188	0.040491	0.028128	0.021670	
68	0.018349	3	2	86.005528	98.083336	0.414220	0.098853	0.050281	0.034291	0.026471	
68	0.023259	3	4	79.061917	99.305557	0.501962	0.121344	0.061814	0.042653	0.032517	
68	0.017525	3	8	68.079333	99.805557	0.640030	0.153937	0.080000	0.055125	0.042010	
68	0.019583	3	16	53.480778	99.944443	0.816897	0.197591	0.103584	0.070304	0.054339	

68	0.018438	4	1	82.697917	98.500000	0.453521	0.107911	0.056160	0.038239	0.029870	
68	0.017765	4	2	70.378722	99.555557	0.606718	0.144471	0.074246	0.051395	0.039881	
68	0.022893	4	4	59.332944	99.944443	0.740249	0.177924	0.091969	0.064637	0.049293	
68	0.022157	4	8	44.189333	99.972221	0.926258	0.225519	0.118269	0.081485	0.062147	
68	0.019097	4	16	27.845417	100.000000	1.120833	0.279486	0.143722	0.097663	0.075623	

68	0.018300	5	1	66.753222	99.694443	0.648112	0.157950	0.080575	0.055683	0.043241	
68	0.022509	5	2	48.615889	99.916664	0.865758	0.211153	0.108323	0.074919	0.058028	
68	0.017233	5	4	36.535250	99.972221	1.012187	0.252458	0.129711	0.089395	0.068111	
68	0.022077	5	8	22.272778	99.972221	1.186116	0.297425	0.152547	0.103386	0.080182	
68	0.023322	5	16	10.525167	100.000000	1.324564	0.327753	0.170717	0.117903	0.089908	

73	2.833302	1	1	98.988750	59.527779	0.234014	0.058553	0.029325	0.019585	0.014734	
73	0.025347	1	1	98.988750	59.527779	0.234999	0.058536	0.029317	0.019594	0.014727	
73	0.023826	1	2	98.286139	73.444443	0.244180	0.061191	0.030658	0.020308	0.015402	
73	0.018310	1	4	97.019667	82.611115	0.261434	0.065450	0.032549	0.021172	0.016455	
73	0.018691	1	8	94.950222	90.138885	0.291446	0.071910	0.034950	0.024043	0.018332	
73	0.020467	1	16	91.518722	95.416664	0.342179	0.078423	0.040988	0.028117	0.021525	

73	0.024007	2	1	96.813083	85.611115	0.264923	0.066418	0.032713	0.021841	0.016838	
73	0.018439	2	2	94.406972	93.194443	0.299497	0.073336	0.035857	0.024474	0.018907	
73	0.018371	2	4	91.250528	96.555557	0.344150	0.079527	0.041209	0.027957	0.021651	
73	0.018268	2	8	85.692778	98.944443	0.414607	0.098727	0.049534	0.034199	0.026506	
73	0.023195	2	16	77.371083	99.611107	0.519866	0.124883	0.063507	0.043724	0.033858	

73	0.024690	3	1	92.222111	95.472221	0.329681	0.078050	0.040029	0.027808	0.021362	
73	0.019066	3	2	85.944667	98.583336	0.410967	0.095668	0.049064	0.034171	0.026330	
73	0.018738	3	4	79.181111	99.444443	0.496661	0.119467	0.060152	0.041600	0.032233	
73	0.017898	3	8	68.259139	99.805557	0.631634	0.155533	0.079589	0.053842	0.041701	
73	0.019610	3	16	53.686472	99.972221	0.810413	0.200908	0.102973	0.070921	0.054040	

73	0.025148	4	1	82.681972	98.861107	0.450872	0.108406	0.055105	0.038752	0.029711	
73	0.023532	4	2	70.235111	99.666664	0.604859	0.147893	0.074766	0.051471	0.039995	
73	0.020530	4	4	59.457917	99.972221	0.738896	0.177831	0.093671	0.064577	0.049204	
73	0.019182	4	8	44.347944	99.972221	0.926570	0.231378	0.118478	0.080434	0.062180	
73	0.023817	4	16	28.004306	100.000000	1.122879	0.277819	0.141960	0.099661	0.075899	

73	0.019459	5	1	66.742417	99.888893	0.647819	0.160241	0.081879	0.055668	0.043267	
73	0.024310	5	2	48.459056	99.972221	0.869239	0.212766	0.110893	0.075364	0.058302	
73	0.018192	5	4	36.667972	99.972221	1.014039	0.254098	0.130108	0.088165	0.068307	
73	0.017385	5	8	22.393444	99.972221	1.189616	0.294773	0.150843	0.104064	0.080427	
73	0.017966	5	16	10.601806	100.000000	1.328630	0.329576	0.169098	0.116915	0.090176	

78	2.824527	1	1	98.995194	61.611111	0.249235	0.062357	0.031236	0.020673	0.015716	
78	0.021022	1	1	98.995194	61.611111	0.250522	0.062378	0.031301	0.020707	0.015714	
78	0.019517	1	2	98.317750	74.805557	0.258973	0.064869	0.032219	0.021465	0.016312	
78	0.019078	1	4	97.064056	84.166664	0.277816	0.065354	0.033095	0.022824	0.017397	
78	0.024170	1	8	95.011361	90.833336	0.305200	0.072294	0.036641	0.025194	0.019192	
78	0.020026	1	16	91.581528	96.111115	0.355069	0.083210	0.041967	0.028884	0.022390	

78	0.021327	2	1	96.823722	87.305557	0.279956	0.068103	0.033640	0.023259	0.017784	
78	0.019828	2	2	94.500667	93.888893	0.313137	0.075123	0.037474	0.025413	0.019714	
78	0.019259	2	4	91.351639	97.138885	0.357756	0.083801	0.042803	0.029485	0.022480	
78	0.024864	2	8	85.838222	99.166664	0.425360	0.100729	0.052117	0.035781	0.027290	
78	0.024423	2	16	77.528889	99.777779	0.529797	0.126379	0.064616	0.044618	0.034556	

78	0.020451	3	1	92.217528	96.250000	0.344348	0.080435	0.043222	0.028802	0.022879	
78	0.020072	3	2	86.102833	98.861107	0.418431	0.100681	0.051455	0.035460	0.027060	
78	0.019281	3	4	79.370806	99.444443	0.506322	0.122576	0.062769	0.042475	0.032935	
78	0.019283	3	8	68.500139	99.805557	0.641345	0.153410	0.079060	0.054710	0.042309	
78	0.019004	3	16	53.872167	99.944443	0.818872	0.201181	0.102220	0.070463	0.054636	

78	0.018967	4	1	82.658139	99.055557	0.465026	0.112759	0.057735	0.039264	0.030656	
78	0.019313	4	2	70.433250	99.805557	0.614751	0.148673	0.077296	0.052376	0.040654	
78	0.018818	4	4	59.688000	99.972221	0.747914	0.181903	0.093182	0.064497	0.049818	
78	0.024491	4	8	44.559417	99.972221	0.933909	0.230210	0.117317	0.080912	0.063343	
78	0.018374	4	16	28.118250	100.000000	1.131807	0.284311	0.143033	0.098798	0.076444	

78	0.024462	5	1	66.747250	99.888893	0.658976	0.164501	0.081981	0.057007	0.044117	
78	0.019022	5	2	48.639278	99.972221	0.878321	0.221839	0.109951	0.077276	0.058910	
78	0.019079	5	4	36.858944	99.972221	1.022722	0.250858	0.131240	0.090388	0.068886	
78	0.020423	5	8	22.548083	99.972221	1.199804	0.296707	0.154460	0.104487	0.081040	
78	0.025162	5	16	10.651639	100.000000	1.338940	0.332647	0.170028	0.119294	0.090881	

83	2.820127	1	1	99.004028	62.916668	0.260865	0.065255	0.032686	0.021566	0.016443	
83	0.026703	1	1	99.004028	62.916668	0.260593	0.065334	0.032109	0.021378	0.016444	
83	0.019931	1	2	98.349639	76.083336	0.270253	0.067699	0.032612	0.022212	0.017032	
83	0.024359	1	4	97.110111	84.750000	0.287190	0.071048	0.034489	0.023705	0.018084	
83	0.018246	1	8	95.073389	91.527779	0.316510	0.075305	0.037227	0.025730	0.019912	
83	0.018933	1	16	91.652167	96.361115	0.364860	0.086223	0.043147	0.030326	0.023097	

83	0.018987	2	1	96.862639	88.027779	0.291173	0.072226	0.034694	0.024214	0.018471	
83	0.026417	2	2	94.593500	94.361107	0.324033	0.075211	0.038214	0.026299	0.020397	
83	0.025262	2	4	91.474250	97.194443	0.360743	0.085834	0.044066	0.030423	0.023174	
83	0.018928	2	8	86.002194	99.138893	0.435212	0.101257	0.053159	0.036692	0.027961	
83	0.021524	2	16	77.698694	99.722221	0.540017	0.127952	0.067152	0.045945	0.035254	

83	0.025159	3	1	92.291722	96.638885	0.354361	0.084597	0.043181	0.029984	0.023019	
83	0.025137	3	2	86.299278	99.055557	0.430944	0.103255	0.052616	0.036254	0.027678	
83	0.020632	3	4	79.587028	99.722221	0.515489	0.121396	0.062660	0.043289	0.033563	
83	0.022485	3	8	68.707833	99.916664	0.649607	0.156742	0.081884	0.056435	0.042996	
83	0.025822	3	16	54.042694	100.000000	0.828684	0.205638	0.105561	0.072724	0.055479	

83	0.019135	4	1	82.801722	99.305557	0.473347	0.115064	0.058893	0.040826	0.031281	
83	0.021922	4	2	70.726972	99.888893	0.623160	0.149151	0.076938	0.053166	0.041195	
83	0.020285	4	4	59.926139	99.972221	0.757026	0.187482	0.096056	0.065254	0.057982	
83	0.019385	4	8	44.746194	99.972221	0.945056	0.232312	0.120937	0.083293	0.063485	
83	0.021130	4	16	28.224306	100.000000	1.144057	0.281262	0.144638	0.100120	0.077316	

83	0.019365	5	1	66.944694	99.944443	0.669598	0.161455	0.083597	0.058640	0.044792	
83	0.024115	5	2	48.935167	100.000000	0.886605	0.221392	0.113501	0.076881	0.059542	
83	0.021589	5	4	37.053083	100.000000	1.035191	0.258752	0.130281	0.090304	0.069757	
83	0.018916	5	8	22.660056	100.000000	1.209590	0.297670	0.153037	0.107422	0.081818	
83	0.021176	5	16	10.692306	100.000000	1.350996	0.334854	0.174128	0.120680	0.091967	

88	2.831996	1	1	99.025000	63.750000	0.275429	0.068915	0.033383	0.022772	0.017440	
88	0.019754	1	1	99.025000	63.750000	0.276303	0.068993	0.033228	0.022756	0.017424	
88	0.021123	1	2	98.371361	76.333328	0.284900	0.071039	0.033506	0.023105	0.017955	
88	0.019738	1	4	97.130167	85.972221	0.301939	0.071696	0.036134	0.024917	0.019001	
88	0.019842	1	8	95.119417	92.138885	0.330419	0.077596	0.038867	0.027276	0.020795	
88	0.025535	1	16	91.719778	96.500000	0.376278	0.089043	0.044651	0.030824	0.023887	

88	0.024076	2	1	96.937472	88.305557	0.304738	0.071722	0.036118	0.025367	0.019321	
88	0.024269	2	2	94.665444	94.472221	0.337387	0.077345	0.040348	0.027952	0.021232	
88	0.018724	2	4	91.578139	97.472221	0.378191	0.087628	0.044785	0.031462	0.023996	
88	0.020192	2	8	86.120222	99.305557	0.445957	0.107913	0.056746	0.037038	0.028704	
88	0.018877	2	16	77.858333	99.777779	0.549403	0.134990	0.068402	0.046392	0.035921	

88	0.019287	3	1	92.441333	97.194443	0.367251	0.087483	0.046364	0.030569	0.023844	
88	0.020532	3	2	86.437361	99.333336	0.440668	0.105145	0.053009	0.036675	0.028441	
88	0.019852	3	4	79.775472	99.722221	0.525415	0.125249	0.065236	0.044914	0.034245	
88	0.023715	3	8	68.887528	99.916664	0.662326	0.160140	0.083172	0.056340	0.044255	
88	0.021311	3	16	54.250222	99.972221	0.837862	0.205807	0.106646	0.073525	0.055983	

88	0.024783	4	1	83.032167	99.444443	0.483075	0.116402	0.058977	0.041051	0.031985	
88	0.024508	4	2	70.925528	99.916664	0.633735	0.153747	0.078183	0.054868	0.041906	
88	0.025976	4	4	60.142194	99.972221	0.765360	0.187055	0.097228	0.066987	0.051160	
88	0.019438	4	8	44.930028	99.972221	0.953600	0.238330	0.120763	0.084200	0.064096	
88	0.018903	4	16	28.366000	100.000000	1.152509	0.289419	0.148532	0.102305	0.077937	

88	0.018335	5	1	67.255917	99.888893	0.677962	0.165643	0.086016	0.059333	0.045365	
88	0.020985	5	2	49.159694	99.972221	0.896322	0.225530	0.115581	0.078937	0.060190	
88	0.024458	5	4	37.269278	99.972221	1.041454	0.256496	0.131464	0.092110	0.070217	
88	0.023540	5	8	22.777444	99.972221	1.218119	0.301704	0.157473	0.106433	0.082748	
88	0.020061	5	16	10.758861	100.000000	1.362649	0.335603	0.173066	0.121492	0.092550	

93	2.837663	1	1	99.046778	65.750000	0.287953	0.069900	0.034335	0.023664	0.018340	
93	0.021299	1	1	99.046778	65.750000	0.286238	0.070923	0.034373	0.023708	0.018058	
93	0.020269	1	2	98.403861	78.250000	0.297274	0.071960	0.035447	0.024465	0.018641	
93	0.020196	1	4	97.167333	86.805557	0.313128	0.075755	0.037499	0.025439	0.019698	
93	0.019676	1	8	95.151778	93.361107	0.343035	0.079462	0.040277	0.027697	0.021494	
93	0.019987	1	16	91.766667	97.194443	0.386498	0.090318	0.046858	0.032298	0.024591	

93	0.019634	2	1	96.979417	89.805557	0.316018	0.075965	0.037986	0.026224	0.020015	
93	0.027124	2	2	94.737306	95.444450	0.347411	0.082148	0.040999	0.028264	0.021920	
93	0.026694	2	4	91.674194	98.083336	0.385646	0.092523	0.046429	0.031901	0.024673	
93	0.019500	2	8	86.181361	99.388893	0.452304	0.108498	0.056033	0.038630	0.029439	
93	0.022241	2	16	77.948417	99.861107	0.559861	0.135107	0.068578	0.047249	0.036659	

93	0.020804	3	1	92.488889	97.361115	0.377951	0.089230	0.045121	0.031928	0.024485	
93	0.016794	3	2	86.530556	99.333336	0.451156	0.108729	0.056797	0.038179	0.029120	
93	0.025555	3	4	79.911639	99.750000	0.533319	0.130053	0.066679	0.045811	0.034934	
93	0.025033	3	8	68.943667	99.972221	0.671301	0.161244	0.084645	0.057497	0.044461	
93	0.019098	3	16	54.333306	100.000000	0.850081	0.211339	0.108339	0.073359	0.056831	

93	0.026929	4	1	83.081806	99.583336	0.493619	0.118567	0.061637	0.042677	0.032733	
93	0.020443	4	2	71.085833	99.916664	0.642050	0.158106	0.080811	0.055741	0.042536	
93	0.024869	4	4	60.333583	99.972221	0.775257	0.189948	0.098518	0.066977	0.051773	
93	0.021423	4	8	44.963278	99.972221	0.966012	0.236464	0.121783	0.085466	0.064940	
93	0.021032	4	16	28.412361	100.000000	1.166475	0.293260	0.151679	0.104437	0.078924	

93	0.021385	5	1	67.416278	99.916664	0.686431	0.169031	0.085878	0.060234	0.047248	
93	0.025747	5	2	49.326722	100.000000	0.906270	0.221258	0.115921	0.079858	0.060883	
93	0.019813	5	4	37.436972	100.000000	1.052427	0.257489	0.135185	0.093079	0.070953	
93	0.019838	5	8	22.777056	100.000000	1.231887	0.303114	0.156448	0.107927	0.083387	
93	0.021158	5	16	10.781111	100.000000	1.373431	0.339531	0.175366	0.122647	0.093363	

98	2.831210	1	1	99.063750	65.916672	0.302728	0.073490	0.036964	0.024916	0.019002	
98	0.018364	1	1	99.063750	65.916672	0.301323	0.073703	0.035469	0.024492	0.019010	
98	0.020069	1	2	98.431361	78.555557	0.310905	0.075245	0.037264	0.025302	0.019595	
98	0.020132	1	4	97.188944	87.027779	0.328089	0.076565	0.038600	0.026605	0.020651	
98	0.020908	1	8	95.169556	93.472221	0.355530	0.085011	0.042745	0.029272	0.022401	
98	0.015401	1	16	91.786389	97.527779	0.400414	0.095211	0.047642	0.033490	0.025489	

98	0.015194	2	1	97.025889	90.750000	0.330283	0.078354	0.038917	0.027411	0.020929	
98	0.024142	2	2	94.812833	95.861115	0.360324	0.083458	0.042607	0.029919	0.022785	
98	0.015535	2	4	91.709278	98.416672	0.400961	0.096493	0.048644	0.033497	0.025532	
98	0.020021	2	8	86.208889	99.555557	0.468917	0.111434	0.056735	0.039760	0.030299	
98	0.023708	2	16	77.956361	99.944443	0.572388	0.136712	0.071656	0.048602	0.037548	

98	0.024515	3	1	92.549889	97.472221	0.388381	0.092206	0.046719	0.032495	0.025365	
98	0.020752	3	2	86.649500	99.361107	0.462832	0.111536	0.055789	0.038598	0.029942	
98	0.023746	3	4	79.943972	99.833336	0.548830	0.129807	0.068188	0.046108	0.035801	
98	0.021910	3	8	68.946889	99.972221	0.684317	0.166383	0.086193	0.059403	0.045272	
98	0.025017	3	16	54.304333	100.000000	0.863669	0.208733	0.109884	0.074828	0.057604	

98	0.024184	4	1	83.143194	99.527779	0.505586	0.123804	0.063208	0.043738	0.033527	
98	0.020577	4	2	71.191889	99.916664	0.654685	0.159331	0.080788	0.056816	0.043346	
98	0.023553	4	4	60.317722	99.972221	0.789584	0.190712	0.098769	0.067932	0.052709	
98	0.015332	4	8	44.940806	99.972221	0.978426	0.243611	0.125368	0.086274	0.065738	
98	0.015377	4	16	28.387528	100.000000	1.176680	0.298375	0.150963	0.102796	0.080401	

98	0.015450	5	1	67.466583	99.972221	0.698545	0.173610	0.090250	0.061283	0.046810	
98	0.015454	5	2	49.426694	100.000000	0.916707	0.229987	0.117467	0.080468	0.061832	
98	0.015579	5	4	37.393972	100.000000	1.064436	0.266389	0.136715	0.093074	0.071763	
98	0.023555	5	8	22.747361	100.000000	1.247009	0.308118	0.157627	0.110684	0.084316	
98	0.025105	5	16	10.765889	100.000000	1.387259	0.342175	0.176691	0.121949	0.094249	

103	2.831739	1	1	99.066250	67.500000	0.312688	0.073965	0.037565	0.025831	0.019715	
103	0.022569	1	1	99.066250	67.500000	0.312675	0.074877	0.036844	0.025418	0.019720	
103	0.016218	1	2	98.447528	79.277779	0.321980	0.077150	0.037837	0.026168	0.020274	
103	0.020360	1	4	97.206472	87.805557	0.339109	0.079065	0.040511	0.027982	0.021327	
103	0.016162	1	8	95.186083	93.833336	0.365854	0.086349	0.044092	0.030312	0.023106	
103	0.026068	1	16	91.814917	97.611115	0.409076	0.097656	0.049926	0.034388	0.026205	

103	0.019429	2	1	97.019000	91.055557	0.341950	0.077925	0.041081	0.027883	0.021640	
103	0.019051	2	2	94.873167	96.388885	0.369939	0.085602	0.044623	0.030805	0.023461	
103	0.022591	2	4	91.757167	98.416672	0.410516	0.097443	0.049129	0.033910	0.026265	
103	0.027037	2	8	86.249972	99.472221	0.479225	0.112711	0.058098	0.040047	0.031068	
103	0.016092	2	16	78.021472	99.944443	0.583279	0.143631	0.072934	0.050228	0.038259	

103	0.020033	3	1	92.524861	98.055557	0.399409	0.095899	0.049004	0.033644	0.026124	
103	0.016207	3	2	86.740222	99.555557	0.472606	0.113396	0.058205	0.039487	0.030608	
103	0.025372	3	4	79.962972	99.833336	0.558126	0.133888	0.068295	0.047133	0.036569	
103	0.023580	3	8	68.965250	99.944443	0.695068	0.167290	0.086517	0.060540	0.046088	
103	0.016329	3	16	54.343000	100.000000	0.873729	0.219061	0.111599	0.075677	0.058489	

103	0.016427	4	1	83.086889	99.638893	0.518785	0.125970	0.063661	0.044084	0.034411	
103	0.016207	4	2	71.293750	100.000000	0.662834	0.163310	0.083666	0.057723	0.044087	
103	0.022579	4	4	60.311694	99.972221	0.799218	0.195918	0.099846	0.068948	0.053445	
103	0.016445	4	8	44.906833	100.000000	0.989988	0.246789	0.126954	0.086822	0.066673	
103	0.023316	4	16	28.393806	100.000000	1.187739	0.292616	0.150963	0.104243	0.080465	

103	0.025280	5	1	67.371361	99.972221	0.710006	0.172284	0.088673	0.062419	0.047696	
103	0.020478	5	2	49.491806	100.000000	0.927515	0.227369	0.116531	0.080674	0.062389	
103	0.021990	5	4	37.361861	100.000000	1.075138	0.266247	0.136163	0.095359	0.072649	
103	0.016412	5	8	22.697806	100.000000	1.255048	0.318062	0.162633	0.111747	0.085075	
103	0.016397	5	16	10.767389	100.000000	1.397205	0.356026	0.181212	0.124572	0.095763	

108	2.829491	1	1	99.086333	69.416664	0.327778	0.075975	0.038503	0.026704	0.020646	
108	0.021359	1	1	99.086333	69.416664	0.327354	0.076393	0.039588	0.027108	0.020637	
108	0.022213	1	2	98.471250	80.916664	0.336620	0.082239	0.041623	0.027767	0.021190	
108	0.020453	1	4	97.230333	89.000000	0.352227	0.083501	0.041578	0.028682	0.022253	
108	0.015741	1	8	95.210278	94.250000	0.378402	0.089488	0.046325	0.030922	0.023993	
108	0.024695	1	16	91.852417	97.972221	0.422295	0.100750	0.051518	0.035639	0.027068	

108	0.016434	2	1	97.097056	92.055550	0.355499	0.083418	0.041874	0.029513	0.022513	
108	0.022559	2	2	94.945556	96.555557	0.382694	0.089000	0.045432	0.031364	0.024330	
108	0.027603	2	4	91.821972	98.750000	0.421277	0.098655	0.050717	0.035647	0.027137	
108	0.015676	2	8	86.315278	99.638893	0.491685	0.119061	0.059812	0.041783	0.032041	
108	0.018681	2	16	78.085611	99.916664	0.594939	0.142202	0.074313	0.050375	0.039031	

108	0.016801	3	1	92.668056	98.194443	0.411602	0.098214	0.050607	0.035094	0.026945	
108	0.015897	3	2	86.857000	99.611107	0.483921	0.116402	0.058579	0.040467	0.031466	
108	0.022874	3	4	80.098944	99.833336	0.569169	0.136933	0.071091	0.048893	0.037314	
108	0.019058	3	8	69.062944	99.972221	0.709517	0.172111	0.089220	0.061487	0.046829	
108	0.015670	3	16	54.427833	100.000000	0.884253	0.220444	0.110610	0.076257	0.059134	

108	0.015783	4	1	83.331583	99.805557	0.527709	0.128063	0.065007	0.044965	0.035031	
108	0.020341	4	2	71.449444	100.000000	0.673380	0.165411	0.085168	0.057752	0.044745	
108	0.019639	4	4	60.465389	99.972221	0.811863	0.197682	0.103383	0.070904	0.054097	
108	0.015950	4	8	44.984194	100.000000	1.004242	0.251042	0.126330	0.088547	0.067353	
108	0.020268	4	16	28.454361	100.000000	1.199456	0.296300	0.152011	0.104827	0.081188	

108	0.024504	5	1	67.644833	99.916664	0.726401	0.176741	0.090427	0.062529	0.048637	
108	0.025557	5	2	49.645389	100.000000	0.941490	0.231284	0.118172	0.081699	0.063313	
108	0.016018	5	4	37.502333	100.000000	1.087293	0.273302	0.137367	0.095060	0.073314	
108	0.021186	5	8	22.756611	100.000000	1.267590	0.319339	0.160563	0.112630	0.086477	
108	0.019512	5	16	10.799556	100.000000	1.409798	0.349518	0.179298	0.123850	0.095788	

113	2.837505	1	1	99.088333	70.694443	0.338803	0.076877	0.039826	0.027982	0.021344	
113	0.021942	1	1	99.088333	70.694443	0.338503	0.078510	0.040563	0.027948	0.021332	
113	0.021074	1	2	98.484306	82.194443	0.347066	0.081366	0.040846	0.028714	0.021894	
113	0.023755	1	4	97.262861	89.250000	0.362556	0.085011	0.043554	0.030090	0.022908	
113	0.018068	1	8	95.250972	94.888893	0.388252	0.091922	0.046933	0.032079	0.024644	
113	0.024080	1	16	91.882889	98.027779	0.432662	0.103883	0.052890	0.036470	0.027775	

113	0.020176	2	1	97.088083	93.166664	0.365279	0.085801	0.044068	0.030426	0.023223	
113	0.022641	2	2	94.985778	97.138885	0.392648	0.093236	0.046687	0.032805	0.024994	
113	0.017198	2	4	91.916556	98.972229	0.430538	0.104414	0.052896	0.036311	0.027760	
113	0.016795	2	8	86.439556	99.750000	0.501134	0.121492	0.061894	0.042345	0.032539	
113	0.016742	2	16	78.143833	99.916664	0.605689	0.148269	0.074433	0.051339	0.039793	

113	0.021229	3	1	92.653194	98.388885	0.421416	0.099964	0.051991	0.035973	0.027631	
113	0.020878	3	2	86.915194	99.555557	0.493326	0.119363	0.061079	0.042036	0.032078	
113	0.019625	3	4	80.233417	99.888893	0.578569	0.141077	0.070853	0.048894	0.037947	
113	0.022757	3	8	69.202778	99.944443	0.716250	0.172751	0.088899	0.061312	0.048150	
113	0.017126	3	16	54.450472	100.000000	0.896156	0.224209	0.114361	0.078808	0.059992	

113	0.020416	4	1	83.318083	99.805557	0.539495	0.130194	0.066213	0.045945	0.035791	
113	0.025689	4	2	71.535639	99.972221	0.685166	0.166631	0.086422	0.059702	0.045467	
113	0.019678	4	4	60.643167	100.000000	0.819136	0.199849	0.102297	0.070818	0.054780	
113	0.022643	4	8	45.088556	100.000000	1.011690	0.254071	0.129752	0.087951	0.068132	
113	0.018765	4	16	28.447861	100.000000	1.211895	0.299839	0.156377	0.106509	0.082214	

113	0.016964	5	1	67.590694	99.972221	0.734410	0.181479	0.093341	0.063919	0.049278	
113	0.016976	5	2	49.683722	100.000000	0.949332	0.236637	0.121906	0.083039	0.063808	
113	0.019118	5	4	37.632194	100.000000	1.097275	0.270060	0.141038	0.095636	0.074121	
113	0.022688	5	8	22.800194	100.000000	1.281101	0.315223	0.162360	0.112405	0.086666	
113	0.016582	5	16	10.790306	100.000000	1.422270	0.360164	0.184353	0.125152	0.096676	

118	2.828147	1	1	99.098778	72.500000	0.354470	0.082717	0.042373	0.029190	0.022295	
118	0.025670	1	1	99.098778	72.500000	0.348931	0.083416	0.042447	0.028747	0.022297	
118	0.024373	1	2	98.500667	83.583328	0.358392	0.082972	0.042563	0.029970	0.022816	
118	0.021873	1	4	97.286111	90.638885	0.374050	0.087865	0.045522	0.030884	0.023901	
118	0.017792	1	8	95.280139	95.722221	0.400827	0.095846	0.049998	0.032958	0.025569	
118	0.018185	1	16	91.911944	98.222221	0.444894	0.107342	0.054424	0.037585	0.028624	

118	0.020956	2	1	97.110889	93.305557	0.378657	0.086863	0.045855	0.031406	0.024154	
118	0.017640	2	2	95.039639	97.416672	0.405612	0.096573	0.049291	0.033356	0.025893	
118	0.020759	2	4	91.968306	99.083336	0.444848	0.106792	0.054500	0.037572	0.028636	
118	0.020679	2	8	86.525583	99.833336	0.512593	0.123989	0.062302	0.042972	0.033340	
118	0.022782	2	16	78.225306	99.916664	0.617229	0.148794	0.075941	0.052448	0.040604	

118	0.017635	3	1	92.693722	98.555550	0.433625	0.104450	0.052708	0.036584	0.028549	
118	0.026216	3	2	87.025694	99.583336	0.504790	0.119605	0.061334	0.043135	0.032898	
118	0.021754	3	4	80.301250	99.944443	0.590371	0.142310	0.072688	0.050229	0.038767	
118	0.021776	3	8	69.298306	100.000000	0.726825	0.176537	0.091928	0.062198	0.048286	
118	0.018342	3	16	54.524861	100.000000	0.906919	0.226091	0.115757	0.079715	0.060715	

118	0.018187	4	1	83.370278	99.833336	0.551166	0.134429	0.068030	0.047888	0.036682	
118	0.018552	4	2	71.685611	99.972221	0.695768	0.170608	0.087622	0.060480	0.046181	
118	0.021393	4	4	60.703389	100.000000	0.830624	0.202749	0.105646	0.072862	0.055542	
118	0.017837	4	8	45.152278	100.000000	1.022401	0.255888	0.131181	0.088831	0.069594	
118	0.020224	4	16	28.476306	100.000000	1.222182	0.303201	0.155125	0.107503	0.082830	

118	0.017362	5	1	67.628278	99.972221	0.745073	0.185837	0.096007	0.065084	0.050703	
118	0.023006	5	2	49.812500	100.000000	0.962955	0.244959	0.121589	0.085126	0.065102	
118	0.017715	5	4	37.636861	100.000000	1.110255	0.276889	0.142529	0.096494	0.074855	
118	0.017955	5	8	22.809306	100.000000	1.289649	0.325186	0.166535	0.113195	0.087472	
118	0.021636	5	16	10.793000	100.000000	1.433863	0.354151	0.185658	0.128041	0.097402	

123	2.831581	1	1	99.109083	73.111115	0.362888	0.083240	0.043757	0.030165	0.022974	
123	0.022994	1	1	99.109083	73.111115	0.363096	0.084069	0.042895	0.030169	0.023003	
123	0.020662	1	2	98.511500	84.666672	0.371339	0.088555	0.044786	0.030328	0.023545	
123	0.017991	1	4	97.300444	91.166672	0.387177	0.091474	0.046101	0.032292	0.024605	
123	0.022842	1	8	95.314556	96.138885	0.408043	0.095188	0.049333	0.033872	0.026254	
123	0.021030	1	16	91.940361	98.444443	0.455744	0.108449	0.055035	0.038641	0.029424	

123	0.017112	2	1	97.151611	93.805557	0.389107	0.092341	0.047201	0.032286	0.024858	
123	0.020800	2	2	95.065000	97.527779	0.412938	0.097857	0.049791	0.034298	0.026604	
123	0.026650	2	4	92.007639	99.305557	0.455020	0.109256	0.055870	0.038522	0.029340	
123	0.021631	2	8	86.595306	99.888893	0.523867	0.125584	0.064999	0.044748	0.034109	
123	0.022420	2	16	78.278639	99.944443	0.626964	0.154749	0.080943	0.054199	0.041311	

123	0.017085	3	1	92.776556	98.638885	0.443866	0.106270	0.054931	0.038068	0.029245	
123	0.022752	3	2	87.065778	99.583336	0.515782	0.121944	0.062876	0.043323	0.033632	
123	0.016897	3	4	80.384000	99.944443	0.601209	0.146277	0.075245	0.051776	0.039470	
123	0.021929	3	8	69.381667	100.000000	0.738406	0.178914	0.091666	0.063304	0.049064	
123	0.020238	3	16	54.573750	100.000000	0.918582	0.225084	0.115077	0.080880	0.061556	

123	0.016963	4	1	83.481278	99.833336	0.560918	0.138397	0.070650	0.048045	0.037403	
123	0.022902	4	2	71.716250	100.000000	0.705459	0.170477	0.087851	0.061505	0.046946	
123	0.021651	4	4	60.776944	100.000000	0.841611	0.205871	0.105902	0.073885	0.056333	
123	0.019484	4	8	45.199639	100.000000	1.034607	0.258882	0.132743	0.091520	0.069812	
123	0.028421	4	16	28.490333	100.000000	1.235334	0.304410	0.159616	0.108252	0.083821	

123	0.017211	5	1	67.757889	99.972221	0.755838	0.188460	0.100118	0.066394	0.050787	
123	0.017088	5	2	49.844194	100.000000	0.972533	0.244248	0.126098	0.085498	0.065335	
123	0.017170	5	4	37.704583	100.000000	1.120256	0.281126	0.144086	0.098625	0.075914	
123	0.023518	5	8	22.822000	100.000000	1.302006	0.329191	0.166688	0.113980	0.088262	
123	0.017428	5	16	10.800250	100.000000	1.446784	0.358579	0.184838	0.129125	0.098994	

128	2.816963	1	1	99.118417	74.250000	0.377532	0.086667	0.044576	0.031364	0.023886	
128	0.019988	1	1	99.118417	74.250000	0.375937	0.091532	0.045404	0.030769	0.023900	
128	0.019057	1	2	98.526056	84.916672	0.383678	0.089313	0.045931	0.031632	0.024413	
128	0.024100	1	4	97.315528	91.694443	0.399744	0.094732	0.047517	0.033110	0.025462	
128	0.023437	1	8	95.312583	96.416664	0.423670	0.101443	0.052396	0.035630	0.027140	
128	0.020754	1	16	91.959111	98.527779	0.467834	0.110109	0.056477	0.038939	0.030206	

128	0.019791	2	1	97.175944	94.750000	0.401166	0.094580	0.047849	0.033193	0.025718	
128	0.018715	2	2	95.105833	98.138885	0.429869	0.105697	0.052204	0.035415	0.027440	
128	0.018656	2	4	92.033861	99.472221	0.467824	0.112155	0.056677	0.039633	0.030192	
128	0.015058	2	8	86.575639	99.861107	0.536320	0.130796	0.067558	0.045100	0.034931	
128	0.020356	2	16	78.298222	99.944443	0.638619	0.158813	0.078718	0.054393	0.042118	

128	0.018750	3	1	92.794194	98.972229	0.457613	0.109555	0.056666	0.039239	0.030125	
128	0.019127	3	2	87.093722	99.750000	0.526458	0.125607	0.064470	0.045183	0.034444	
128	0.018360	3	4	80.383389	99.944443	0.612705	0.147100	0.075711	0.052926	0.040304	
128	0.021752	3	8	69.334306	100.000000	0.749938	0.184541	0.093909	0.065502	0.049876	
128	0.019289	3	16	54.579944	100.000000	0.929739	0.229740	0.117038	0.081829	0.062326	

128	0.018197	4	1	83.460639	99.805557	0.572387	0.140011	0.070965	0.049833	0.038185	
128	0.030499	4	2	71.717639	99.944443	0.719285	0.178066	0.090741	0.062569	0.047748	
128	0.024464	4	4	60.762500	100.000000	0.852034	0.206786	0.108673	0.073704	0.057142	
128	0.019985	4	8	45.163639	100.000000	1.045188	0.260932	0.134235	0.092552	0.070482	
128	0.020911	4	16	28.499639	100.000000	1.245345	0.312995	0.160931	0.110928	0.084476	

128	0.018770	5	1	67.736528	100.000000	0.768179	0.187810	0.097762	0.066368	0.051590	
128	0.018545	5	2	49.871417	100.000000	0.982242	0.242135	0.123725	0.085271	0.066119	
128	0.025692	5	4	37.685278	100.000000	1.130899	0.280228	0.145567	0.100288	0.076450	
128	0.022149	5	8	22.803222	100.000000	1.314359	0.330521	0.169775	0.114891	0.089038	
128	0.020161	5	16	10.806833	100.000000	1.457093	0.362285	0.187115	0.128503	0.099119	

133	2.830743	1	1	99.121528	75.083336	0.386708	0.091539	0.046113	0.031773	0.024655	
133	0.019036	1	1	99.121528	75.083336	0.386689	0.094105	0.046292	0.031834	0.024669	
133	0.020509	1	2	98.533111	86.388885	0.394887	0.094376	0.047071	0.033037	0.025185	
133	0.026049	1	4	97.328667	92.777779	0.409869	0.095568	0.049949	0.034442	0.026239	
133	0.019362	1	8	95.350417	97.055557	0.435435	0.101995	0.052226	0.036674	0.027962	
133	0.025575	1	16	91.992944	98.638885	0.478595	0.115624	0.059028	0.039947	0.031622	

133	0.020212	2	1	97.192833	95.166664	0.412174	0.098515	0.050276	0.034717	0.026482	
133	0.020839	2	2	95.136417	98.333336	0.438698	0.104586	0.053707	0.037066	0.028207	
133	0.018904	2	4	92.082694	99.583336	0.480616	0.115438	0.059002	0.040648	0.030966	
133	0.022790	2	8	86.661111	99.944443	0.546398	0.129237	0.066711	0.046801	0.035667	
133	0.022092	2	16	78.347000	99.972221	0.649986	0.160423	0.081950	0.056331	0.042923	

133	0.019912	3	1	92.809944	99.027779	0.470090	0.113490	0.057527	0.039662	0.030912	
133	0.019741	3	2	87.114556	99.777779	0.539973	0.130841	0.065823	0.046229	0.035288	
133	0.025408	3	4	80.435722	99.972221	0.623963	0.154056	0.079706	0.053173	0.041127	
133	0.021162	3	8	69.440111	100.000000	0.763918	0.188543	0.096486	0.065546	0.051942	
133	0.019601	3	16	54.606472	100.000000	0.942929	0.235548	0.118358	0.083114	0.063263	

133	0.021418	4	1	83.481806	99.916664	0.584991	0.140113	0.072310	0.051000	0.039047	
133	0.020098	4	2	71.698306	99.944443	0.734287	0.181487	0.092704	0.063977	0.048853	
133	0.023409	4	4	60.793056	100.000000	0.866254	0.216761	0.110897	0.074899	0.058115	
133	0.021327	4	8	45.251167	100.000000	1.058529	0.261365	0.133843	0.093703	0.071350	
133	0.019904	4	16	28.516111	100.000000	1.260901	0.316415	0.160324	0.110751	0.085466	

133	0.021894	5	1	67.731861	100.000000	0.779181	0.192804	0.099584	0.068642	0.052876	
133	0.019970	5	2	49.799556	100.000000	0.996285	0.245756	0.127783	0.088062	0.067098	
133	0.024395	5	4	37.692806	100.000000	1.145060	0.287112	0.145937	0.101662	0.077663	
133	0.023481	5	8	22.849889	100.000000	1.326316	0.336690	0.172012	0.118072	0.089949	
133	0.024623	5	16	10.794889	100.000000	1.471727	0.365352	0.190761	0.131633	0.100091	

138	2.872716	1	1	99.125194	76.555557	0.395797	0.095463	0.047737	0.033546	0.025571	
138	0.023943	1	1	99.125194	76.555557	0.399953	0.094465	0.047859	0.033596	0.025591	
138	0.027233	1	2	98.535139	87.361107	0.409167	0.095105	0.048711	0.034318	0.026096	
138	0.020554	1	4	97.342028	93.500000	0.423270	0.100899	0.051508	0.035463	0.027134	
138	0.022514	1	8	95.380139	97.472221	0.446987	0.106737	0.054742	0.037725	0.028749	
138	0.021229	1	16	92.026778	99.000000	0.490658	0.118202	0.060613	0.041148	0.031805	

138	0.019591	2	1	97.196556	95.305557	0.424932	0.100954	0.052025	0.035981	0.027399	
138	0.019955	2	2	95.139778	98.388885	0.450401	0.108191	0.055396	0.037569	0.029111	
138	0.023787	2	4	92.117972	99.583336	0.490957	0.118672	0.059729	0.041800	0.031861	
138	0.020278	2	8	86.735889	99.972221	0.558368	0.136200	0.069525	0.047092	0.036493	
138	0.021400	2	16	78.433611	99.972221	0.660661	0.160133	0.081667	0.056323	0.043664	

138	0.019918	3	1	92.810667	99.250000	0.479740	0.115483	0.059831	0.040769	0.031765	
138	0.021602	3	2	87.108583	99.805557	0.551825	0.134935	0.067554	0.047399	0.036137	
138	0.020666	3	4	80.489472	99.972221	0.636008	0.155807	0.079833	0.055021	0.041912	
138	0.019378	3	8	69.544000	100.000000	0.772074	0.191694	0.097971	0.066735	0.051575	
138	0.022107	3	16	54.716194	100.000000	0.951808	0.232810	0.121753	0.082746	0.063895	

138	0.024868	4	1	83.417500	99.944443	0.600373	0.146100	0.074522	0.052428	0.040152	
138	0.021358	4	2	71.635833	99.944443	0.741828	0.182950	0.094271	0.064045	0.050432	
138	0.020261	4	4	60.822944	100.000000	0.876374	0.218613	0.111948	0.077108	0.058788	
138	0.022993	4	8	45.340333	100.000000	1.070093	0.265556	0.135563	0.093097	0.072162	
138	0.020311	4	16	28.582500	100.000000	1.272052	0.320016	0.164162	0.112993	0.086603	

138	0.022808	5	1	67.552778	100.000000	0.797097	0.193849	0.100345	0.069336	0.053695	
138	0.022902	5	2	49.687444	100.000000	1.013053	0.252676	0.127585	0.089590	0.068297	
138	0.020695	5	4	37.693278	100.000000	1.155438	0.288830	0.148772	0.102695	0.078323	
138	0.022088	5	8	22.902278	100.000000	1.336091	0.329042	0.169506	0.119147	0.099416	
138	0.019795	5	16	10.814306	100.000000	1.482276	0.369376	0.192180	0.130345	0.100868	

143	2.818223	1	1	99.127056	77.750000	0.411796	0.098103	0.051651	0.034495	0.026330	
143	0.021290	1	1	99.127056	77.750000	0.410773	0.100269	0.049133	0.034578	0.026310	
143	0.024373	1	2	98.533583	88.444443	0.419086	0.098767	0.050345	0.035254	0.026860	
143	0.021863	1	4	97.345583	93.916664	0.434157	0.104250	0.054236	0.036607	0.027881	
143	0.020445	1	8	95.388583	97.583336	0.458069	0.110740	0.057194	0.038754	0.029529	
143	0.022017	1	16	92.025444	99.055557	0.501253	0.119544	0.060894	0.042787	0.032567	

143	0.022886	2	1	97.203306	95.750000	0.435728	0.104606	0.053463	0.036941	0.028166	
143	0.021171	2	2	95.130167	98.472221	0.462261	0.110549	0.056899	0.038671	0.029882	
143	0.022566	2	4	92.125306	99.694443	0.501457	0.121347	0.062068	0.042795	0.032624	
143	0.023300	2	8	86.754778	99.972221	0.568188	0.136828	0.069959	0.048883	0.037256	
143	0.021653	2	16	78.436611	99.972221	0.672015	0.163464	0.083719	0.058415	0.044483	

143	0.020503	3	1	92.813778	99.333336	0.490915	0.119367	0.060223	0.042501	0.032530	
143	0.023562	3	2	87.084583	99.805557	0.562656	0.133873	0.070241	0.047724	0.036956	
143	0.021403	3	4	80.500139	99.972221	0.646845	0.155867	0.081366	0.056067	0.042731	
143	0.025999	3	8	69.544611	100.000000	0.783055	0.190370	0.097707	0.067388	0.052263	
143	0.022981	3	16	54.707778	100.000000	0.968904	0.239903	0.121184	0.085076	0.064823	

143	0.019581	4	1	83.418750	99.944443	0.608964	0.149288	0.075379	0.053372	0.040726	
143	0.018032	4	2	71.580444	99.944443	0.754735	0.187128	0.095747	0.065144	0.051049	
143	0.023227	4	4	60.840222	100.000000	0.887415	0.216845	0.111682	0.077102	0.059626	
143	0.022398	4	8	45.329472	100.000000	1.080400	0.270119	0.138829	0.095570	0.073325	
143	0.021718	4	16	28.560917	100.000000	1.283814	0.319889	0.163550	0.112447	0.088384	

143	0.023972	5	1	67.555194	100.000000	0.805965	0.196776	0.103065	0.071239	0.054960	
143	0.023316	5	2	49.647833	100.000000	1.019258	0.250601	0.130873	0.090416	0.068836	
143	0.023110	5	4	37.723667	100.000000	1.165975	0.293542	0.147621	0.102026	0.078995	
143	0.021641	5	8	22.891889	100.000000	1.347881	0.332092	0.174714	0.120345	0.091598	
143	0.026630	5	16	10.802472	100.000000	1.492420	0.377726	0.191159	0.131897	0.101882	

148	2.839607	1	1	99.127583	78.777779	0.422988	0.102001	0.051865	0.035711	0.027247	
148	0.020303	1	1	99.127583	78.777779	0.423724	0.100880	0.050977	0.035205	0.027244	
148	0.021181	1	2	98.530667	88.944450	0.432224	0.101607	0.052719	0.036908	0.027813	
148	0.025504	1	4	97.348583	94.638893	0.446031	0.106854	0.054813	0.037124	0.028807	
148	0.024060	1	8	95.391639	98.055557	0.471341	0.113069	0.057876	0.039908	0.030397	
148	0.024091	1	16	92.032667	99.138893	0.514597	0.122548	0.063664	0.043189	0.033511	

148	0.023650	2	1	97.207861	96.083328	0.437177	0.107315	0.054383	0.037455	0.029095	
148	0.019831	2	2	95.132361	98.722221	0.475152	0.114031	0.058573	0.040395	0.030788	
148	0.022513	2	4	92.137667	99.777779	0.514263	0.123591	0.063727	0.043168	0.033469	
148	0.020052	2	8	86.759639	99.972221	0.581128	0.141365	0.072599	0.050084	0.038142	
148	0.019473	2	16	78.426806	99.972221	0.686321	0.168526	0.084948	0.059518	0.045314	

148	0.020162	3	1	92.795639	99.555557	0.504318	0.122649	0.062953	0.043248	0.033489	
148	0.022836	3	2	87.046194	99.861107	0.575701	0.137215	0.070670	0.049618	0.037856	
148	0.020834	3	4	80.497361	99.944443	0.659741	0.161220	0.082947	0.057195	0.043569	
148	0.023678	3	8	69.521722	100.000000	0.795085	0.195358	0.101166	0.068479	0.053318	
148	0.023141	3	16	54.664389	100.000000	0.975600	0.239151	0.125205	0.086148	0.065593	

148	0.021366	4	1	83.358389	99.944443	0.622558	0.152225	0.077530	0.054474	0.041718	
148	0.024030	4	2	71.488833	99.972221	0.768989	0.188018	0.097799	0.067298	0.051332	
148	0.022827	4	4	60.817389	100.000000	0.899012	0.221293	0.112989	0.079319	0.060457	
148	0.021471	4	8	45.288194	100.000000	1.091626	0.269229	0.138246	0.096863	0.073747	
148	0.020297	4	16	28.529667	100.000000	1.293098	0.320665	0.164764	0.115386	0.087823	

148	0.026740	5	1	67.449667	100.000000	0.816304	0.200227	0.104551	0.072123	0.055112	
148	0.023902	5	2	49.531194	100.000000	1.033932	0.255489	0.132774	0.090006	0.069797	
148	0.022768	5	4	37.732639	100.000000	1.176898	0.290704	0.152033	0.103088	0.080266	
148	0.021202	5	8	22.878833	100.000000	1.359734	0.343373	0.175933	0.121270	0.092416	
148	0.028866	5	16	10.793528	100.000000	1.507615	0.375285	0.193862	0.132486	0.102572	

153	2.837539	1	1	99.138417	79.138885	0.433243	0.103081	0.053201	0.036695	0.027961	
153	0.026564	1	1	99.138417	79.138885	0.433468	0.103461	0.052435	0.036687	0.027953	
153	0.022679	1	2	98.544472	89.194450	0.442102	0.106064	0.053358	0.036890	0.028499	
153	0.021477	1	4	97.363694	94.722221	0.457626	0.107966	0.055237	0.038215	0.029544	
153	0.022101	1	8	95.409222	97.972221	0.481411	0.118530	0.059274	0.040864	0.031113	
153	0.025105	1	16	92.042833	99.250000	0.524107	0.126760	0.063977	0.044165	0.034184	

153	0.023116	2	1	97.239194	96.416664	0.458018	0.109474	0.055669	0.039063	0.029750	
153	0.023900	2	2	95.158889	98.888885	0.483960	0.116476	0.059933	0.041329	0.031484	
153	0.020280	2	4	92.169472	99.833336	0.525790	0.125779	0.064242	0.044110	0.034203	
153	0.024204	2	8	86.775583	99.972221	0.591640	0.144166	0.072852	0.051080	0.038891	
153	0.019610	2	16	78.453722	99.972221	0.696386	0.171216	0.086305	0.059611	0.046126	

153	0.021440	3	1	92.865944	99.361107	0.514174	0.123809	0.063066	0.043823	0.034118	
153	0.022922	3	2	87.091361	99.805557	0.586915	0.141317	0.071970	0.050147	0.038576	
153	0.025161	3	4	80.517278	99.972221	0.671972	0.161310	0.084528	0.057988	0.044411	
153	0.020846	3	8	69.516389	100.000000	0.808244	0.199790	0.102825	0.070804	0.053926	
153	0.024246	3	16	54.683306	100.000000	0.988489	0.241414	0.126856	0.085796	0.066478	

153	0.024007	4	1	83.433139	99.916664	0.632802	0.155986	0.078648	0.055405	0.042406	
153	0.022185	4	2	71.515528	99.972221	0.779397	0.192578	0.098852	0.068309	0.052107	
153	0.021993	4	4	60.836722	100.000000	0.911647	0.224136	0.116427	0.080378	0.061279	
153	0.021744	4	8	45.265778	100.000000	1.104899	0.274001	0.142206	0.097974	0.074613	
153	0.023876	4	16	28.542972	100.000000	1.307007	0.330660	0.169148	0.116569	0.088733	

153	0.019860	5	1	67.547917	100.000000	0.828831	0.206571	0.106452	0.072370	0.055978	
153	0.023518	5	2	49.553361	100.000000	1.047941	0.256014	0.131745	0.091358	0.070598	
153	0.023176	5	4	37.730083	100.000000	1.192457	0.299550	0.150897	0.106166	0.080738	
153	0.021647	5	8	22.859444	100.000000	1.373608	0.338697	0.175212	0.122504	0.093203	
153	0.021487	5	16	10.801806	100.000000	1.518865	0.378098	0.194264	0.135860	0.103424	

158	2.825080	1	1	99.154611	79.277779	0.448189	0.106017	0.055026	0.037272	0.028911	
158	0.020776	1	1	99.154611	79.277779	0.447627	0.105455	0.055045	0.037248	0.028906	
158	0.031322	1	2	98.562417	89.527779	0.454519	0.108367	0.055959	0.038597	0.029439	
158	0.023201	1	4	97.384639	95.000000	0.471953	0.111712	0.057017	0.039334	0.030491	
158	0.021416	1	8	95.421167	98.305550	0.493860	0.119005	0.061096	0.042092	0.032063	
158	0.024312	1	16	92.064472	99.305557	0.537669	0.131213	0.067481	0.045264	0.035089	

158	0.022431	2	1	97.296611	96.361115	0.471254	0.114942	0.058164	0.040220	0.030688	
158	0.028189	2	2	95.212806	99.000000	0.499072	0.119991	0.061665	0.042227	0.032389	
158	0.025346	2	4	92.221556	99.888893	0.536596	0.128298	0.066863	0.046075	0.035099	
158	0.025210	2	8	86.805500	99.972221	0.604351	0.147940	0.075777	0.051285	0.039806	
158	0.021190	2	16	78.498972	99.972221	0.707929	0.171599	0.089619	0.061647	0.046939	

158	0.022665	3	1	92.985861	99.444443	0.527075	0.129060	0.067424	0.045803	0.035102	
158	0.024539	3	2	87.202917	99.916664	0.597705	0.145791	0.074863	0.051624	0.039385	
158	0.023691	3	4	80.611194	100.000000	0.684098	0.166437	0.086090	0.059333	0.045196	
158	0.024580	3	8	69.544056	100.000000	0.821303	0.199459	0.104460	0.071993	0.054847	
158	0.025057	3	16	54.733944	100.000000	0.999194	0.245562	0.126044	0.086923	0.067241	

158	0.028797	4	1	83.649500	99.944443	0.641797	0.157469	0.081529	0.055503	0.043159	
158	0.021231	4	2	71.669722	99.972221	0.789852	0.192189	0.100407	0.069363	0.052887	
158	0.027064	4	4	60.944806	100.000000	0.921789	0.226126	0.118014	0.081329	0.062012	
158	0.024855	4	8	45.294556	100.000000	1.115254	0.276041	0.143663	0.097630	0.075402	
158	0.023971	4	16	28.571000	100.000000	1.320437	0.327424	0.169856	0.116366	0.089962	

158	0.024004	5	1	67.806889	100.000000	0.838222	0.203849	0.105484	0.074160	0.056627	
158	0.022914	5	2	49.717083	100.000000	1.060223	0.266103	0.136392	0.094078	0.071627	
158	0.022178	5	4	37.823139	100.000000	1.200666	0.297851	0.154963	0.106777	0.081344	
158	0.023840	5	8	22.865694	100.000000	1.384075	0.346097	0.179187	0.123446	0.096148	
158	0.023848	5	16	10.814833	100.000000	1.528620	0.377803	0.195442	0.136913	0.104227	

163	2.832228	1	1	99.157556	79.222221	0.457924	0.109757	0.056219	0.038813	0.029619	
163	0.020886	1	1	99.157556	79.222221	0.457298	0.109310	0.055275	0.038150	0.029618	
163	0.021272	1	2	98.569417	90.055557	0.466247	0.109237	0.057368	0.039499	0.030135	
163	0.021613	1	4	97.389750	95.361115	0.482028	0.115605	0.058490	0.040234	0.031315	
163	0.018260	1	8	95.429444	98.166672	0.505226	0.120623	0.061332	0.042354	0.032796	
163	0.022856	1	16	92.082056	99.361107	0.548954	0.132065	0.066962	0.047032	0.035809	

163	0.021285	2	1	97.308111	96.638885	0.482057	0.113334	0.059543	0.040394	0.031395	
163	0.020612	2	2	95.238139	99.277779	0.508876	0.123800	0.061772	0.042704	0.033112	
163	0.022545	2	4	92.232167	99.861107	0.550281	0.130214	0.068302	0.047046	0.035857	
163	0.027041	2	8	86.820222	99.972221	0.615666	0.151498	0.077229	0.052365	0.040550	
163	0.021799	2	16	78.539528	99.972221	0.719915	0.173254	0.089561	0.061648	0.047675	

163	0.019723	3	1	92.989667	99.555557	0.538671	0.127827	0.066211	0.046644	0.035720	
163	0.019986	3	2	87.231583	99.944443	0.608763	0.148300	0.076373	0.052621	0.040116	
163	0.024139	3	4	80.573667	100.000000	0.693029	0.167912	0.085847	0.059475	0.046023	
163	0.022190	3	8	69.523222	100.000000	0.831630	0.206308	0.103923	0.072256	0.055639	
163	0.020900	3	16	54.758111	100.000000	1.013701	0.248273	0.130051	0.088184	0.069559	

163	0.021413	4	1	83.642611	99.972221	0.653457	0.162070	0.083966	0.057359	0.043860	
163	0.024567	4	2	71.711194	100.000000	0.799962	0.198645	0.100068	0.069026	0.053605	
163	0.021866	4	4	60.880306	100.000000	0.934962	0.233375	0.117459	0.081194	0.062894	
163	0.024677	4	8	45.282056	100.000000	1.130446	0.277623	0.145453	0.098427	0.077031	
163	0.022751	4	16	28.585472	100.000000	1.331598	0.328817	0.172177	0.118682	0.090598	

163	0.020001	5	1	67.797111	100.000000	0.850312	0.214427	0.107109	0.075167	0.057421	
163	0.022889	5	2	49.730250	100.000000	1.075549	0.268762	0.137920	0.093649	0.073080	
163	0.023016	5	4	37.743833	100.000000	1.216271	0.300243	0.154425	0.106107	0.082254	
163	0.018083	5	8	22.852056	100.000000	1.396422	0.345414	0.177697	0.122391	0.094968	
163	0.021953	5	16	10.822194	100.000000	1.540126	0.386890	0.200120	0.137922	0.104998	

168	2.837473	1	1	99.166556	80.361107	0.469988	0.113412	0.057209	0.039376	0.030531	
168	0.020770	1	1	99.166556	80.361107	0.471011	0.113060	0.058000	0.040011	0.030526	
168	0.018845	1	2	98.578806	90.861115	0.479511	0.114744	0.059109	0.041129	0.031076	
168	0.021195	1	4	97.401750	95.722221	0.494958	0.117073	0.059992	0.041405	0.032113	
168	0.020503	1	8	95.441889	98.527779	0.518156	0.123657	0.062938	0.044230	0.033705	
168	0.019743	1	16	92.101917	99.527779	0.560207	0.135637	0.069844	0.048109	0.036636	

168	0.021955	2	1	97.329417	96.888885	0.495136	0.116700	0.061326	0.041615	0.032316	
168	0.019203	2	2	95.280667	99.305557	0.521319	0.125119	0.063466	0.043925	0.033960	
168	0.021243	2	4	92.273139	99.861107	0.560071	0.136825	0.068747	0.048140	0.036662	
168	0.020021	2	8	86.848500	99.972221	0.629469	0.155488	0.078943	0.053729	0.041473	
168	0.020990	2	16	78.590833	99.972221	0.730619	0.177920	0.090689	0.062809	0.048557	

168	0.018774	3	1	93.045278	99.611107	0.549221	0.134554	0.067645	0.047785	0.036574	
168	0.019957	3	2	87.337111	99.944443	0.620469	0.149594	0.076370	0.052721	0.040921	
168	0.022191	3	4	80.645806	100.000000	0.704898	0.171534	0.089001	0.061449	0.046883	
168	0.025221	3	8	69.555417	100.000000	0.843365	0.209145	0.107489	0.072722	0.056396	
168	0.021246	3	16	54.805278	100.000000	1.022219	0.249558	0.128955	0.089150	0.068823	

168	0.019175	4	1	83.747722	99.972221	0.666790	0.162302	0.083130	0.058470	0.044739	
168	0.024745	4	2	71.882556	100.000000	0.812529	0.196798	0.103118	0.070602	0.054264	
168	0.021872	4	4	60.984500	100.000000	0.945501	0.236224	0.121125	0.082043	0.063604	
168	0.019543	4	8	45.315222	100.000000	1.140808	0.281635	0.146685	0.101086	0.077004	
168	0.020657	4	16	28.607722	100.000000	1.341399	0.338064	0.173622	0.119598	0.091726	

168	0.018703	5	1	67.951611	100.000000	0.860441	0.214253	0.110157	0.074943	0.058126	
168	0.020201	5	2	49.922472	100.000000	1.077125	0.264960	0.138536	0.094004	0.072770	
168	0.019179	5	4	37.827278	100.000000	1.224491	0.308214	0.157620	0.108696	0.083333	
168	0.021530	5	8	22.868028	100.000000	1.407397	0.354744	0.182226	0.125647	0.095828	
168	0.020980	5	16	10.829472	100.000000	1.555227	0.385777	0.198298	0.137278	0.105909	

173	2.833937	1	1	99.165222	80.861107	0.482136	0.114246	0.058377	0.041110	0.031281	
173	0.024895	1	1	99.165222	80.861107	0.481047	0.116117	0.059438	0.040472	0.031268	
173	0.030516	1	2	98.584194	90.944443	0.489925	0.116453	0.059468	0.041656	0.031800	
173	0.019454	1	4	97.411917	95.972221	0.506609	0.120063	0.061501	0.042364	0.032829	
173	0.023197	1	8	95.447528	98.555550	0.530422	0.125087	0.065589	0.044878	0.034462	
173	0.021567	1	16	92.126028	99.583336	0.572620	0.136781	0.069966	0.049106	0.037416	

173	0.024632	2	1	97.322667	96.944443	0.505163	0.119933	0.062772	0.043316	0.033052	
173	0.025176	2	2	95.298139	99.277779	0.531032	0.126115	0.066027	0.045510	0.034702	
173	0.023234	2	4	92.312972	99.833336	0.570112	0.136951	0.071203	0.049057	0.037424	
173	0.019950	2	8	86.867639	99.972221	0.639865	0.153176	0.080336	0.055396	0.042175	
173	0.023971	2	16	78.646944	99.972221	0.740892	0.180572	0.093468	0.063603	0.050729	

173	0.025004	3	1	93.020361	99.611107	0.559212	0.133991	0.070347	0.047881	0.037338	
173	0.021075	3	2	87.355917	99.944443	0.630378	0.152405	0.079318	0.053704	0.041670	
173	0.024238	3	4	80.694528	100.000000	0.715298	0.176074	0.088920	0.062469	0.047509	
173	0.023550	3	8	69.554333	100.000000	0.854842	0.207938	0.107161	0.075182	0.057265	
173	0.023310	3	16	54.856056	100.000000	1.033027	0.258331	0.130648	0.090061	0.069657	

173	0.019889	4	1	83.679500	99.944443	0.677846	0.167975	0.086049	0.059665	0.045568	
173	0.019754	4	2	71.876028	100.000000	0.822634	0.205410	0.104833	0.072368	0.055173	
173	0.022773	4	4	61.032528	100.000000	0.957572	0.238159	0.121475	0.084497	0.064432	
173	0.024530	4	8	45.283472	100.000000	1.151259	0.284291	0.146351	0.101623	0.079723	
173	0.018876	4	16	28.645528	100.000000	1.352815	0.334685	0.175361	0.120876	0.092019	

173	0.021580	5	1	67.838667	100.000000	0.873576	0.217591	0.110522	0.077413	0.059105	
173	0.021848	5	2	49.902528	100.000000	1.089549	0.274085	0.138298	0.095422	0.073707	
173	0.020165	5	4	37.867694	100.000000	1.235232	0.310348	0.159715	0.110117	0.083857	
173	0.022680	5	8	22.836389	100.000000	1.418995	0.352288	0.181136	0.126904	0.096594	
173	0.024490	5	16	10.846583	100.000000	1.563695	0.390147	0.200682	0.138448	0.106757	

178	2.832191	1	1	99.164056	82.805557	0.495586	0.120229	0.061226	0.041452	0.032200	
178	0.032002	1	1	99.164056	82.805557	0.494177	0.119457	0.060079	0.041526	0.032223	
178	0.020081	1	2	98.580722	91.972221	0.502522	0.120523	0.061363	0.042312	0.032724	
178	0.028681	1	4	97.418083	96.583328	0.517987	0.127057	0.063078	0.044303	0.033774	
178	0.019388	1	8	95.456167	98.611107	0.541784	0.128743	0.067416	0.045772	0.035395	
178	0.022423	1	16	92.132278	99.500000	0.584327	0.139813	0.072891	0.049410	0.038239	

178	0.023541	2	1	97.321056	97.305557	0.517629	0.126413	0.064582	0.043758	0.033963	
178	0.022386	2	2	95.279750	99.500000	0.545254	0.132228	0.067842	0.045904	0.035612	
178	0.020410	2	4	92.316750	99.916664	0.583182	0.141624	0.072898	0.050261	0.038301	
178	0.021313	2	8	86.876083	99.972221	0.651514	0.156109	0.080503	0.055480	0.043053	
178	0.022168	2	16	78.651528	99.972221	0.754325	0.185264	0.093812	0.064631	0.050077	

178	0.020433	3	1	92.999667	99.694443	0.573191	0.139470	0.071735	0.049303	0.038273	
178	0.024549	3	2	87.275250	99.944443	0.644083	0.155945	0.081085	0.054962	0.042603	
178	0.022424	3	4	80.680167	100.000000	0.727792	0.180114	0.092110	0.062473	0.048365	
178	0.019871	3	8	69.562000	100.000000	0.866658	0.210483	0.110722	0.074889	0.058067	
178	0.022270	3	16	54.858778	100.000000	1.044609	0.262223	0.132090	0.091133	0.070479	

178	0.022614	4	1	83.624056	99.972221	0.691304	0.168446	0.087945	0.060787	0.046513	
178	0.024501	4	2	71.758722	100.000000	0.835112	0.204278	0.106788	0.073514	0.056050	
178	0.020110	4	4	61.022333	100.000000	0.971091	0.241550	0.121839	0.085561	0.065230	
178	0.023379	4	8	45.288194	100.000000	1.161765	0.291285	0.149149	0.102071	0.080094	
178	0.020157	4	16	28.638167	100.000000	1.365796	0.337234	0.176732	0.121749	0.092753	

178	0.021745	5	1	67.757222	100.000000	0.886419	0.221895	0.112030	0.078710	0.060006	
178	0.023295	5	2	49.796417	100.000000	1.101834	0.271352	0.139523	0.096405	0.074595	
178	0.020100	5	4	37.878389	100.000000	1.246127	0.308443	0.161103	0.111212	0.084586	
178	0.022124	5	8	22.857139	100.000000	1.434330	0.355180	0.185174	0.127529	0.097358	
178	0.022435	5	16	10.840056	100.000000	1.575311	0.392942	0.205054	0.141104	0.107511	

183	2.831766	1	1	99.170083	83.305557	0.504068	0.120706	0.061383	0.042574	0.032911	
183	0.020769	1	1	99.170083	83.305557	0.504666	0.122178	0.061742	0.042429	0.032921	
183	0.024711	1	2	98.590472	92.416672	0.515590	0.123616	0.063459	0.043519	0.033440	
183	0.021606	1	4	97.429139	96.555557	0.528805	0.126723	0.065835	0.045257	0.034488	
183	0.024101	1	8	95.465056	98.722221	0.552000	0.132266	0.068903	0.047388	0.036109	
183	0.023890	1	16	92.141806	99.527779	0.593479	0.142894	0.074406	0.051241	0.039037	

183	0.021415	2	1	97.330472	97.777779	0.529120	0.127523	0.064649	0.044744	0.034707	
183	0.024684	2	2	95.292139	99.555557	0.554475	0.135613	0.069180	0.047775	0.036374	
183	0.025755	2	4	92.339333	99.916664	0.593493	0.141946	0.074387	0.050930	0.039052	
183	0.023073	2	8	86.885444	99.972221	0.663357	0.162223	0.083635	0.057617	0.043855	
183	0.024165	2	16	78.664917	99.972221	0.763678	0.189231	0.095409	0.065876	0.050878	

183	0.021960	3	1	93.021639	99.722221	0.586199	0.143142	0.072380	0.050282	0.039073	
183	0.022771	3	2	87.323000	99.944443	0.654602	0.158713	0.081410	0.056008	0.043370	
183	0.023133	3	4	80.722028	100.000000	0.739520	0.181888	0.091938	0.064481	0.049132	
183	0.024145	3	8	69.570833	100.000000	0.881308	0.218183	0.110608	0.076289	0.058890	
183	0.022567	3	16	54.876139	100.000000	1.056293	0.266586	0.137166	0.092304	0.071298	

183	0.021945	4	1	83.661889	99.972221	0.701928	0.173184	0.089190	0.061972	0.047277	
183	0.022878	4	2	71.838722	100.000000	0.845124	0.209862	0.107967	0.073444	0.056818	
183	0.021612	4	4	61.061778	100.000000	0.979467	0.245438	0.125538	0.086710	0.066045	
183	0.030027	4	8	45.295222	100.000000	1.173220	0.291403	0.151693	0.102907	0.079601	
183	0.025298	4	16	28.662778	100.000000	1.375006	0.339427	0.178501	0.121593	0.093626	

183	0.020366	5	1	67.806167	100.000000	0.896813	0.220079	0.115255	0.079497	0.060750	
183	0.023842	5	2	49.877917	100.000000	1.111879	0.272990	0.140715	0.097097	0.075307	
183	0.022055	5	4	37.893944	100.000000	1.258900	0.318787	0.162706	0.112304	0.085712	
183	0.020582	5	8	22.855639	100.000000	1.442227	0.358570	0.184477	0.127576	0.098226	
183	0.027059	5	16	10.851611	100.000000	1.587188	0.392937	0.203654	0.140227	0.108342	

188	2.833027	1	1	99.174333	84.777779	0.519276	0.125862	0.063285	0.043700	0.033914	
188	0.021999	1	1	99.174333	84.777779	0.519257	0.123688	0.064407	0.044396	0.033910	
188	0.022955	1	2	98.600389	92.972221	0.526783	0.124460	0.064279	0.045136	0.034413	
188	0.021212	1	4	97.436806	96.833328	0.542527	0.129545	0.067475	0.045815	0.035452	
188	0.023769	1	8	95.474361	98.861107	0.565475	0.136819	0.069369	0.048674	0.037051	
188	0.022437	1	16	92.151750	99.583336	0.606738	0.148556	0.074667	0.052463	0.039934	

188	0.021681	2	1	97.348278	98.027779	0.542947	0.131599	0.067735	0.045946	0.035687	
188	0.021879	2	2	95.310750	99.527779	0.569095	0.137237	0.070821	0.048755	0.037473	
188	0.021393	2	4	92.363278	99.916664	0.607661	0.146575	0.076010	0.052094	0.039940	
188	0.025081	2	8	86.907333	100.000000	0.674917	0.166849	0.083854	0.057817	0.044690	
188	0.024115	2	16	78.684278	100.000000	0.776314	0.188860	0.096647	0.066789	0.051705	

188	0.021649	3	1	93.052667	99.805557	0.597707	0.146774	0.073949	0.051392	0.040018	
188	0.024773	3	2	87.347389	99.972221	0.669085	0.165002	0.082891	0.057154	0.044347	
188	0.022638	3	4	80.742778	100.000000	0.752271	0.186729	0.095357	0.065016	0.050063	
188	0.027347	3	8	69.587889	100.000000	0.890358	0.222358	0.113777	0.077122	0.059735	
188	0.020179	3	16	54.881972	100.000000	1.069870	0.262406	0.137419	0.093059	0.072115	

188	0.020777	4	1	83.711167	99.972221	0.714535	0.173209	0.090968	0.061988	0.048116	
188	0.024515	4	2	71.850361	100.000000	0.857865	0.214829	0.109585	0.075590	0.057645	
188	0.024155	4	4	61.084389	100.000000	0.991566	0.242936	0.127009	0.086447	0.067512	
188	0.024817	4	8	45.307111	100.000000	1.186764	0.292201	0.153073	0.103700	0.080396	
188	0.021352	4	16	28.671444	100.000000	1.388115	0.345174	0.179935	0.123929	0.094491	

188	0.021840	5	1	67.843222	100.000000	0.911251	0.227363	0.117115	0.079377	0.061590	
188	0.022089	5	2	49.869556	100.000000	1.127411	0.275695	0.142282	0.098279	0.076155	
188	0.020712	5	4	37.904472	100.000000	1.270753	0.313568	0.161234	0.111277	0.086240	
188	0.024569	5	8	22.863556	100.000000	1.454783	0.366698	0.188698	0.127703	0.098986	
188	0.020507	5	16	10.861694	100.000000	1.607813	0.398578	0.204279	0.141019	0.109175	

193	2.849513	1	1	99.172917	85.222221	0.526510	0.128695	0.066454	0.044606	0.034585	
193	0.021181	1	1	99.172917	85.222221	0.529165	0.124971	0.065779	0.045491	0.034592	
193	0.023049	1	2	98.597639	93.194443	0.538214	0.132014	0.066813	0.045341	0.035106	
193	0.020726	1	4	97.436222	97.138885	0.552135	0.132477	0.067782	0.047415	0.036110	
193	0.019951	1	8	95.474444	98.972229	0.575835	0.140082	0.071938	0.048845	0.037742	
193	0.019325	1	16	92.141528	99.638893	0.619837	0.151962	0.078682	0.053457	0.040708	

193	0.023248	2	1	97.357139	98.305550	0.553264	0.136586	0.069259	0.046846	0.036401	
193	0.021868	2	2	95.324028	99.555557	0.578302	0.141827	0.072289	0.049888	0.037972	
193	0.021072	2	4	92.366639	99.916664	0.617567	0.149297	0.076001	0.052438	0.040677	
193	0.026311	2	8	86.921944	100.000000	0.686309	0.167109	0.085265	0.059771	0.045473	
193	0.022379	2	16	78.674722	100.000000	0.788150	0.195237	0.098811	0.068106	0.052559	

193	0.026296	3	1	93.050056	99.750000	0.607276	0.146313	0.076826	0.053167	0.040693	
193	0.019601	3	2	87.351222	99.944443	0.678467	0.165633	0.084130	0.059030	0.044970	
193	0.021060	3	4	80.722917	100.000000	0.762507	0.185127	0.096687	0.065723	0.050792	
193	0.020933	3	8	69.586528	100.000000	0.903250	0.224300	0.113637	0.079539	0.060566	
193	0.027215	3	16	54.856611	100.000000	1.080648	0.265485	0.136823	0.095801	0.072983	

193	0.018828	4	1	83.673750	100.000000	0.724798	0.175471	0.090899	0.062969	0.058794	
193	0.020457	4	2	71.814056	100.000000	0.870636	0.213456	0.109426	0.076722	0.058488	
193	0.018615	4	4	61.036472	100.000000	1.003607	0.250622	0.126858	0.087314	0.068254	
193	0.022384	4	8	45.301444	100.000000	1.197969	0.301579	0.152185	0.105502	0.081226	
193	0.023559	4	16	28.652667	100.000000	1.400107	0.353400	0.181575	0.124482	0.095297	

193	0.022751	5	1	67.746111	100.000000	0.921004	0.230584	0.118504	0.081879	0.062497	
193	0.020903	5	2	49.788889	100.000000	1.137003	0.279136	0.143855	0.099655	0.077033	
193	0.026313	5	4	37.857167	100.000000	1.282136	0.316161	0.163537	0.114310	0.087119	
193	0.018184	5	8	22.858806	100.000000	1.465822	0.366967	0.187536	0.129542	0.100320	
193	0.022604	5	16	10.852694	100.000000	1.610010	0.401857	0.207607	0.144536	0.110321	

198	2.844859	1	1	99.184889	85.944443	0.541158	0.131989	0.067413	0.045841	0.035541	
198	0.023094	1	1	99.184889	85.944443	0.542962	0.130555	0.067428	0.046235	0.035578	
198	0.023038	1	2	98.609333	93.361107	0.550277	0.134310	0.067379	0.046451	0.036067	
198	0.021354	1	4	97.448972	97.416672	0.565798	0.137172	0.070615	0.047954	0.037090	
198	0.021956	1	8	95.494833	99.111107	0.588790	0.144365	0.072461	0.049871	0.038672	
198	0.021581	1	16	92.148833	99.666664	0.630669	0.151209	0.077861	0.053659	0.041584	

198	0.023977	2	1	97.389389	98.472221	0.566141	0.138932	0.069601	0.048959	0.037323	
198	0.021624	2	2	95.365750	99.555557	0.591426	0.141360	0.072659	0.050481	0.038911	
198	0.023034	2	4	92.410139	99.944443	0.630099	0.154107	0.077639	0.053840	0.041645	
198	0.020753	2	8	86.969222	100.000000	0.698945	0.172531	0.086750	0.060911	0.046336	
198	0.021404	2	16	78.677028	100.000000	0.801021	0.196870	0.100219	0.070179	0.053435	

198	0.021918	3	1	93.127222	99.833336	0.620510	0.153199	0.078486	0.054324	0.041574	
198	0.023393	3	2	87.437583	99.916664	0.690723	0.170590	0.085575	0.060145	0.045835	
198	0.030740	3	4	80.810861	100.000000	0.775189	0.190114	0.098244	0.067701	0.051590	
198	0.026025	3	8	69.642778	100.000000	0.913809	0.228329	0.118159	0.079463	0.061967	
198	0.021720	3	16	54.845944	100.000000	1.094624	0.270294	0.140733	0.096303	0.073830	

198	0.030540	4	1	83.817250	100.000000	0.735853	0.178379	0.093980	0.064925	0.049661	
198	0.021683	4	2	71.947111	100.000000	0.881711	0.219159	0.110600	0.077652	0.059220	
198	0.027135	4	4	61.137528	100.000000	1.014257	0.247691	0.128134	0.089795	0.068456	
198	0.027817	4	8	45.340167	100.000000	1.210204	0.303967	0.153660	0.106048	0.081995	
198	0.023034	4	16	28.641056	100.000000	1.412393	0.358132	0.179881	0.124369	0.096109	

198	0.020411	5	1	67.953889	100.000000	0.933310	0.233844	0.117860	0.081439	0.063257	
198	0.031884	5	2	49.945583	100.000000	1.146804	0.281891	0.147929	0.101203	0.078321	
198	0.022106	5	4	37.950528	100.000000	1.296216	0.322104	0.166580	0.115498	0.088216	
198	0.022587	5	8	22.893861	100.000000	1.484582	0.371716	0.188404	0.130092	0.101630	
198	0.022448	5	16	10.845250	100.000000	1.624311	0.408675	0.211281	0.145388	0.110846	

203	2.841022	1	1	99.193972	86.111107	0.551774	0.133289	0.067622	0.047524	0.036254	
203	0.021627	1	1	99.193972	86.111107	0.554150	0.135094	0.071912	0.047129	0.036285	
203	0.021120	1	2	98.622056	93.972221	0.560613	0.134138	0.068526	0.048182	0.036761	
203	0.022645	1	4	97.464889	97.666672	0.576361	0.137107	0.071241	0.048769	0.037793	
203	0.021648	1	8	95.515750	99.250000	0.599683	0.143705	0.073719	0.051756	0.039405	
203	0.020976	1	16	92.171861	99.722221	0.641997	0.157816	0.080436	0.055123	0.042290	

203	0.023010	2	1	97.406833	98.666672	0.577283	0.139264	0.070764	0.049847	0.037980	
203	0.022823	2	2	95.398556	99.527779	0.601600	0.147729	0.073965	0.051982	0.039664	
203	0.032651	2	4	92.444250	99.944443	0.641806	0.153182	0.080578	0.055540	0.042323	
203	0.022757	2	8	87.019861	100.000000	0.709861	0.175929	0.090793	0.061844	0.047924	
203	0.024818	2	16	78.722306	100.000000	0.811822	0.198281	0.101402	0.071164	0.054175	

203	0.021853	3	1	93.171083	99.888893	0.630573	0.153834	0.078285	0.055275	0.042312	
203	0.025760	3	2	87.514500	99.972221	0.699968	0.172828	0.086766	0.059959	0.046508	
203	0.021160	3	4	80.875194	100.000000	0.784891	0.191122	0.098236	0.068988	0.052333	
203	0.023842	3	8	69.726778	100.000000	0.924329	0.231279	0.118232	0.080375	0.062094	
203	0.025692	3	16	54.890083	100.000000	1.105562	0.278748	0.141133	0.096875	0.075410	

203	0.022659	4	1	83.902806	100.000000	0.746061	0.182284	0.093529	0.065968	0.050358	
203	0.030009	4	2	72.063028	100.000000	0.894411	0.220060	0.114499	0.078933	0.060158	
203	0.022727	4	4	61.218806	100.000000	1.026110	0.251738	0.129724	0.089482	0.069247	
203	0.020987	4	8	45.416611	100.000000	1.221987	0.301673	0.155097	0.108724	0.082807	
203	0.024397	4	16	28.661889	100.000000	1.425143	0.360394	0.183843	0.127458	0.097369	

203	0.020915	5	1	68.062500	100.000000	0.943316	0.236054	0.119254	0.082361	0.063964	
203	0.023237	5	2	50.068528	100.000000	1.158483	0.288728	0.150283	0.103020	0.078522	
203	0.021663	5	4	38.017000	100.000000	1.305711	0.330095	0.169378	0.114866	0.089611	
203	0.023914	5	8	22.934306	100.000000	1.490469	0.375841	0.193384	0.131200	0.101486	
203	0.020007	5	16	10.846111	100.000000	1.637168	0.407121	0.211102	0.146742	0.112281	

208	2.830788	1	1	99.199861	86.472229	0.566832	0.136312	0.069396	0.047950	0.037231	
208	0.019986	1	1	99.199861	86.472229	0.566937	0.137626	0.069544	0.048465	0.037224	
208	0.022715	1	2	98.630944	94.333336	0.573926	0.142654	0.071765	0.048585	0.037694	
208	0.019927	1	4	97.475611	97.944443	0.589729	0.141257	0.073789	0.050846	0.038733	
208	0.021331	1	8	95.530611	99.472221	0.612995	0.147836	0.075394	0.052123	0.040407	
208	0.022305	1	16	92.189944	99.805557	0.653949	0.157011	0.082445	0.056798	0.043274	

208	0.023517	2	1	97.417000	98.722221	0.589664	0.144461	0.072955	0.051028	0.038928	
208	0.020529	2	2	95.400139	99.583336	0.615393	0.149695	0.075680	0.052308	0.040563	
208	0.023214	2	4	92.454361	99.944443	0.654148	0.159277	0.082062	0.056223	0.043191	
208	0.019696	2	8	87.038750	100.000000	0.723186	0.175181	0.089732	0.062976	0.047946	
208	0.021952	2	16	78.718944	100.000000	0.823477	0.202166	0.104736	0.070898	0.057228	

208	0.021648	3	1	93.182056	99.944443	0.644175	0.158812	0.081701	0.056097	0.043251	
208	0.022889	3	2	87.505278	99.972221	0.713603	0.176808	0.088485	0.061112	0.047401	
208	0.022351	3	4	80.891139	100.000000	0.797493	0.194537	0.099679	0.068930	0.053254	
208	0.019392	3	8	69.740500	100.000000	0.939206	0.233295	0.118908	0.081386	0.062927	
208	0.021447	3	16	54.895917	100.000000	1.117160	0.276583	0.143826	0.097437	0.075461	

208	0.021728	4	1	83.938472	100.000000	0.759500	0.187904	0.095345	0.067031	0.051243	
208	0.031342	4	2	72.053833	100.000000	0.904284	0.222347	0.113534	0.078605	0.060789	
208	0.028536	4	4	61.249472	100.000000	1.037122	0.256222	0.130940	0.090299	0.070064	
208	0.021279	4	8	45.438361	100.000000	1.235411	0.310596	0.157495	0.109357	0.084283	
208	0.024635	4	16	28.662361	100.000000	1.436927	0.363079	0.186288	0.128403	0.098091	

208	0.020039	5	1	68.136556	100.000000	0.955251	0.235582	0.121078	0.083489	0.064764	
208	0.020822	5	2	50.071028	100.000000	1.169066	0.295968	0.150954	0.104046	0.079300	
208	0.025964	5	4	38.048056	100.000000	1.315941	0.331661	0.170256	0.117495	0.089449	
208	0.020023	5	8	22.948083	100.000000	1.500527	0.370897	0.194914	0.132406	0.102244	
208	0.022249	5	16	10.854417	100.000000	1.647131	0.410104	0.211638	0.147735	0.112534	

213	2.828901	1	1	99.198833	86.694443	0.576122	0.140676	0.070902	0.049035	0.037916	
213	0.024640	1	1	99.198833	86.694443	0.576355	0.141036	0.071083	0.049275	0.037950	
213	0.021012	1	2	98.633028	94.388893	0.583590	0.142709	0.073016	0.049616	0.038403	
213	0.022943	1	4	97.476806	97.944443	0.599362	0.146762	0.075086	0.051246	0.039548	
213	0.025044	1	8	95.534972	99.388893	0.622353	0.152795	0.077045	0.053016	0.041035	
213	0.024365	1	16	92.199611	99.694443	0.664929	0.160886	0.083845	0.056800	0.043974	

213	0.027509	2	1	97.419444	98.694443	0.598139	0.143462	0.075465	0.051976	0.039670	
213	0.024864	2	2	95.406111	99.722221	0.625816	0.152637	0.078568	0.053749	0.041236	
213	0.024897	2	4	92.459750	99.944443	0.663723	0.163890	0.082147	0.056755	0.043929	
213	0.027341	2	8	87.055222	100.000000	0.730722	0.179254	0.092841	0.063725	0.048744	
213	0.023479	2	16	78.755833	100.000000	0.834479	0.203123	0.106324	0.072013	0.055827	

213	0.022945	3	1	93.165361	99.944443	0.652502	0.160983	0.081424	0.056417	0.053454	
213	0.021338	3	2	87.503611	99.972221	0.724677	0.179508	0.089868	0.063207	0.048162	
213	0.020408	3	4	80.880472	100.000000	0.808877	0.199707	0.102829	0.070849	0.053976	
213	0.023205	3	8	69.743750	100.000000	0.949175	0.231626	0.119217	0.082249	0.063738	
213	0.024873	3	16	54.931583	100.000000	1.129343	0.278610	0.145460	0.098719	0.076308	

213	0.022508	4	1	83.879472	100.000000	0.770597	0.194990	0.098507	0.068094	0.052054	
213	0.022452	4	2	72.038861	100.000000	0.915875	0.229943	0.118827	0.079432	0.061627	
213	0.022727	4	4	61.239750	100.000000	1.049429	0.263096	0.132682	0.091935	0.070864	
213	0.021868	4	8	45.449528	100.000000	1.246881	0.307557	0.158142	0.108937	0.084440	
213	0.026020	4	16	28.691944	100.000000	1.450701	0.361090	0.185546	0.127767	0.099282	

213	0.024192	5	1	68.032083	100.000000	0.966493	0.242206	0.124491	0.084464	0.065707	
213	0.021439	5	2	50.036944	100.000000	1.186488	0.292663	0.152892	0.105289	0.080917	
213	0.022737	5	4	38.028917	100.000000	1.331617	0.333809	0.169395	0.118625	0.090744	
213	0.020996	5	8	22.946083	100.000000	1.516128	0.376669	0.196202	0.135381	0.103556	
213	0.024559	5	16	10.869333	100.000000	1.663038	0.418929	0.213325	0.146398	0.114052	

218	2.835033	1	1	99.202111	87.138893	0.589844	0.144886	0.074028	0.050964	0.038870	
218	0.030975	1	1	99.202111	87.138893	0.589647	0.143437	0.073997	0.050668	0.038890	
218	0.023803	1	2	98.639111	94.555557	0.597983	0.143984	0.074800	0.050769	0.039358	
218	0.026261	1	4	97.483917	98.055557	0.613390	0.147322	0.076664	0.052641	0.040393	
218	0.024218	1	8	95.541028	99.361107	0.636988	0.153068	0.079902	0.054270	0.042008	
218	0.024114	1	16	92.213694	99.611107	0.677858	0.164200	0.085472	0.057792	0.044814	

218	0.023866	2	1	97.428861	99.000000	0.614964	0.150635	0.077136	0.053156	0.040600	
218	0.021331	2	2	95.421556	99.805557	0.640113	0.157577	0.080296	0.054417	0.042161	
218	0.023217	2	4	92.474583	99.972221	0.677710	0.162919	0.085334	0.058825	0.044833	
218	0.026705	2	8	87.060056	100.000000	0.746841	0.184132	0.093059	0.065139	0.049621	
218	0.025497	2	16	78.776889	100.000000	0.847772	0.210377	0.105895	0.073071	0.056631	

218	0.023798	3	1	93.192472	99.972221	0.668758	0.165653	0.083431	0.058602	0.044894	
218	0.023529	3	2	87.530972	99.972221	0.737013	0.178851	0.091762	0.063394	0.049060	
218	0.028197	3	4	80.911861	100.000000	0.820737	0.201721	0.104423	0.070784	0.054844	
218	0.023332	3	8	69.755917	100.000000	0.961191	0.235841	0.123090	0.084873	0.064650	
218	0.023102	3	16	54.960667	100.000000	1.143921	0.287381	0.145017	0.101296	0.078209	

218	0.021657	4	1	83.891861	100.000000	0.784153	0.191348	0.098307	0.069322	0.052961	
218	0.024392	4	2	72.050472	100.000000	0.928937	0.225723	0.116476	0.080641	0.062431	
218	0.021489	4	4	61.261472	100.000000	1.061661	0.260329	0.133962	0.092776	0.071673	
218	0.023930	4	8	45.447278	100.000000	1.258074	0.316962	0.159647	0.111830	0.085201	
218	0.024464	4	16	28.711250	100.000000	1.462753	0.362637	0.189677	0.130217	0.099710	

218	0.021832	5	1	68.026111	100.000000	0.981009	0.240712	0.124430	0.087242	0.066522	
218	0.022175	5	2	50.033417	100.000000	1.196963	0.300737	0.154236	0.106447	0.081031	
218	0.024138	5	4	38.039472	100.000000	1.342377	0.338086	0.170739	0.119550	0.091097	
218	0.024418	5	8	22.938306	100.000000	1.529613	0.386399	0.196163	0.134719	0.105379	
218	0.023452	5	16	10.877389	100.000000	1.673422	0.416495	0.214215	0.147521	0.114599	

223	2.839208	1	1	99.202306	87.805557	0.599791	0.147222	0.075325	0.051862	0.039611	
223	0.022774	1	1	99.202306	87.805557	0.599943	0.145171	0.074195	0.051019	0.039574	
223	0.022794	1	2	98.642250	95.027779	0.607444	0.147923	0.074719	0.052580	0.040050	
223	0.027680	1	4	97.488056	98.083336	0.625823	0.152126	0.076859	0.052985	0.041108	
223	0.023463	1	8	95.549083	99.472221	0.646179	0.155156	0.081403	0.056209	0.042807	
223	0.025196	1	16	92.227556	99.750000	0.686055	0.165898	0.085121	0.058839	0.045803	

223	0.023958	2	1	97.421750	99.277779	0.623193	0.150819	0.078476	0.054162	0.041333	
223	0.024783	2	2	95.427083	99.833336	0.649851	0.158990	0.081676	0.056294	0.042907	
223	0.023660	2	4	92.484444	99.972221	0.686526	0.169388	0.085272	0.059864	0.045558	
223	0.024373	2	8	87.078611	100.000000	0.757077	0.187427	0.094389	0.066076	0.050380	
223	0.026033	2	16	78.804361	100.000000	0.856581	0.212693	0.107781	0.074280	0.057394	

223	0.022286	3	1	93.172250	99.944443	0.679690	0.164883	0.086238	0.058787	0.045687	
223	0.026995	3	2	87.532944	100.000000	0.746890	0.185296	0.093494	0.064275	0.049816	
223	0.022109	3	4	80.911444	100.000000	0.832632	0.205803	0.104178	0.073044	0.055627	
223	0.024012	3	8	69.768250	100.000000	0.970686	0.242269	0.124533	0.084310	0.065375	
223	0.027622	3	16	54.975556	100.000000	1.151060	0.290125	0.145795	0.102386	0.077930	

223	0.030499	4	1	83.856333	100.000000	0.794790	0.199107	0.100797	0.069443	0.053853	
223	0.026323	4	2	72.052500	100.000000	0.937507	0.234218	0.120252	0.083206	0.063227	
223	0.026242	4	4	61.255556	100.000000	1.072224	0.263665	0.137000	0.095137	0.072633	
223	0.023790	4	8	45.446722	100.000000	1.267598	0.314093	0.160981	0.111423	0.086087	
223	0.038617	4	16	28.724778	100.000000	1.470753	0.365848	0.188012	0.131681	0.100995	

223	0.025618	5	1	67.953833	100.000000	0.993356	0.244562	0.127884	0.086899	0.068356	
223	0.027060	5	2	50.013694	100.000000	1.212908	0.299084	0.153641	0.107998	0.082359	
223	0.023489	5	4	38.011556	100.000000	1.354473	0.333853	0.172532	0.118703	0.091987	
223	0.025571	5	8	22.931778	100.000000	1.537694	0.384814	0.199989	0.137634	0.105182	
223	0.023374	5	16	10.886833	100.000000	1.683594	0.429383	0.219061	0.148448	0.115095	

