=== Intel PCAF har

1	4.329229	1	1	98.315618	10.977265	0.279418	0.063480	0.033473	0.023105	0.017619	
1	0.044703	1	1	98.315618	10.977265	0.279461	0.069969	0.034426	0.022718	0.017618	
1	0.044076	1	2	97.737662	13.725823	0.334735	0.079679	0.040832	0.027698	0.021113	
1	0.043598	1	4	96.745492	17.594164	0.422980	0.100249	0.050611	0.034952	0.027062	
1	0.043911	1	8	94.971127	23.396675	0.574005	0.135947	0.071640	0.048734	0.037615	
1	0.044680	1	16	92.756088	30.471664	0.763417	0.184549	0.095085	0.065652	0.050790	

1	0.044529	2	1	95.620161	30.302004	0.516887	0.122621	0.064100	0.044439	0.034009	
1	0.043767	2	2	94.166399	35.086529	0.641456	0.157289	0.080350	0.055384	0.042231	
1	0.044117	2	4	91.295020	40.889038	0.880759	0.215605	0.112318	0.076349	0.058972	
1	0.043302	2	8	87.226876	48.982014	1.221481	0.300647	0.155191	0.108439	0.083120	
1	0.043913	2	16	83.135890	57.125889	1.564285	0.391156	0.199702	0.137467	0.106626	

1	0.045843	3	1	91.985930	49.643703	0.821061	0.199214	0.105206	0.072647	0.056767	
1	0.047491	3	2	89.334204	54.750591	1.041925	0.257445	0.133535	0.090448	0.070172	
1	0.049981	3	4	85.626574	60.247707	1.352877	0.336521	0.171317	0.118408	0.091704	
1	0.045552	3	8	78.819297	68.018326	1.917732	0.476278	0.244805	0.172154	0.131107	
1	0.043870	3	16	71.248029	75.110283	2.544663	0.647250	0.327502	0.225563	0.175991	

1	0.045822	4	1	87.351609	65.269768	1.202809	0.296211	0.154713	0.107460	0.083574	
1	0.044123	4	2	83.427675	69.918564	1.526544	0.384879	0.194892	0.136079	0.104822	
1	0.044580	4	4	78.834869	74.601288	1.909438	0.483470	0.243994	0.168637	0.130520	
1	0.049688	4	8	69.364633	81.218185	2.690280	0.671125	0.351999	0.242739	0.185021	
1	0.045553	4	16	58.423775	86.884972	3.610813	0.901001	0.472129	0.325296	0.248326	

1	0.046284	5	1	81.309426	76.908722	1.695870	0.423878	0.217069	0.150053	0.116736	
1	0.044580	5	2	75.879184	80.743126	2.142096	0.543648	0.274628	0.189650	0.147198	
1	0.045553	5	4	70.542681	84.967766	2.582138	0.651910	0.338797	0.233211	0.190791	
1	0.053405	5	8	59.062429	89.854088	3.547213	0.889609	0.460487	0.313856	0.243104	
1	0.044223	5	16	46.136773	93.060738	4.629537	1.155442	0.593404	0.410100	0.318205	

2	4.312040	1	1	98.969291	13.963352	0.233029	0.058347	0.027531	0.018967	0.014728	
2	0.047595	1	1	98.969291	13.963352	0.233062	0.058345	0.029247	0.019539	0.014705	
2	0.051557	1	2	98.395913	18.764847	0.288179	0.072226	0.034720	0.023378	0.018171	
2	0.046728	1	4	97.372316	26.009501	0.384459	0.090028	0.046156	0.031914	0.024323	
2	0.046439	1	8	95.807788	32.711231	0.518541	0.122888	0.064107	0.044212	0.033702	
2	0.049423	1	16	93.587455	41.007805	0.709849	0.173252	0.089332	0.061688	0.047013	

2	0.048050	2	1	96.846505	38.327114	0.427766	0.101141	0.051976	0.036407	0.027861	
2	0.046291	2	2	95.543517	44.468952	0.539020	0.131073	0.066929	0.046072	0.035086	
2	0.047781	2	4	92.726770	52.578896	0.776086	0.191832	0.096688	0.067777	0.051657	
2	0.048358	2	8	88.807383	59.586018	1.106425	0.274927	0.139915	0.098396	0.074622	
2	0.048493	2	16	84.368143	68.272820	1.479988	0.370380	0.191667	0.130273	0.100649	

2	0.047846	3	1	93.809592	58.313538	0.682134	0.165763	0.086133	0.060214	0.048345	
2	0.045165	3	2	91.288756	63.963352	0.894205	0.219225	0.113728	0.077919	0.060637	
2	0.047614	3	4	87.579829	70.970474	1.205734	0.298281	0.152648	0.105342	0.081566	
2	0.051129	3	8	80.779489	77.706139	1.773222	0.440673	0.226323	0.159078	0.121256	
2	0.046449	3	16	72.439850	84.085510	2.466041	0.617928	0.318493	0.219019	0.170472	

2	0.047961	4	1	89.578796	72.412621	1.035956	0.255088	0.131260	0.093460	0.072298	
2	0.047477	4	2	85.627201	77.417717	1.362481	0.339527	0.174378	0.121672	0.092598	
2	0.048225	4	4	80.829142	83.423820	1.762887	0.447042	0.229156	0.158336	0.120608	
2	0.047847	4	8	71.308427	88.700371	2.551743	0.653004	0.330301	0.230343	0.175550	
2	0.047741	4	16	59.591586	93.060738	3.542511	0.883802	0.457868	0.319068	0.244193	

2	0.047760	5	1	83.582551	82.066505	1.526640	0.388235	0.198261	0.136446	0.105464	
2	0.045719	5	2	77.934985	86.901932	1.993287	0.497161	0.255729	0.176463	0.136589	
2	0.048975	5	4	72.259796	90.922966	2.465603	0.621121	0.316735	0.218393	0.171063	
2	0.047263	5	8	60.694841	94.231422	3.437199	0.858472	0.441365	0.309608	0.235675	
2	0.047621	5	16	47.102386	96.793350	4.565080	1.140815	0.591224	0.412507	0.316740	

3	4.316878	1	1	99.061097	20.665083	0.231287	0.057918	0.027573	0.018783	0.014608	
3	0.048161	1	1	99.061097	20.665083	0.231038	0.057975	0.028992	0.019402	0.014562	
3	0.048809	1	2	98.572330	25.822872	0.278229	0.069749	0.034057	0.022939	0.017547	
3	0.048524	1	4	97.736822	33.831017	0.358739	0.082680	0.042207	0.029703	0.022630	
3	0.049841	1	8	96.313208	40.770275	0.482096	0.115423	0.058351	0.040977	0.031244	
3	0.048997	1	16	94.267155	47.964031	0.662564	0.161030	0.083189	0.056960	0.043771	

3	0.050970	2	1	97.218779	48.489990	0.400452	0.095529	0.047968	0.033789	0.026117	
3	0.049302	2	2	96.102693	53.902275	0.499321	0.117367	0.061443	0.042376	0.032332	
3	0.048310	2	4	93.508600	62.080078	0.718277	0.175217	0.090522	0.062459	0.047901	
3	0.046032	2	8	89.797425	67.950455	1.030852	0.256591	0.132018	0.089499	0.069429	
3	0.049830	2	16	85.509318	74.821854	1.394105	0.346746	0.180380	0.122229	0.094721	

3	0.049395	3	1	94.540399	67.475395	0.627307	0.150886	0.078687	0.055078	0.043716	
3	0.049021	3	2	92.210846	72.514420	0.823798	0.199425	0.102685	0.072220	0.055162	
3	0.049604	3	4	88.569848	78.927727	1.129740	0.276823	0.142702	0.100135	0.076576	
3	0.050376	3	8	82.099107	83.576515	1.670464	0.414755	0.213464	0.149875	0.114349	
3	0.048521	3	16	73.585945	88.615540	2.381279	0.596298	0.311378	0.212353	0.163552	

3	0.048233	4	1	90.656873	80.912796	0.950032	0.234145	0.121506	0.086036	0.066596	
3	0.052205	4	2	86.980434	84.832031	1.259801	0.311815	0.162599	0.112055	0.085320	
3	0.047535	4	4	81.903334	89.480827	1.680822	0.417689	0.218309	0.148632	0.115474	
3	0.048383	4	8	72.717986	92.399048	2.443907	0.610026	0.315482	0.217301	0.168233	
3	0.049033	4	16	60.449303	95.639633	3.487800	0.871696	0.456059	0.313976	0.240520	

3	0.049674	5	1	84.782052	88.988808	1.436040	0.359397	0.183540	0.129931	0.099147	
3	0.050015	5	2	79.545229	91.873093	1.892431	0.463529	0.242583	0.167021	0.135102	
3	0.048391	5	4	73.284081	94.774345	2.389118	0.598113	0.307777	0.211585	0.164144	
3	0.048326	5	8	61.990832	96.369186	3.344910	0.851259	0.439769	0.302427	0.247009	
3	0.048340	5	16	47.592201	98.031898	4.678802	1.158959	0.584458	0.404753	0.314735	

4	4.316585	1	1	99.083209	26.060400	0.246065	0.060303	0.029489	0.020341	0.015542	
4	0.046675	1	1	99.083209	26.060400	0.246039	0.061739	0.030907	0.020671	0.015523	
4	0.043754	1	2	98.648637	31.099424	0.287914	0.072184	0.035196	0.023396	0.018190	
4	0.050083	1	4	97.770510	39.837120	0.373079	0.088186	0.044714	0.030865	0.023530	
4	0.043530	1	8	96.378526	47.064812	0.493610	0.117313	0.060829	0.041927	0.031966	
4	0.044453	1	16	94.458608	52.867325	0.661523	0.159439	0.083074	0.056948	0.043657	

4	0.043953	2	1	97.392795	54.156769	0.403754	0.096065	0.048760	0.033846	0.027729	
4	0.045452	2	2	96.409007	58.992195	0.488848	0.118003	0.060099	0.041463	0.031604	
4	0.045890	2	4	93.733631	67.271805	0.715094	0.172678	0.088580	0.062301	0.047435	
4	0.044477	2	8	90.050500	73.702065	1.028283	0.255929	0.131915	0.090876	0.069663	
4	0.043711	2	16	85.890674	78.435692	1.388622	0.347798	0.178915	0.123326	0.093946	

4	0.046545	3	1	94.869204	73.854767	0.616417	0.146539	0.076568	0.054133	0.043162	
4	0.044674	3	2	92.737958	77.672211	0.796908	0.196649	0.101138	0.068693	0.053146	
4	0.044403	3	4	88.971485	83.780113	1.116778	0.281247	0.144296	0.098930	0.075331	
4	0.044054	3	8	82.489168	87.869019	1.660683	0.410797	0.216465	0.147965	0.113765	
4	0.046531	3	16	74.084686	91.126564	2.365632	0.589886	0.304030	0.209416	0.162342	

4	0.044944	4	1	91.032774	85.357994	0.937641	0.233924	0.119948	0.084439	0.065818	
4	0.044305	4	2	87.608708	87.869019	1.227532	0.302199	0.158177	0.107550	0.083041	
4	0.049429	4	4	82.362313	92.382088	1.668138	0.417859	0.215002	0.147005	0.114402	
4	0.045704	4	8	73.140522	94.553780	2.449175	0.606692	0.317494	0.220008	0.168961	
4	0.045873	4	16	60.929915	96.708519	3.483019	0.869498	0.448353	0.310824	0.240303	

4	0.047160	5	1	85.178229	92.076691	1.422790	0.351398	0.184307	0.129035	0.097996	
4	0.045610	5	2	80.161761	93.739395	1.844539	0.467347	0.235874	0.163875	0.127021	
4	0.046265	5	4	73.607245	96.555817	2.391881	0.595076	0.312698	0.215205	0.165313	
4	0.046041	5	8	62.335953	97.641670	3.351729	0.834917	0.437712	0.301606	0.229664	
4	0.044167	5	16	47.937843	98.574821	4.558341	1.139076	0.597409	0.406087	0.314262	

5	4.307467	1	1	99.123955	30.658297	0.248990	0.061451	0.029325	0.020612	0.015718	
5	0.046163	1	1	99.123955	30.658297	0.248871	0.062351	0.031213	0.020860	0.015703	
5	0.048006	1	2	98.725687	35.459789	0.287583	0.072197	0.035151	0.023772	0.018115	
5	0.049337	1	4	97.859847	45.928062	0.371377	0.086231	0.043713	0.030713	0.023410	
5	0.047071	1	8	96.577789	52.816422	0.482897	0.112922	0.059416	0.040311	0.031224	
5	0.047655	1	16	94.708434	57.058025	0.648077	0.158570	0.081148	0.056323	0.042848	

5	0.049770	2	1	97.557945	59.263657	0.396594	0.094258	0.047750	0.033197	0.025800	
5	0.044904	2	2	96.630082	64.065155	0.478320	0.114754	0.058460	0.040130	0.030755	
5	0.049095	2	4	93.942517	73.142174	0.705007	0.173333	0.087527	0.061428	0.046714	
5	0.045768	2	8	90.409665	78.282997	1.006814	0.251352	0.129144	0.088272	0.067829	
5	0.047118	2	16	86.264679	81.676277	1.360911	0.336096	0.176060	0.121284	0.093188	

5	0.048436	3	1	95.127632	77.740074	0.601707	0.146685	0.077343	0.053283	0.042260	
5	0.048177	3	2	93.071309	81.387856	0.776427	0.192361	0.098439	0.067854	0.051679	
5	0.045820	3	4	89.302482	87.546661	1.101656	0.271424	0.138208	0.096491	0.074005	
5	0.047281	3	8	82.938543	90.872070	1.634150	0.405217	0.213390	0.147800	0.112969	
5	0.047695	3	16	74.493389	93.264336	2.347966	0.596495	0.306805	0.212223	0.170157	

5	0.049629	4	1	91.355916	88.140480	0.916359	0.226982	0.118217	0.084424	0.068453	
5	0.053329	4	2	87.986026	90.329147	1.203445	0.298200	0.155276	0.105109	0.081546	
5	0.047982	4	4	82.704590	94.740417	1.651259	0.410958	0.210969	0.147933	0.113091	
5	0.047523	4	8	73.569796	96.420082	2.423182	0.605492	0.312836	0.218353	0.166447	
5	0.049937	4	16	61.286611	97.641670	3.480310	0.871158	0.453828	0.312763	0.238153	

5	0.048471	5	1	85.516758	93.688492	1.408131	0.347287	0.182409	0.127824	0.097054	
5	0.047614	5	2	80.501999	95.486931	1.829115	0.467239	0.233891	0.162869	0.125308	
5	0.047862	5	4	73.853761	97.845268	2.388158	0.606367	0.306713	0.212059	0.163980	
5	0.048633	5	8	62.652430	98.473022	3.349526	0.836279	0.431103	0.301252	0.231897	
5	0.049740	5	16	48.200195	99.066849	4.569744	1.151522	0.597518	0.412417	0.316527	

6	4.307205	1	1	99.208690	33.593483	0.258082	0.062821	0.030876	0.020967	0.016272	
6	0.048264	1	1	99.208690	33.593483	0.258119	0.064755	0.032376	0.021617	0.016294	
6	0.048698	1	2	98.807644	39.260265	0.296663	0.074351	0.035725	0.024299	0.018704	
6	0.049381	1	4	97.975307	50.016964	0.375572	0.086943	0.044285	0.030658	0.023755	
6	0.053079	1	8	96.743142	57.142860	0.483275	0.114112	0.059379	0.040170	0.031223	
6	0.047727	1	16	94.849482	61.876480	0.648304	0.157137	0.081521	0.056084	0.042721	

6	0.048692	2	1	97.828337	62.877499	0.386796	0.094825	0.045935	0.032266	0.025011	
6	0.049158	2	2	96.905948	68.476418	0.464972	0.111237	0.057108	0.039425	0.030013	
6	0.050467	2	4	94.243870	76.976585	0.689343	0.168178	0.086772	0.058787	0.045620	
6	0.049661	2	8	90.773603	81.879875	0.981379	0.240679	0.123072	0.086415	0.065845	
6	0.045847	2	16	86.520282	85.476753	1.347856	0.330686	0.170563	0.118570	0.091777	

6	0.048308	3	1	95.563589	79.487617	0.575428	0.138901	0.073033	0.051825	0.040408	
6	0.048563	3	2	93.520148	84.034607	0.746489	0.184118	0.092763	0.064511	0.049595	
6	0.048869	3	4	89.761692	89.904991	1.060821	0.260151	0.135905	0.095320	0.072586	
6	0.048864	3	8	83.385596	92.738380	1.591023	0.395393	0.204882	0.140679	0.109593	
6	0.052896	3	16	74.755173	94.808281	2.309473	0.576371	0.295946	0.206046	0.158887	

6	0.048711	4	1	91.915969	89.311165	0.875255	0.214650	0.112167	0.077910	0.061694	
6	0.048726	4	2	88.506344	91.974892	1.159270	0.288979	0.149453	0.102507	0.079566	
6	0.050262	4	4	83.186956	95.860199	1.602399	0.395594	0.203919	0.140615	0.109129	
6	0.049214	4	8	73.955454	97.522903	2.363098	0.593104	0.303380	0.210320	0.163061	
6	0.048439	4	16	61.459723	98.167625	3.417614	0.857362	0.438209	0.307722	0.234168	

6	0.048485	5	1	86.151669	94.265350	1.347863	0.332550	0.171322	0.122765	0.092759	
6	0.048613	5	2	80.979011	96.267387	1.775894	0.440731	0.230098	0.158872	0.121213	
6	0.047795	5	4	74.225804	98.354256	2.331449	0.580848	0.300402	0.209957	0.160243	
6	0.048430	5	8	62.898692	99.151680	3.290777	0.824863	0.421555	0.290769	0.224830	
6	0.048709	5	16	48.283790	99.338310	4.492160	1.120203	0.594280	0.405568	0.308738	

7	4.344284	1	1	99.263872	37.953850	0.261058	0.061081	0.032026	0.021822	0.016482	
7	0.049174	1	1	99.263872	37.953850	0.261134	0.065394	0.032310	0.021613	0.016472	
7	0.050204	1	2	98.887556	44.316254	0.297201	0.075244	0.034972	0.024603	0.018748	
7	0.052078	1	4	98.113438	54.156769	0.369302	0.086508	0.043976	0.030565	0.023499	
7	0.050319	1	8	96.928065	60.587036	0.475434	0.115740	0.058525	0.040346	0.030704	
7	0.049489	1	16	94.992432	65.337631	0.647272	0.157658	0.081098	0.054947	0.042673	

7	0.049593	2	1	98.011464	67.678993	0.378780	0.089841	0.045636	0.031676	0.024581	
7	0.049657	2	2	97.127670	72.785881	0.456348	0.109603	0.055882	0.037919	0.029386	
7	0.050111	2	4	94.527046	80.437729	0.678738	0.165116	0.085436	0.058828	0.044871	
7	0.049971	2	8	91.081536	84.747200	0.973647	0.237571	0.124003	0.085785	0.065337	
7	0.051809	2	16	86.764472	87.529686	1.343884	0.337887	0.173649	0.119679	0.091182	

7	0.049667	3	1	95.848169	83.746185	0.563821	0.137269	0.071629	0.050169	0.039751	
7	0.054099	3	2	93.854681	87.190369	0.734281	0.176751	0.091134	0.062893	0.048650	
7	0.050815	3	4	90.132045	92.365112	1.050026	0.257562	0.133787	0.091301	0.070770	
7	0.050698	3	8	83.675105	94.502884	1.596130	0.399056	0.204778	0.142484	0.109490	
7	0.050168	3	16	74.947578	95.843231	2.333878	0.590636	0.304881	0.206809	0.162202	

7	0.051151	4	1	92.292405	92.432983	0.863223	0.211311	0.110811	0.078111	0.061752	
7	0.052517	4	2	88.898852	94.519852	1.149315	0.283678	0.147902	0.101943	0.077724	
7	0.054610	4	4	83.579375	96.861214	1.600341	0.396437	0.207200	0.140988	0.110133	
7	0.050845	4	8	74.181343	98.252457	2.390275	0.598568	0.308250	0.212300	0.166505	
7	0.049665	4	16	61.573591	98.744492	3.470715	0.865287	0.447845	0.312424	0.238988	

7	0.049590	5	1	86.570406	96.521881	1.340171	0.331239	0.173283	0.121464	0.093734	
7	0.049743	5	2	81.351884	97.726501	1.778951	0.445050	0.227947	0.156846	0.121591	
7	0.049144	5	4	74.579740	98.812355	2.349093	0.587101	0.301770	0.208400	0.161129	
7	0.049053	5	8	63.054136	99.389206	3.334562	0.828668	0.429898	0.296050	0.228476	
7	0.049130	5	16	48.343509	99.609772	4.569142	1.147426	0.593524	0.407897	0.314979	

8	4.305875	1	1	99.314499	40.125553	0.278418	0.065230	0.032738	0.022999	0.017529	
8	0.045815	1	1	99.314499	40.125553	0.278234	0.069681	0.034591	0.022835	0.017542	
8	0.051301	1	2	98.952694	46.250423	0.313176	0.077026	0.037621	0.025567	0.019748	
8	0.045985	1	4	98.198842	56.345440	0.384773	0.090386	0.046434	0.031988	0.024379	
8	0.049255	1	8	97.018569	62.673908	0.487762	0.117746	0.060028	0.041405	0.031575	
8	0.046807	1	16	95.083402	67.254837	0.658697	0.158166	0.082729	0.056264	0.043474	

8	0.047936	2	1	98.131484	69.850693	0.389542	0.092285	0.046960	0.032239	0.025369	
8	0.045757	2	2	97.260955	75.025452	0.470459	0.109700	0.056222	0.039378	0.030007	
8	0.048022	2	4	94.681045	82.694267	0.687788	0.164744	0.086350	0.058502	0.045382	
8	0.047977	2	8	91.254136	86.019684	0.980361	0.243913	0.123555	0.084766	0.065814	
8	0.048241	2	16	86.936656	88.666443	1.350978	0.333470	0.174599	0.120351	0.091629	

8	0.047591	3	1	96.025919	85.663383	0.569146	0.138229	0.072571	0.051529	0.040199	
8	0.048209	3	2	94.038048	88.785210	0.740559	0.182682	0.091835	0.064406	0.049975	
8	0.047685	3	4	90.324556	93.213440	1.055253	0.259937	0.135677	0.093309	0.071119	
8	0.049191	3	8	83.881923	95.402107	1.602710	0.398522	0.206231	0.142119	0.110049	
8	0.047019	3	16	75.146051	96.454018	2.343373	0.584909	0.306197	0.207782	0.160726	

8	0.047306	4	1	92.526063	93.417038	0.864769	0.210066	0.108946	0.078187	0.061055	
8	0.048047	4	2	89.127146	95.402107	1.152241	0.285235	0.148322	0.100435	0.077944	
8	0.047629	4	4	83.777840	97.353241	1.606652	0.398584	0.205288	0.143822	0.109475	
8	0.050824	4	8	74.354690	98.625717	2.404384	0.601455	0.311054	0.212695	0.165266	
8	0.046685	4	16	61.701028	99.100784	3.490136	0.874277	0.448736	0.309649	0.239791	

8	0.047296	5	1	86.811365	97.149643	1.343210	0.332748	0.173786	0.120464	0.092802	
8	0.047515	5	2	81.605868	98.167625	1.800182	0.442537	0.227931	0.158854	0.121965	
8	0.047390	5	4	74.769550	99.066849	2.359386	0.586035	0.307364	0.212552	0.163156	
8	0.045756	5	8	63.187532	99.558868	3.354521	0.834346	0.432309	0.301646	0.230674	
8	0.046878	5	16	48.396407	99.660667	4.601456	1.151961	0.597290	0.415196	0.316428	

9	4.313712	1	1	99.359615	42.602646	0.298072	0.070000	0.035741	0.024157	0.018782	
9	0.048028	1	1	99.359615	42.602646	0.298423	0.074034	0.035233	0.024674	0.018783	
9	0.048433	1	2	99.002527	49.491009	0.332323	0.078888	0.039072	0.027010	0.020950	
9	0.049213	1	4	98.270890	60.111977	0.399972	0.094553	0.048614	0.032890	0.025401	
9	0.049262	1	8	97.120742	65.761795	0.500411	0.119430	0.061771	0.042060	0.032504	
9	0.046771	1	16	95.197408	70.868683	0.670280	0.164397	0.084407	0.058053	0.044244	

9	0.048015	2	1	98.257002	72.548355	0.400833	0.093709	0.048362	0.033505	0.026295	
9	0.048678	2	2	97.378870	78.096375	0.477293	0.114790	0.058499	0.040356	0.030761	
9	0.049952	2	4	94.845983	84.848999	0.694019	0.169642	0.087328	0.060154	0.046535	
9	0.048616	2	8	91.443711	88.055649	0.983823	0.244862	0.126035	0.085199	0.066227	
9	0.049135	2	16	87.114550	90.939941	1.354716	0.335354	0.172187	0.120799	0.092585	

9	0.048991	3	1	96.225215	87.275192	0.573220	0.138887	0.072856	0.050724	0.040583	
9	0.050432	3	2	94.203895	90.889046	0.745582	0.181698	0.092916	0.064580	0.050484	
9	0.048890	3	4	90.552596	94.333221	1.055390	0.259892	0.134536	0.091830	0.072276	
9	0.049090	3	8	84.115267	96.504921	1.599998	0.396113	0.208387	0.141469	0.110636	
9	0.049351	3	16	75.318923	97.505936	2.343170	0.582049	0.306101	0.210972	0.160644	

9	0.048076	4	1	92.742878	94.163551	0.865675	0.213034	0.109036	0.078497	0.061169	
9	0.048459	4	2	89.284256	96.420082	1.158657	0.290807	0.146987	0.100926	0.078317	
9	0.048712	4	4	84.004869	97.981003	1.603015	0.396873	0.205432	0.143517	0.109353	
9	0.048676	4	8	74.569023	98.863251	2.397552	0.598884	0.309732	0.215194	0.173375	
9	0.048825	4	16	61.841578	99.202576	3.488169	0.885349	0.455617	0.313957	0.239042	

9	0.047870	5	1	87.027064	97.539871	1.343980	0.334652	0.170501	0.119651	0.093028	
9	0.049424	5	2	81.707329	98.473022	1.793634	0.445995	0.229089	0.157703	0.122256	
9	0.048670	5	4	74.967789	99.389206	2.357108	0.586767	0.305673	0.208921	0.163066	
9	0.048779	5	8	63.351948	99.643707	3.350539	0.835429	0.433470	0.298559	0.231008	
9	0.050404	5	16	48.505239	99.796402	4.599609	1.147880	0.600462	0.412047	0.317083	

10	4.312612	1	1	99.419828	45.537834	0.306801	0.072867	0.036252	0.025081	0.019454	
10	0.050125	1	1	99.419828	45.537834	0.308705	0.075433	0.036479	0.025010	0.019473	
10	0.052037	1	2	99.075599	53.529011	0.341794	0.081413	0.040928	0.028259	0.021527	
10	0.049701	1	4	98.389318	63.725822	0.404256	0.095787	0.048070	0.033193	0.025736	
10	0.052044	1	8	97.266572	69.358673	0.503063	0.120644	0.061087	0.042757	0.032585	
10	0.049501	1	16	95.365060	74.414658	0.670948	0.161968	0.084097	0.057335	0.044255	

10	0.051962	2	1	98.414693	74.974548	0.401912	0.095608	0.048584	0.033457	0.026395	
10	0.049749	2	2	97.567573	80.624367	0.476326	0.115661	0.058407	0.039617	0.030691	
10	0.050808	2	4	95.095712	87.088570	0.688753	0.166120	0.086229	0.059577	0.045399	
10	0.050425	2	8	91.695682	90.346115	0.977164	0.243580	0.123192	0.086144	0.065634	
10	0.050072	2	16	87.400380	92.925003	1.347478	0.331850	0.170619	0.118084	0.091314	

10	0.051897	3	1	96.477223	88.802170	0.567582	0.137632	0.070678	0.051271	0.040160	
10	0.049374	3	2	94.468564	92.161522	0.736634	0.182391	0.093236	0.064327	0.049041	
10	0.050020	3	4	90.874441	95.368172	1.044156	0.262824	0.131497	0.092367	0.070368	
10	0.049350	3	8	84.389572	97.047844	1.592858	0.393428	0.203844	0.141819	0.109939	
10	0.049808	3	16	75.585863	97.964027	2.337434	0.583776	0.300488	0.210608	0.160343	

10	0.049693	4	1	93.061626	94.808281	0.854238	0.208996	0.109397	0.076329	0.060401	
10	0.050254	4	2	89.598882	97.064812	1.147459	0.285841	0.147708	0.100612	0.078185	
10	0.050237	4	4	84.361815	98.439095	1.590690	0.396221	0.206651	0.142387	0.108882	
10	0.050073	4	8	74.818317	99.168648	2.393887	0.602059	0.312939	0.212095	0.164875	
10	0.051783	4	16	62.034158	99.541908	3.490498	0.870831	0.456479	0.310102	0.239449	

10	0.049325	5	1	87.386372	97.828300	1.329291	0.329903	0.172203	0.118811	0.091531	
10	0.049515	5	2	82.048245	98.795387	1.778507	0.440105	0.227152	0.159623	0.121638	
10	0.049842	5	4	75.313966	99.440109	2.325484	0.596190	0.306685	0.211435	0.161018	
10	0.052029	5	8	63.572825	99.677643	3.351482	0.843649	0.433059	0.299511	0.229634	
10	0.054464	5	16	48.628629	99.864265	4.612139	1.151751	0.595499	0.411504	0.317202	

11	4.303864	1	1	99.435682	47.217510	0.329598	0.077664	0.039916	0.027501	0.021310	
11	0.051432	1	1	99.435682	47.217510	0.332875	0.079355	0.039190	0.027479	0.020961	
11	0.051284	1	2	99.091240	55.514080	0.366100	0.083874	0.043865	0.029684	0.023065	
11	0.053120	1	4	98.419456	65.371567	0.425071	0.100966	0.050650	0.034985	0.027130	
11	0.054127	1	8	97.313871	71.038345	0.522313	0.126150	0.064544	0.044554	0.033928	
11	0.052190	1	16	95.425486	75.449608	0.688586	0.165469	0.085091	0.058695	0.045580	

11	0.051138	2	1	98.471514	76.705124	0.420734	0.097294	0.050899	0.035318	0.027542	
11	0.051221	2	2	97.627048	82.337967	0.495849	0.119025	0.060729	0.041189	0.031934	
11	0.054498	2	4	95.170593	88.378014	0.703224	0.173316	0.087146	0.060014	0.046554	
11	0.051054	2	8	91.803015	91.245338	0.993393	0.242976	0.124810	0.087323	0.066555	
11	0.054036	2	16	87.520626	93.637596	1.359017	0.342181	0.175586	0.120829	0.093486	

11	0.053692	3	1	96.569855	89.650497	0.581170	0.142012	0.072671	0.051688	0.041059	
11	0.052023	3	2	94.562225	92.857140	0.753042	0.185258	0.095138	0.064525	0.050017	
11	0.057436	3	4	90.964212	95.877167	1.060254	0.264205	0.135832	0.092380	0.071662	
11	0.052491	3	8	84.485149	97.556839	1.605455	0.400807	0.209501	0.142406	0.112094	
11	0.058024	3	16	75.689932	98.082802	2.349281	0.587130	0.301121	0.211167	0.160975	

11	0.052726	4	1	93.160143	95.707497	0.867651	0.215990	0.109613	0.076882	0.061385	
11	0.050965	4	2	89.656187	97.404137	1.164460	0.286658	0.149979	0.101727	0.078772	
11	0.053234	4	4	84.423440	98.540894	1.606306	0.404747	0.209701	0.144384	0.130696	
11	0.052826	4	8	74.859907	99.236511	2.404046	0.613046	0.315845	0.214273	0.168407	
11	0.053038	4	16	62.088205	99.626740	3.508311	0.894561	0.451114	0.310741	0.241483	

11	0.057323	5	1	87.473923	98.456055	1.344100	0.337925	0.173664	0.119360	0.092667	
11	0.052145	5	2	82.069393	99.168648	1.796162	0.447592	0.233690	0.158322	0.123608	
11	0.053759	5	4	75.352658	99.491005	2.362778	0.599852	0.308670	0.210221	0.163471	
11	0.052443	5	8	63.582532	99.711571	3.365947	0.836013	0.433337	0.302803	0.230496	
11	0.051063	5	16	48.654766	99.898201	4.617925	1.152034	0.602018	0.416939	0.317499	

12	4.308918	1	1	99.449173	49.491009	0.340462	0.081464	0.041336	0.028062	0.021751	
12	0.047872	1	1	99.449173	49.491009	0.345158	0.081140	0.040694	0.028503	0.021736	
12	0.048519	1	2	99.112499	57.600952	0.378017	0.087450	0.044440	0.030679	0.023802	
12	0.049414	1	4	98.461180	67.305733	0.433115	0.103187	0.052818	0.035980	0.027767	
12	0.048832	1	8	97.378796	72.225990	0.528767	0.125855	0.064652	0.044445	0.034420	
12	0.050711	1	16	95.506247	77.248047	0.694285	0.169402	0.086090	0.059264	0.046621	

12	0.052972	2	1	98.514041	78.622330	0.430221	0.100345	0.051307	0.035507	0.028148	
12	0.049456	2	2	97.667793	84.102478	0.504874	0.119145	0.061162	0.042894	0.032869	
12	0.047994	2	4	95.257728	89.565659	0.714104	0.171902	0.089570	0.060659	0.047008	
12	0.048466	2	8	91.924646	92.382088	0.994825	0.242439	0.127438	0.086169	0.066856	
12	0.048807	2	16	87.692547	94.553780	1.359206	0.341689	0.172794	0.121151	0.092255	

12	0.050499	3	1	96.646430	91.092636	0.593797	0.143113	0.074845	0.053218	0.041523	
12	0.048744	3	2	94.617892	93.959961	0.766758	0.189518	0.096755	0.066716	0.056716	
12	0.048169	3	4	91.089872	96.454018	1.065659	0.264003	0.136139	0.094014	0.077372	
12	0.058471	3	8	84.625186	97.930099	1.611310	0.401393	0.208692	0.144750	0.112519	
12	0.049294	3	16	75.876438	98.506958	2.383032	0.585338	0.307278	0.208368	0.161208	

12	0.048159	4	1	93.267604	96.487953	0.873043	0.213482	0.112006	0.079177	0.061776	
12	0.050491	4	2	89.707761	97.845268	1.176784	0.289553	0.151436	0.103711	0.080640	
12	0.049115	4	4	84.550878	98.727516	1.611339	0.400407	0.207845	0.144175	0.110017	
12	0.049107	4	8	74.984455	99.372246	2.421423	0.602138	0.316937	0.217827	0.167175	
12	0.048660	4	16	62.260869	99.643707	3.508776	0.872102	0.451508	0.313359	0.241292	

12	0.047520	5	1	87.609806	98.574821	1.348038	0.331911	0.174423	0.120293	0.092688	
12	0.049974	5	2	82.095360	99.219543	1.812634	0.449922	0.235771	0.159679	0.123929	
12	0.049736	5	4	75.460451	99.609772	2.369770	0.589870	0.304066	0.213477	0.162629	
12	0.050648	5	8	63.677587	99.796402	3.380122	0.843116	0.435100	0.300974	0.232278	
12	0.047934	5	16	48.786763	99.915169	4.632409	1.154335	0.606810	0.417783	0.319012	

13	4.305788	1	1	99.463804	52.273499	0.369993	0.088924	0.045230	0.031200	0.023802	
13	0.049572	1	1	99.463804	52.273499	0.377737	0.088808	0.044435	0.031237	0.023794	
13	0.049968	1	2	99.128496	59.721748	0.405917	0.095108	0.048300	0.033891	0.025802	
13	0.050597	1	4	98.491278	68.578217	0.462191	0.108827	0.056335	0.038922	0.029641	
13	0.050452	1	8	97.421988	74.058365	0.554194	0.132198	0.067537	0.047470	0.036167	
13	0.049452	1	16	95.537987	78.673225	0.720438	0.177591	0.089073	0.062608	0.047704	

13	0.050302	2	1	98.555977	79.843910	0.454258	0.108300	0.055671	0.038528	0.029770	
13	0.050146	2	2	97.715374	85.391930	0.527765	0.126583	0.065220	0.044974	0.034254	
13	0.049911	2	4	95.322843	90.838142	0.731899	0.176089	0.090489	0.064068	0.056129	
13	0.054711	2	8	92.014790	93.535797	1.008808	0.252249	0.130516	0.089503	0.074140	
13	0.051624	2	16	87.756472	95.300308	1.373517	0.342375	0.178016	0.122647	0.094360	

13	0.050793	3	1	96.726208	91.805229	0.608552	0.147750	0.077541	0.054777	0.042816	
13	0.051247	3	2	94.712066	94.740417	0.783208	0.190977	0.098180	0.067997	0.051827	
13	0.048924	3	4	91.206915	96.963013	1.076105	0.268821	0.135530	0.093736	0.072507	
13	0.049785	3	8	84.745294	98.320320	1.620911	0.401527	0.211067	0.143458	0.111173	
13	0.049581	3	16	75.951476	98.795387	2.363163	0.589839	0.303550	0.210296	0.163895	

13	0.050657	4	1	93.374817	97.115715	0.888371	0.217917	0.111609	0.080217	0.062661	
13	0.049502	4	2	89.833915	98.320320	1.186993	0.299017	0.150326	0.105362	0.080296	
13	0.052009	4	4	84.681989	98.998985	1.620712	0.409611	0.208752	0.145013	0.110702	
13	0.052849	4	8	75.079358	99.558868	2.426049	0.607634	0.313909	0.217084	0.168709	
13	0.050382	4	16	62.298162	99.728539	3.515969	0.892797	0.454336	0.316594	0.242511	

13	0.053255	5	1	87.732536	98.914154	1.360286	0.342083	0.175683	0.121171	0.093528	
13	0.048486	5	2	82.215315	99.389206	1.818857	0.464615	0.235072	0.163351	0.124527	
13	0.053212	5	4	75.573950	99.643707	2.377842	0.595852	0.308943	0.210382	0.163069	
13	0.051320	5	8	63.736125	99.830338	3.384069	0.842044	0.437604	0.298943	0.235067	
13	0.050292	5	16	48.793248	99.949104	4.632064	1.162417	0.595955	0.414006	0.319106	

14	4.345453	1	1	99.478232	53.664745	0.378154	0.091380	0.046057	0.032332	0.024649	
14	0.051498	1	1	99.478232	53.664745	0.388269	0.089303	0.046842	0.031747	0.024644	
14	0.051874	1	2	99.146977	61.163895	0.418770	0.098898	0.049782	0.034834	0.026635	
14	0.051367	1	4	98.509647	70.105186	0.469564	0.112027	0.058063	0.039585	0.030470	
14	0.055056	1	8	97.449579	75.262985	0.566250	0.134761	0.069082	0.048481	0.036958	
14	0.050525	1	16	95.577666	79.725143	0.730075	0.176948	0.090617	0.063603	0.048442	

14	0.053867	2	1	98.587639	80.878860	0.466859	0.109056	0.056256	0.038886	0.030637	
14	0.051407	2	2	97.742305	86.647438	0.539897	0.127890	0.066047	0.045297	0.035143	
14	0.051476	2	4	95.343243	91.550735	0.743395	0.182651	0.094093	0.063644	0.049527	
14	0.054823	2	8	92.058785	94.163551	1.025872	0.255893	0.131369	0.090708	0.070196	
14	0.054992	2	16	87.812729	95.673569	1.388949	0.344889	0.176510	0.122481	0.094236	

14	0.052615	3	1	96.770263	92.789276	0.621377	0.152244	0.079786	0.054966	0.043597	
14	0.055548	3	2	94.753148	95.486931	0.793205	0.191651	0.098616	0.069316	0.052821	
14	0.054313	3	4	91.217614	97.302338	1.093120	0.273299	0.138070	0.096787	0.073668	
14	0.051472	3	8	84.798589	98.439095	1.635743	0.404812	0.212705	0.146642	0.115540	
14	0.051424	3	16	76.016715	98.982018	2.377052	0.591544	0.310442	0.212400	0.163216	

14	0.053436	4	1	93.403728	97.472008	0.903701	0.223841	0.116217	0.081762	0.063691	
14	0.053097	4	2	89.850493	98.506958	1.203355	0.295248	0.152648	0.106370	0.082125	
14	0.052048	4	4	84.645148	99.015953	1.642249	0.409973	0.210325	0.144822	0.112102	
14	0.050978	4	8	75.108394	99.592804	2.446565	0.612459	0.316485	0.216592	0.168730	
14	0.055000	4	16	62.342784	99.728539	3.537823	0.897055	0.454294	0.315860	0.243354	

14	0.051940	5	1	87.751713	99.151680	1.382321	0.342998	0.175064	0.125109	0.096199	
14	0.053041	5	2	82.219326	99.524940	1.839975	0.461101	0.235304	0.162549	0.126196	
14	0.053822	5	4	75.511185	99.694603	2.402120	0.597659	0.309036	0.216516	0.164918	
14	0.051187	5	8	63.742526	99.830338	3.407477	0.850468	0.438037	0.306483	0.233297	
14	0.053186	5	16	48.832895	99.966064	4.657276	1.162363	0.600131	0.413515	0.320206	

15	4.322482	1	1	99.486203	55.429249	0.405601	0.096745	0.050263	0.034637	0.026431	
15	0.054041	1	1	99.486203	55.429249	0.415069	0.097287	0.050121	0.034090	0.026440	
15	0.056954	1	2	99.157860	63.301666	0.443747	0.106346	0.053238	0.037311	0.028434	
15	0.053003	1	4	98.524892	72.175095	0.499628	0.119332	0.061324	0.041553	0.032251	
15	0.060377	1	8	97.479422	77.112320	0.590309	0.140815	0.073794	0.050712	0.038637	
15	0.054316	1	16	95.598168	81.201218	0.755131	0.181503	0.095491	0.065816	0.050136	

15	0.052787	2	1	98.601564	82.015610	0.491987	0.117316	0.060426	0.041968	0.032438	
15	0.054284	2	2	97.763453	87.631485	0.564517	0.137006	0.069062	0.048408	0.036899	
15	0.057901	2	4	95.361631	91.890053	0.768825	0.187158	0.095569	0.067082	0.051101	
15	0.055929	2	8	92.111724	94.553780	1.044950	0.258297	0.132260	0.092002	0.070372	
15	0.054668	2	16	87.871036	96.029861	1.406605	0.347381	0.179185	0.123682	0.095592	

15	0.052423	3	1	96.790875	92.975906	0.644208	0.157651	0.082337	0.058151	0.045228	
15	0.055297	3	2	94.772561	95.792328	0.817184	0.202545	0.103668	0.071440	0.054455	
15	0.052215	3	4	91.227740	97.438072	1.113798	0.273104	0.143447	0.098125	0.076102	
15	0.054709	3	8	84.834359	98.489990	1.654397	0.411320	0.215748	0.148046	0.113542	
15	0.054543	3	16	76.034840	99.015953	2.393355	0.596713	0.307183	0.214417	0.164610	

15	0.054995	4	1	93.419365	97.641670	0.927124	0.230336	0.118813	0.082170	0.065526	
15	0.054905	4	2	89.854412	98.659653	1.226208	0.302873	0.158191	0.107141	0.083092	
15	0.055621	4	4	84.629359	99.151680	1.666781	0.414616	0.213121	0.147207	0.113890	
15	0.054434	4	8	75.130747	99.524940	2.461929	0.615903	0.317936	0.222159	0.171568	
15	0.054433	4	16	62.345396	99.745506	3.552072	0.886843	0.457109	0.316519	0.243849	

15	0.054863	5	1	87.739644	99.185608	1.399027	0.344341	0.177940	0.126838	0.095975	
15	0.053771	5	2	82.197546	99.592804	1.862389	0.474556	0.238443	0.164898	0.127494	
15	0.054522	5	4	75.453893	99.711571	2.432297	0.611858	0.319908	0.218872	0.166754	
15	0.054376	5	8	63.743334	99.881241	3.425950	0.852189	0.445614	0.308034	0.235567	
15	0.054842	5	16	48.823650	99.949104	4.664041	1.173866	0.601020	0.421783	0.321407	

16	4.312067	1	1	99.500548	55.683743	0.428881	0.104748	0.053003	0.036741	0.029062	
16	0.059796	1	1	99.500548	55.683743	0.434304	0.102538	0.053095	0.036558	0.030922	
16	0.051513	1	2	99.177079	64.285713	0.466365	0.110401	0.057045	0.039297	0.033797	
16	0.056255	1	4	98.555622	73.006447	0.515008	0.123176	0.063998	0.044022	0.037176	
16	0.051390	1	8	97.509783	77.790977	0.605890	0.148427	0.076120	0.053133	0.039908	
16	0.051565	1	16	95.628727	81.981674	0.772830	0.190143	0.097846	0.067072	0.051400	

16	0.050503	2	1	98.641432	82.456741	0.514586	0.122626	0.063005	0.043626	0.034328	
16	0.049787	2	2	97.809455	88.004753	0.582477	0.138271	0.072626	0.049961	0.038040	
16	0.050788	2	4	95.434292	92.110619	0.781891	0.189361	0.097385	0.067089	0.052088	
16	0.051913	2	8	92.177102	94.621643	1.058869	0.258361	0.133311	0.093775	0.071335	
16	0.049625	2	16	87.927465	96.182564	1.421106	0.357548	0.181375	0.124541	0.096581	

16	0.050477	3	1	96.865659	93.450966	0.659355	0.158683	0.083865	0.058383	0.046329	
16	0.050389	3	2	94.849131	96.148628	0.829923	0.200991	0.105488	0.073184	0.055434	
16	0.049511	3	4	91.342642	97.641670	1.125913	0.281549	0.142094	0.098032	0.076059	
16	0.052685	3	8	84.920197	98.693588	1.665826	0.420950	0.217229	0.150254	0.114485	
16	0.049998	3	16	76.088153	99.151680	2.407965	0.611955	0.313070	0.214072	0.165278	

16	0.049988	4	1	93.536704	97.760429	0.937536	0.233445	0.117840	0.084541	0.065887	
16	0.050413	4	2	89.959487	98.863251	1.237675	0.306874	0.157720	0.108376	0.084540	
16	0.050174	4	4	84.773186	99.236511	1.673184	0.415380	0.216146	0.150009	0.114346	
16	0.051534	4	8	75.208134	99.558868	2.474073	0.617921	0.324541	0.223358	0.170538	
16	0.051027	4	16	62.377141	99.762466	3.565162	0.891112	0.466582	0.321563	0.244708	

16	0.050338	5	1	87.877636	99.304375	1.406922	0.346593	0.182919	0.128073	0.096528	
16	0.049539	5	2	82.313670	99.677643	1.871601	0.467289	0.239993	0.165955	0.128092	
16	0.052226	5	4	75.599967	99.711571	2.434231	0.607763	0.312454	0.220457	0.167256	
16	0.049585	5	8	63.802278	99.881241	3.434500	0.859005	0.448804	0.303679	0.236159	
16	0.049132	5	16	48.843677	99.966064	4.683654	1.173279	0.603158	0.419720	0.323580	

17	4.317622	1	1	99.508491	57.159824	0.446650	0.107347	0.056140	0.038401	0.031897	
17	0.060141	1	1	99.508491	57.159824	0.451834	0.109035	0.055819	0.038660	0.032681	
17	0.062195	1	2	99.188022	66.118088	0.481397	0.114577	0.059301	0.040906	0.036252	
17	0.055904	1	4	98.576266	74.143196	0.533665	0.130044	0.065417	0.045844	0.034882	
17	0.051803	1	8	97.538750	79.148285	0.626033	0.152539	0.077056	0.054085	0.041229	
17	0.050645	1	16	95.667825	82.779099	0.795348	0.200500	0.100917	0.069635	0.052991	

17	0.051122	2	1	98.660997	83.593491	0.528215	0.125448	0.065325	0.044401	0.034885	
17	0.051089	2	2	97.840974	88.971832	0.599187	0.145193	0.073685	0.051573	0.039295	
17	0.052000	2	4	95.477045	92.823204	0.800933	0.198503	0.101394	0.068934	0.053298	
17	0.051449	2	8	92.234186	95.266373	1.074922	0.265840	0.138134	0.093607	0.072436	
17	0.051815	2	16	87.991933	96.470985	1.436164	0.359671	0.186037	0.125869	0.097935	

17	0.051946	3	1	96.893343	94.316254	0.682829	0.166528	0.086128	0.059938	0.047604	
17	0.051161	3	2	94.892816	96.437057	0.846145	0.205488	0.105631	0.074223	0.056553	
17	0.051078	3	4	91.388003	97.913132	1.143063	0.281775	0.147088	0.101307	0.077179	
17	0.052855	3	8	84.992032	98.812355	1.679231	0.424298	0.215708	0.148293	0.115500	
17	0.053589	3	16	76.151496	99.253479	2.422867	0.605740	0.310926	0.218244	0.166212	

17	0.050946	4	1	93.566520	98.031898	0.954216	0.232988	0.120047	0.084361	0.067140	
17	0.054248	4	2	90.007954	98.982018	1.254592	0.314813	0.160680	0.110077	0.087559	
17	0.051792	4	4	84.803186	99.287407	1.689889	0.419877	0.217686	0.150500	0.116893	
17	0.053549	4	8	75.275072	99.660667	2.486076	0.620636	0.321386	0.220949	0.171451	
17	0.049696	4	16	62.418939	99.779442	3.582880	0.901064	0.460411	0.316855	0.246100	

17	0.052545	5	1	87.904508	99.440109	1.424311	0.353280	0.184431	0.126961	0.097744	
17	0.050711	5	2	82.362234	99.745506	1.886880	0.477550	0.245882	0.166706	0.129668	
17	0.057865	5	4	75.601574	99.779442	2.454814	0.611754	0.318888	0.221086	0.168388	
17	0.056477	5	8	63.848095	99.898201	3.450076	0.862387	0.445805	0.310640	0.237338	
17	0.053601	5	16	48.857634	99.983040	4.705572	1.196181	0.608015	0.424499	0.326690	

18	4.325008	1	1	99.522767	58.584999	0.464816	0.112556	0.057027	0.039463	0.030547	
18	0.053848	1	1	99.522767	58.584999	0.474286	0.113440	0.057971	0.039769	0.030539	
18	0.052831	1	2	99.201674	68.221924	0.502018	0.120460	0.061832	0.041866	0.032542	
18	0.055276	1	4	98.599473	75.602303	0.554327	0.134852	0.068879	0.047485	0.036163	
18	0.055625	1	8	97.570661	80.624367	0.643145	0.153864	0.079387	0.055610	0.042367	
18	0.053715	1	16	95.714385	84.272141	0.806900	0.199485	0.102335	0.069435	0.054456	

18	0.052528	2	1	98.701691	84.696297	0.544616	0.129166	0.067525	0.045946	0.036062	
18	0.054903	2	2	97.887327	89.786224	0.623441	0.149630	0.077137	0.053043	0.040424	
18	0.057149	2	4	95.537784	93.366135	0.816559	0.201747	0.103479	0.071304	0.054326	
18	0.055101	2	8	92.305652	95.690529	1.088787	0.268910	0.139907	0.094807	0.073421	
18	0.052813	2	16	88.070696	96.963013	1.449749	0.361779	0.187767	0.127159	0.099750	

18	0.054869	3	1	96.966516	94.842216	0.690839	0.170251	0.088280	0.062123	0.048438	
18	0.054449	3	2	94.967554	97.064812	0.859844	0.210651	0.108043	0.074327	0.057542	
18	0.055083	3	4	91.474390	98.201561	1.154760	0.290302	0.148769	0.100962	0.078099	
18	0.054814	3	8	85.074741	98.982018	1.698771	0.420830	0.220724	0.151792	0.116808	
18	0.055041	3	16	76.238608	99.372246	2.432353	0.614639	0.319583	0.219899	0.180090	

18	0.055637	4	1	93.665807	98.286392	0.962153	0.238918	0.124109	0.087222	0.072326	
18	0.058289	4	2	90.094189	99.168648	1.267526	0.318003	0.163566	0.112721	0.085893	
18	0.053898	4	4	84.894055	99.406174	1.701563	0.423949	0.218307	0.149935	0.117053	
18	0.058618	4	8	75.357831	99.694603	2.501559	0.625326	0.322538	0.225772	0.172604	
18	0.053401	4	16	62.503489	99.847305	3.591711	0.895330	0.461961	0.323421	0.247049	

18	0.055898	5	1	88.031963	99.440109	1.436048	0.355872	0.185924	0.128289	0.098498	
18	0.055130	5	2	82.451225	99.745506	1.907591	0.472179	0.243423	0.168298	0.130006	
18	0.054867	5	4	75.682990	99.830338	2.464661	0.615832	0.323099	0.222157	0.170526	
18	0.056711	5	8	63.918920	99.915169	3.464460	0.879355	0.453429	0.312120	0.257210	
18	0.064534	5	16	48.925038	99.966064	4.738362	1.181100	0.608208	0.418642	0.324707	

19	4.327819	1	1	99.533645	59.891415	0.485206	0.118920	0.060783	0.041936	0.031966	
19	0.056175	1	1	99.533645	59.891415	0.494388	0.117473	0.060800	0.041939	0.031984	
19	0.055620	1	2	99.219531	69.172035	0.522716	0.125167	0.064528	0.043655	0.033897	
19	0.056483	1	4	98.626400	76.111298	0.572429	0.136710	0.070021	0.048383	0.037422	
19	0.056175	1	8	97.602060	81.303017	0.661179	0.161475	0.083021	0.056800	0.043603	
19	0.056220	1	16	95.754798	84.950798	0.832548	0.202827	0.104852	0.072330	0.061275	

19	0.056272	2	1	98.728867	85.900917	0.560264	0.136257	0.070049	0.048451	0.041440	
19	0.064230	2	2	97.919880	91.024765	0.631041	0.155409	0.079392	0.054941	0.045841	
19	0.057804	2	4	95.589865	93.942993	0.835392	0.202473	0.105048	0.072757	0.055675	
19	0.054305	2	8	92.373466	96.233459	1.108047	0.276014	0.141785	0.097682	0.074408	
19	0.055124	2	16	88.153885	97.234474	1.462244	0.361817	0.186394	0.128708	0.099469	

19	0.055566	3	1	97.008628	95.215477	0.708723	0.173707	0.089207	0.063664	0.049955	
19	0.056139	3	2	95.024172	97.217514	0.877329	0.218510	0.111568	0.076966	0.058675	
19	0.056993	3	4	91.550268	98.354256	1.168713	0.293016	0.150229	0.102088	0.078985	
19	0.055862	3	8	85.160247	99.083817	1.704026	0.423471	0.220859	0.153108	0.118568	
19	0.056065	3	16	76.338098	99.423141	2.452326	0.608891	0.313494	0.220304	0.167709	

19	0.055672	4	1	93.728550	98.523918	0.980953	0.240035	0.126120	0.086821	0.069024	
19	0.056411	4	2	90.169532	99.287407	1.280582	0.321424	0.164775	0.112093	0.087245	
19	0.057188	4	4	84.987569	99.440109	1.715599	0.434426	0.222503	0.151291	0.118239	
19	0.059027	4	8	75.440720	99.677643	2.512427	0.624281	0.323434	0.223898	0.173186	
19	0.056977	4	16	62.587057	99.847305	3.613791	0.899280	0.462683	0.320680	0.247130	

19	0.057392	5	1	88.111635	99.592804	1.449184	0.360334	0.187735	0.131274	0.100502	
19	0.056456	5	2	82.540460	99.813370	1.911770	0.477148	0.244696	0.168702	0.133029	
19	0.058162	5	4	75.780289	99.830338	2.474582	0.619291	0.323709	0.219748	0.170041	
19	0.054962	5	8	63.986365	99.966064	3.473013	0.864276	0.446033	0.310286	0.238237	
19	0.055678	5	16	48.988533	99.983040	4.722321	1.180504	0.607268	0.419624	0.325164	

20	4.306551	1	1	99.544072	61.112995	0.505515	0.121343	0.062130	0.043654	0.033322	
20	0.052317	1	1	99.544072	61.112995	0.513182	0.123108	0.062103	0.043663	0.033314	
20	0.052503	1	2	99.231319	70.257889	0.539960	0.130470	0.065784	0.045462	0.035223	
20	0.053552	1	4	98.640735	77.485580	0.591478	0.143587	0.073830	0.050929	0.038790	
20	0.051702	1	8	97.624505	82.626404	0.680409	0.163511	0.085575	0.058036	0.044931	
20	0.053297	1	16	95.775023	86.087547	0.843221	0.204071	0.105094	0.072629	0.056406	

20	0.051432	2	1	98.756269	86.579575	0.581927	0.139019	0.071204	0.049326	0.038563	
20	0.051030	2	2	97.952174	91.584663	0.652960	0.159378	0.081829	0.056426	0.042995	
20	0.051013	2	4	95.616745	94.689514	0.850064	0.211204	0.106667	0.073406	0.056812	
20	0.051925	2	8	92.414170	96.657616	1.122497	0.278250	0.144260	0.098104	0.075726	
20	0.050669	2	16	88.188755	97.624702	1.482959	0.374432	0.192077	0.130487	0.100802	

20	0.052942	3	1	97.057353	95.164574	0.737503	0.175481	0.091234	0.064887	0.050831	
20	0.051433	3	2	95.079373	97.472008	0.894449	0.218604	0.111954	0.078586	0.059850	
20	0.051651	3	4	91.587884	98.473022	1.189623	0.295447	0.153289	0.105619	0.081332	
20	0.053473	3	8	85.216195	99.168648	1.722883	0.435411	0.222371	0.154366	0.120289	
20	0.051846	3	16	76.375474	99.474045	2.463861	0.625326	0.322253	0.222181	0.169491	

20	0.052511	4	1	93.794477	98.693588	0.997947	0.249508	0.128868	0.088616	0.069957	
20	0.051510	4	2	90.240121	99.355278	1.296827	0.319421	0.167537	0.113384	0.089237	
20	0.052989	4	4	85.020071	99.558868	1.735591	0.437231	0.221474	0.154252	0.118534	
20	0.053318	4	8	75.493184	99.745506	2.529393	0.632256	0.331565	0.228411	0.174345	
20	0.051331	4	16	62.617606	99.864265	3.631384	0.903540	0.465442	0.325441	0.248499	

20	0.052570	5	1	88.181273	99.609772	1.462557	0.362577	0.186851	0.132629	0.100527	
20	0.051491	5	2	82.615544	99.830338	1.927888	0.479608	0.250777	0.171240	0.131977	
20	0.053148	5	4	75.797832	99.847305	2.495707	0.622783	0.326418	0.221341	0.171425	
20	0.053270	5	8	64.025417	99.949104	3.494062	0.886200	0.456351	0.314451	0.240441	
20	0.054383	5	16	49.011038	99.983040	4.742296	1.186095	0.612427	0.422463	0.328954	

21	4.327788	1	1	99.553090	62.012215	0.523673	0.128543	0.065059	0.045485	0.034690	
21	0.053308	1	1	99.553090	62.012215	0.532877	0.129325	0.064980	0.045498	0.034658	
21	0.052742	1	2	99.245032	71.055313	0.560718	0.134638	0.068319	0.047998	0.036536	
21	0.054729	1	4	98.661232	78.639290	0.609897	0.147097	0.074992	0.052591	0.040050	
21	0.052915	1	8	97.652036	83.729210	0.698105	0.167567	0.086236	0.060597	0.046143	
21	0.054654	1	16	95.814813	86.901932	0.859292	0.214424	0.109003	0.075356	0.057414	

21	0.054512	2	1	98.787765	87.427887	0.599088	0.146248	0.074745	0.050673	0.039684	
21	0.055060	2	2	97.988369	92.161522	0.669913	0.161824	0.084030	0.057128	0.044168	
21	0.054572	2	4	95.660135	95.130638	0.866671	0.211950	0.110221	0.075996	0.057875	
21	0.056102	2	8	92.468282	96.844254	1.137228	0.278815	0.146248	0.099281	0.076740	
21	0.056307	2	16	88.255231	97.811333	1.496326	0.372359	0.191180	0.132581	0.102498	

21	0.055875	3	1	97.110020	95.537834	0.741272	0.179317	0.094539	0.066483	0.051844	
21	0.055891	3	2	95.132386	97.624702	0.908712	0.222059	0.113743	0.078716	0.060862	
21	0.054911	3	4	91.643966	98.489990	1.202949	0.295033	0.154971	0.106783	0.081375	
21	0.053311	3	8	85.277410	99.219543	1.744325	0.433243	0.222933	0.155922	0.119290	
21	0.054921	3	16	76.444074	99.491005	2.477353	0.617504	0.322803	0.219657	0.171395	

21	0.054871	4	1	93.867124	98.710556	1.010681	0.248047	0.127486	0.089520	0.070882	
21	0.056251	4	2	90.297066	99.236511	1.310978	0.324498	0.169590	0.115137	0.089051	
21	0.054938	4	4	85.086367	99.524940	1.754867	0.437633	0.223747	0.154807	0.119412	
21	0.054773	4	8	75.550628	99.813370	2.543519	0.636722	0.328064	0.226347	0.175288	
21	0.054438	4	16	62.672955	99.915169	3.642940	0.907287	0.466497	0.325826	0.249428	

21	0.054160	5	1	88.265514	99.677643	1.477929	0.368061	0.188783	0.132606	0.101962	
21	0.055917	5	2	82.667519	99.830338	1.943699	0.484558	0.249909	0.171506	0.132956	
21	0.053045	5	4	75.854680	99.830338	2.508754	0.626421	0.322003	0.226261	0.172347	
21	0.056019	5	8	64.070823	99.949104	3.510686	0.873073	0.455090	0.311748	0.240619	
21	0.053984	5	16	49.053827	99.983040	4.756937	1.188802	0.612195	0.429705	0.327236	

22	4.337133	1	1	99.554230	63.182896	0.534637	0.129163	0.066314	0.045812	0.035513	
22	0.054626	1	1	99.554230	63.182896	0.544010	0.129917	0.067638	0.045941	0.035509	
22	0.055947	1	2	99.250164	72.378693	0.572111	0.136188	0.069935	0.049017	0.037365	
22	0.055668	1	4	98.667712	79.826942	0.621560	0.151882	0.077843	0.052813	0.040851	
22	0.056734	1	8	97.667534	84.645401	0.708194	0.174428	0.089287	0.060600	0.046902	
22	0.056042	1	16	95.837073	87.869019	0.869173	0.215514	0.108718	0.076292	0.058089	

22	0.056502	2	1	98.794679	88.055649	0.607334	0.147870	0.076496	0.052764	0.044316	
22	0.061208	2	2	98.006775	92.585686	0.687591	0.166173	0.085868	0.059184	0.049814	
22	0.063221	2	4	95.685765	95.317276	0.882580	0.214714	0.111462	0.075586	0.058959	
22	0.056933	2	8	92.501125	97.030876	1.146768	0.281485	0.146516	0.101608	0.079422	
22	0.055562	2	16	88.302563	98.082802	1.514969	0.373601	0.194861	0.132632	0.102319	

22	0.056172	3	1	97.119228	96.369186	0.752044	0.183688	0.096071	0.066392	0.052626	
22	0.056046	3	2	95.156797	98.065826	0.927112	0.224133	0.117400	0.080876	0.061550	
22	0.055901	3	4	91.667284	98.778419	1.211958	0.303452	0.156209	0.107633	0.081996	
22	0.055694	3	8	85.308449	99.406174	1.745126	0.433152	0.227669	0.154455	0.119729	
22	0.057242	3	16	76.495319	99.626740	2.482782	0.629339	0.323650	0.223641	0.171974	

22	0.056345	4	1	93.865527	99.032913	1.023366	0.256505	0.131529	0.092467	0.071722	
22	0.055549	4	2	90.317827	99.406174	1.320573	0.325893	0.170746	0.115618	0.089653	
22	0.055789	4	4	85.108784	99.609772	1.756212	0.437697	0.224272	0.154999	0.120031	
22	0.054981	4	8	75.583430	99.864265	2.548593	0.637303	0.328774	0.226026	0.175703	
22	0.057562	4	16	62.725631	99.949104	3.639904	0.910455	0.475566	0.322395	0.249667	

22	0.055525	5	1	88.248197	99.779442	1.488562	0.368275	0.192818	0.133776	0.102416	
22	0.057247	5	2	82.684273	99.864265	1.955083	0.488298	0.250843	0.175579	0.134687	
22	0.056485	5	4	75.867119	99.915169	2.527686	0.627343	0.323276	0.222868	0.173901	
22	0.057496	5	8	64.102624	99.949104	3.515092	0.878025	0.451613	0.311526	0.240846	
22	0.057796	5	16	49.100850	99.983040	4.758261	1.192142	0.612509	0.423755	0.327680	

23	4.336938	1	1	99.556344	64.625046	0.559973	0.138171	0.070853	0.048867	0.037280	
23	0.056160	1	1	99.556344	64.625046	0.570756	0.137871	0.070070	0.048170	0.037303	
23	0.058655	1	2	99.253284	73.786903	0.598980	0.143089	0.073071	0.050993	0.039149	
23	0.057715	1	4	98.674903	80.658302	0.646969	0.156008	0.081088	0.055962	0.042984	
23	0.056584	1	8	97.678349	85.239227	0.733613	0.181721	0.093214	0.063865	0.048668	
23	0.056892	1	16	95.854026	88.242279	0.894107	0.217987	0.114002	0.077063	0.059838	

23	0.061059	2	1	98.801879	88.937904	0.636544	0.153626	0.079628	0.054562	0.042159	
23	0.059118	2	2	98.013721	93.196472	0.704713	0.173786	0.091870	0.061214	0.046643	
23	0.056866	2	4	95.703936	95.588730	0.899681	0.218862	0.115099	0.077931	0.060251	
23	0.056748	2	8	92.522453	97.234474	1.169628	0.287718	0.150533	0.102404	0.079015	
23	0.056774	2	16	88.337299	98.354256	1.526403	0.376093	0.194548	0.134314	0.103819	

23	0.059273	3	1	97.133448	96.420082	0.775984	0.189526	0.099009	0.068655	0.054222	
23	0.057346	3	2	95.167293	98.082802	0.950617	0.230736	0.120428	0.083073	0.063242	
23	0.057947	3	4	91.696324	98.880219	1.236305	0.309647	0.159275	0.109789	0.083662	
23	0.057427	3	8	85.339169	99.406174	1.768338	0.437615	0.230249	0.158646	0.121308	
23	0.056733	3	16	76.529824	99.609772	2.504951	0.623436	0.323108	0.225875	0.171984	

23	0.057428	4	1	93.881192	99.151680	1.047839	0.264373	0.132192	0.094585	0.073347	
23	0.058375	4	2	90.328114	99.507973	1.345780	0.332815	0.173186	0.117908	0.091429	
23	0.060809	4	4	85.141808	99.660667	1.788924	0.442341	0.229209	0.159343	0.126329	
23	0.058345	4	8	75.618706	99.864265	2.575753	0.650573	0.331826	0.232776	0.177910	
23	0.057160	4	16	62.758198	99.949104	3.663071	0.912610	0.475085	0.325881	0.251315	

23	0.056319	5	1	88.271450	99.779442	1.510189	0.373890	0.192234	0.135654	0.103843	
23	0.056652	5	2	82.690462	99.915169	1.975624	0.491944	0.253816	0.183908	0.312519	
23	0.056735	5	4	75.892883	99.932137	2.539611	0.635098	0.326547	0.227179	0.174579	
23	0.056503	5	8	64.123463	99.949104	3.537231	0.885313	0.461922	0.318545	0.242376	
23	0.059486	5	16	49.124259	99.983040	4.787140	1.197578	0.619144	0.432159	0.329180	

24	4.331767	1	1	99.561980	65.558197	0.573150	0.141319	0.072651	0.050044	0.038166	
24	0.054289	1	1	99.561980	65.558197	0.583924	0.141068	0.071198	0.049228	0.038211	
24	0.054448	1	2	99.253570	74.872749	0.610437	0.146505	0.076452	0.051665	0.040073	
24	0.053071	1	4	98.680876	81.591454	0.659591	0.164369	0.082802	0.056379	0.043512	
24	0.056776	1	8	97.689421	86.087547	0.746629	0.179969	0.092863	0.064992	0.049477	
24	0.055377	1	16	95.874099	88.870033	0.904637	0.226261	0.116815	0.079495	0.060537	

24	0.051639	2	1	98.817022	89.616562	0.647538	0.155768	0.079461	0.055912	0.042873	
24	0.055010	2	2	98.014003	93.841194	0.716385	0.176868	0.090329	0.061826	0.047465	
24	0.054614	2	4	95.716412	96.165588	0.909883	0.226014	0.116058	0.078530	0.060936	
24	0.055139	2	8	92.537689	97.421104	1.179521	0.290734	0.149250	0.104079	0.079682	
24	0.054457	2	16	88.358262	98.371223	1.533517	0.387104	0.198208	0.137034	0.107179	

24	0.054929	3	1	97.158676	96.878181	0.785791	0.190515	0.100192	0.070622	0.054835	
24	0.056861	3	2	95.146911	98.473022	0.955322	0.239408	0.122072	0.084515	0.064262	
24	0.052578	3	4	91.693906	99.049881	1.245289	0.305799	0.158883	0.110810	0.084472	
24	0.056637	3	8	85.340863	99.372246	1.777758	0.446928	0.231207	0.158951	0.121883	
24	0.059177	3	16	76.534481	99.575844	2.512353	0.630357	0.328173	0.224621	0.172912	

24	0.053413	4	1	93.917936	99.321342	1.054962	0.259978	0.132785	0.094669	0.073799	
24	0.054852	4	2	90.280635	99.575844	1.357942	0.335731	0.172798	0.119219	0.092261	
24	0.054892	4	4	85.125160	99.762466	1.786075	0.443441	0.228775	0.160375	0.123025	
24	0.055078	4	8	75.603826	99.898201	2.579062	0.643849	0.333371	0.228781	0.177838	
24	0.054321	4	16	62.753522	99.966064	3.665018	0.921461	0.473488	0.325423	0.252660	

24	0.054738	5	1	88.323175	99.847305	1.517367	0.376946	0.196609	0.135720	0.104304	
24	0.054889	5	2	82.634546	99.949104	1.990260	0.496469	0.259621	0.176328	0.136224	
24	0.055050	5	4	75.871481	99.949104	2.550958	0.638541	0.328340	0.228352	0.175895	
24	0.054677	5	8	64.103510	99.966064	3.542839	0.881420	0.458681	0.314024	0.244099	
24	0.055828	5	16	49.127259	100.000000	4.784545	1.196630	0.623098	0.431473	0.329845	

25	4.335063	1	1	99.567837	66.491348	0.593318	0.145896	0.073929	0.051040	0.039608	
25	0.055907	1	1	99.567837	66.491348	0.603748	0.145589	0.075390	0.051937	0.039619	
25	0.056228	1	2	99.262783	75.330849	0.631473	0.150733	0.078946	0.053487	0.041442	
25	0.055636	1	4	98.694371	81.981674	0.680014	0.168868	0.084227	0.058956	0.044847	
25	0.056371	1	8	97.702515	86.206314	0.765891	0.186644	0.094951	0.066836	0.050827	
25	0.056077	1	16	95.889339	88.971832	0.924755	0.229979	0.115662	0.081247	0.061873	

25	0.055883	2	1	98.835055	89.718361	0.666915	0.163303	0.083771	0.057764	0.044279	
25	0.055834	2	2	98.034380	93.993889	0.738013	0.181710	0.091776	0.063132	0.048848	
25	0.055634	2	4	95.741654	96.352226	0.930059	0.227243	0.116961	0.081829	0.062372	
25	0.056022	2	8	92.563309	97.743469	1.199686	0.294874	0.154443	0.104604	0.081066	
25	0.056364	2	16	88.383093	98.422119	1.554774	0.386760	0.201542	0.139049	0.105822	

25	0.055634	3	1	97.184740	96.979980	0.806694	0.195286	0.102806	0.072219	0.056201	
25	0.057810	3	2	95.182214	98.608757	0.976242	0.242973	0.124835	0.084774	0.065543	
25	0.054869	3	4	91.733538	99.151680	1.266003	0.312872	0.160840	0.112284	0.086990	
25	0.055182	3	8	85.376319	99.507973	1.796611	0.447100	0.234688	0.159121	0.123056	
25	0.055621	3	16	76.558962	99.677643	2.536352	0.634095	0.327837	0.228599	0.174877	

25	0.056448	4	1	93.959627	99.457077	1.073951	0.263763	0.138092	0.095194	0.075167	
25	0.056840	4	2	90.337927	99.660667	1.385543	0.347266	0.178548	0.122857	0.093618	
25	0.055688	4	4	85.174255	99.813370	1.807962	0.447994	0.236078	0.162221	0.124077	
25	0.056358	4	8	75.643690	99.915169	2.604697	0.650372	0.341138	0.231254	0.180201	
25	0.056097	4	16	62.771375	99.966064	3.692739	0.933811	0.474331	0.332713	0.253631	

25	0.063532	5	1	88.376452	99.796402	1.536947	0.383306	0.199592	0.137792	0.105752	
25	0.055604	5	2	82.699310	99.932137	2.010056	0.501213	0.260452	0.178257	0.137775	
25	0.057387	5	4	75.924803	99.932137	2.572842	0.645269	0.331105	0.228398	0.176840	
25	0.055793	5	8	64.142114	99.949104	3.567533	0.889517	0.458477	0.320625	0.244755	
25	0.056341	5	16	49.142984	99.983040	4.819189	1.206176	0.624716	0.427546	0.331776	

26	4.351892	1	1	99.574391	67.678993	0.599789	0.146586	0.076506	0.051954	0.040210	
26	0.058621	1	1	99.574391	67.678993	0.612655	0.149879	0.074989	0.052708	0.040187	
26	0.056771	1	2	99.270841	76.535454	0.639366	0.154150	0.080343	0.054632	0.042180	
26	0.057332	1	4	98.705818	83.152359	0.693181	0.168197	0.086568	0.058583	0.045471	
26	0.057579	1	8	97.718184	87.054634	0.774681	0.189090	0.097947	0.066244	0.051399	
26	0.056856	1	16	95.911128	89.650497	0.931095	0.228445	0.117029	0.081923	0.062417	

26	0.057305	2	1	98.854712	90.210381	0.679893	0.167025	0.086275	0.057970	0.044693	
26	0.056726	2	2	98.056719	94.451988	0.743513	0.180157	0.093889	0.063948	0.049980	
26	0.056972	2	4	95.766835	96.708519	0.945730	0.228458	0.117659	0.081169	0.062810	
26	0.058434	2	8	92.600182	97.794365	1.204897	0.296197	0.152295	0.107092	0.081469	
26	0.058088	2	16	88.420732	98.439095	1.561892	0.386529	0.199655	0.140041	0.106253	

26	0.056868	3	1	97.227114	97.200546	0.810866	0.197321	0.103428	0.071675	0.056588	
26	0.057827	3	2	95.226177	98.829315	0.980174	0.242823	0.123169	0.086927	0.066049	
26	0.061262	3	4	91.770370	99.372246	1.272305	0.316131	0.161622	0.111228	0.086888	
26	0.057831	3	8	85.421883	99.609772	1.801878	0.448764	0.232168	0.161931	0.123769	
26	0.057529	3	16	76.599698	99.711571	2.539787	0.635146	0.328704	0.230155	0.188400	

26	0.066438	4	1	94.023200	99.406174	1.074308	0.269688	0.138888	0.097706	0.080899	
26	0.068267	4	2	90.390372	99.711571	1.474361	0.341502	0.175682	0.121413	0.093938	
26	0.055601	4	4	85.209424	99.796402	1.827497	0.451080	0.236107	0.162695	0.123981	
26	0.056257	4	8	75.687606	99.915169	2.606609	0.653592	0.336432	0.232421	0.181127	
26	0.056820	4	16	62.808700	99.966064	3.700718	0.922256	0.474643	0.328735	0.253722	

26	0.057479	5	1	88.463097	99.745506	1.538321	0.386781	0.199615	0.139516	0.107008	
26	0.058230	5	2	82.753172	99.949104	2.013505	0.506019	0.262775	0.181072	0.139027	
26	0.057341	5	4	75.952980	99.932137	2.576859	0.643815	0.332062	0.232561	0.177089	
26	0.056750	5	8	64.183104	99.966064	3.571796	0.889541	0.466674	0.315889	0.244846	
26	0.056505	5	16	49.179525	99.983040	4.817433	1.203903	0.620272	0.435215	0.331422	

27	4.321498	1	1	99.579145	68.204948	0.628109	0.152441	0.078876	0.054035	0.041941	
27	0.058422	1	1	99.579145	68.204948	0.637436	0.153180	0.078268	0.054027	0.041949	
27	0.060161	1	2	99.278245	77.366814	0.663787	0.164165	0.083417	0.057467	0.043801	
27	0.058858	1	4	98.715547	83.932808	0.712696	0.175553	0.089756	0.061903	0.047166	
27	0.058432	1	8	97.735179	87.614525	0.796990	0.197770	0.101019	0.069724	0.053760	
27	0.061327	1	16	95.928432	90.261284	0.956114	0.234229	0.122058	0.084125	0.065749	

27	0.063585	2	1	98.867391	90.821175	0.698441	0.167729	0.086672	0.060041	0.046526	
27	0.058866	2	2	98.073385	94.842216	0.768833	0.187148	0.095248	0.065822	0.051032	
27	0.060659	2	4	95.786636	96.946045	0.961030	0.233971	0.120644	0.084734	0.064548	
27	0.057890	2	8	92.629343	97.913132	1.227859	0.304292	0.156388	0.109077	0.083103	
27	0.063991	2	16	88.441622	98.540894	1.585057	0.392711	0.205435	0.141647	0.107820	

27	0.059895	3	1	97.253288	97.285370	0.834259	0.203384	0.106551	0.074994	0.058105	
27	0.060334	3	2	95.257954	98.880219	1.002941	0.246830	0.126333	0.088516	0.067436	
27	0.058351	3	4	91.797869	99.406174	1.293726	0.319546	0.163851	0.115101	0.087663	
27	0.058230	3	8	85.454999	99.626740	1.823034	0.453951	0.233916	0.163811	0.124888	
27	0.060718	3	16	76.616110	99.779442	2.562637	0.638924	0.329836	0.230915	0.177956	

27	0.058611	4	1	94.066050	99.423141	1.099350	0.269714	0.139153	0.098359	0.076882	
27	0.058322	4	2	90.439158	99.813370	1.402751	0.353260	0.178772	0.125158	0.095842	
27	0.058100	4	4	85.238608	99.847305	1.836389	0.458029	0.234806	0.164772	0.125595	
27	0.060905	4	8	75.713277	99.932137	2.628542	0.657409	0.342130	0.237426	0.181329	
27	0.058689	4	16	62.815425	99.983040	3.721802	0.929887	0.478321	0.329325	0.255819	

27	0.060331	5	1	88.516877	99.796402	1.556953	0.385906	0.198293	0.139267	0.107076	
27	0.062314	5	2	82.816233	99.949104	2.031421	0.505111	0.260627	0.180091	0.139195	
27	0.057018	5	4	75.972988	99.915169	2.597458	0.648334	0.339977	0.230449	0.178605	
27	0.060298	5	8	64.195099	99.949104	3.591812	0.904593	0.470490	0.323782	0.263718	
27	0.060576	5	16	49.179714	99.983040	4.841076	1.212455	0.631197	0.431164	0.333042	

28	4.327540	1	1	99.580437	68.951477	0.628146	0.155981	0.078692	0.055286	0.042007	
28	0.054742	1	1	99.580437	68.951477	0.637174	0.156334	0.080913	0.054230	0.041959	
28	0.058239	1	2	99.282154	77.553444	0.664748	0.159853	0.083380	0.056517	0.043828	
28	0.056033	1	4	98.724035	84.153381	0.712767	0.175038	0.089960	0.061955	0.047198	
28	0.056239	1	8	97.750977	87.648460	0.796019	0.194735	0.101122	0.068434	0.053078	
28	0.055966	1	16	95.949067	90.295212	0.954551	0.234280	0.119585	0.082794	0.064055	

28	0.056660	2	1	98.876709	91.177467	0.699920	0.169583	0.086436	0.059918	0.046518	
28	0.055844	2	2	98.085487	95.215477	0.768842	0.189533	0.095838	0.066746	0.053382	
28	0.055701	2	4	95.803288	96.946045	0.961712	0.237069	0.123121	0.083534	0.064555	
28	0.057271	2	8	92.657672	98.031898	1.228952	0.308463	0.158370	0.111235	0.083187	
28	0.055900	2	16	88.475873	98.574821	1.585342	0.392763	0.202233	0.139878	0.108083	

28	0.057172	3	1	97.270361	97.726501	0.834948	0.202802	0.105411	0.075021	0.065870	
28	0.057167	3	2	95.274777	99.015953	1.004598	0.254261	0.130010	0.087458	0.067586	
28	0.058015	3	4	91.822340	99.372246	1.296101	0.324048	0.164565	0.113603	0.087952	
28	0.055267	3	8	85.494419	99.575844	1.826510	0.458102	0.238313	0.164098	0.126326	
28	0.060206	3	16	76.652618	99.711571	2.567197	0.642540	0.331821	0.228190	0.176372	

28	0.057289	4	1	94.083395	99.474045	1.101556	0.274508	0.141652	0.099324	0.077103	
28	0.055610	4	2	90.457361	99.796402	1.406105	0.353565	0.181919	0.125417	0.097316	
28	0.056688	4	4	85.260180	99.864265	1.841308	0.466332	0.235335	0.165121	0.126663	
28	0.055554	4	8	75.756925	99.932137	2.633970	0.658668	0.342008	0.235763	0.185688	
28	0.055514	4	16	62.849173	99.949104	3.728569	0.933167	0.481433	0.332638	0.258572	

28	0.053777	5	1	88.537162	99.796402	1.560116	0.393240	0.198601	0.141281	0.107282	
28	0.055404	5	2	82.842421	99.983040	2.035258	0.506006	0.262920	0.179988	0.140446	
28	0.056227	5	4	75.995706	99.949104	2.604352	0.656306	0.338143	0.232019	0.179566	
28	0.058606	5	8	64.235346	99.983040	3.601931	0.898846	0.464893	0.324231	0.247430	
28	0.057271	5	16	49.206696	100.000000	4.846999	1.212163	0.630111	0.431064	0.334732	

29	4.320766	1	1	99.586183	69.918564	0.676568	0.167359	0.085898	0.059249	0.045165	
29	0.057424	1	1	99.586183	69.918564	0.684992	0.165215	0.085794	0.058759	0.046607	
29	0.057780	1	2	99.290494	78.656265	0.707827	0.175638	0.093336	0.061421	0.047011	
29	0.057945	1	4	98.731383	84.967766	0.755741	0.185125	0.094481	0.064800	0.050334	
29	0.057729	1	8	97.761279	88.259247	0.836213	0.204957	0.105390	0.072711	0.056107	
29	0.056783	1	16	95.958441	90.702408	0.992832	0.247635	0.126440	0.087496	0.066680	

29	0.058104	2	1	98.888428	91.669495	0.737245	0.182340	0.095764	0.062858	0.048948	
29	0.056783	2	2	98.102933	95.843231	0.801355	0.198756	0.099771	0.068899	0.053329	
29	0.056832	2	4	95.823296	97.353241	0.990793	0.242743	0.127118	0.086410	0.066774	
29	0.061434	2	8	92.683173	98.167625	1.258128	0.309552	0.159952	0.111799	0.085124	
29	0.058035	2	16	88.488930	98.727516	1.611292	0.407650	0.209322	0.141891	0.109972	

29	0.058245	3	1	97.291130	97.845268	0.865763	0.212270	0.110784	0.076355	0.060191	
29	0.056664	3	2	95.301201	99.100784	1.030089	0.257203	0.132146	0.089442	0.069414	
29	0.058303	3	4	91.849183	99.389206	1.319917	0.326932	0.168590	0.115810	0.089471	
29	0.057833	3	8	85.528726	99.609772	1.847932	0.468062	0.239362	0.163448	0.127391	
29	0.057524	3	16	76.670799	99.779442	2.586411	0.647325	0.334407	0.231341	0.178003	

29	0.057111	4	1	94.096664	99.440109	1.123856	0.279013	0.142268	0.099781	0.078760	
29	0.057202	4	2	90.474014	99.745506	1.427245	0.353766	0.184588	0.127495	0.097630	
29	0.057444	4	4	85.276972	99.847305	1.861357	0.465296	0.242367	0.166563	0.128325	
29	0.056962	4	8	75.783441	99.932137	2.651259	0.661422	0.346965	0.235890	0.182683	
29	0.056773	4	16	62.859018	99.949104	3.744210	0.933257	0.481873	0.332320	0.256986	

29	0.056427	5	1	88.538440	99.898201	1.583695	0.400623	0.202328	0.143679	0.108865	
29	0.057538	5	2	82.852880	99.983040	2.074816	0.511077	0.263721	0.184890	0.140989	
29	0.057650	5	4	76.000944	99.949104	2.625513	0.656897	0.343659	0.233881	0.182587	
29	0.057203	5	8	64.252137	99.983040	3.618667	0.906156	0.465804	0.322272	0.247957	
29	0.062130	5	16	49.211459	100.000000	4.861844	1.213440	0.630176	0.439482	0.335271	

30	4.323371	1	1	99.590323	70.936546	0.680824	0.164811	0.084301	0.058171	0.044313	
30	0.058811	1	1	99.590323	70.936546	0.670762	0.160515	0.084335	0.057091	0.044297	
30	0.058315	1	2	99.296914	79.640312	0.695357	0.171502	0.087776	0.060824	0.046519	
30	0.061529	1	4	98.738223	85.408890	0.746506	0.183552	0.094344	0.064543	0.049567	
30	0.059496	1	8	97.769213	88.870033	0.829166	0.204642	0.105242	0.072664	0.055308	
30	0.058179	1	16	95.970363	91.160500	0.990497	0.244794	0.126568	0.087162	0.075453	

30	0.060379	2	1	98.896574	92.144554	0.727310	0.180307	0.093538	0.063697	0.053248	
30	0.069324	2	2	98.115584	95.945030	0.797307	0.197242	0.101431	0.070153	0.059508	
30	0.067727	2	4	95.836247	97.421104	0.991879	0.246669	0.128128	0.088064	0.066959	
30	0.061062	2	8	92.702668	98.218521	1.258213	0.316198	0.159628	0.112284	0.085392	
30	0.058652	2	16	88.511860	98.795387	1.614099	0.407056	0.220154	0.202900	0.110793	

30	0.058196	3	1	97.307566	97.896164	0.880408	0.209738	0.110795	0.077508	0.060197	
30	0.060928	3	2	95.327555	99.168648	1.050780	0.258855	0.130373	0.091296	0.069611	
30	0.058298	3	4	91.867267	99.440109	1.323482	0.326450	0.168390	0.117919	0.090077	
30	0.060341	3	8	85.559248	99.694603	1.851006	0.461135	0.239088	0.164302	0.126767	
30	0.063156	3	16	76.698155	99.830338	2.601114	0.645204	0.334634	0.233725	0.177914	

30	0.062957	4	1	94.117471	99.474045	1.130912	0.284008	0.145501	0.101988	0.078986	
30	0.059583	4	2	90.503991	99.830338	1.432010	0.356130	0.183952	0.128028	0.097662	
30	0.058641	4	4	85.293001	99.915169	1.885648	0.466041	0.239522	0.168316	0.127771	
30	0.059719	4	8	75.813728	99.966064	2.657048	0.667208	0.342492	0.239807	0.183672	
30	0.060207	4	16	62.877106	99.983040	3.751967	0.937602	0.483671	0.332776	0.258284	

30	0.062291	5	1	88.562205	99.898201	1.589657	0.393822	0.206669	0.142407	0.109339	
30	0.059582	5	2	82.888917	99.983040	2.061105	0.515427	0.265426	0.181972	0.141238	
30	0.057990	5	4	76.013120	99.966064	2.630508	0.658147	0.342645	0.233293	0.180888	
30	0.061358	5	8	64.280794	99.983040	3.622872	0.909723	0.465091	0.321228	0.249284	
30	0.058715	5	16	49.221899	100.000000	4.869551	1.218502	0.626840	0.439422	0.339621	

31	4.323673	1	1	99.593863	71.360710	0.692998	0.169077	0.088399	0.059839	0.046514	
31	0.061207	1	1	99.593863	71.360710	0.701922	0.172649	0.086803	0.059921	0.046416	
31	0.061657	1	2	99.304031	80.183235	0.728265	0.177575	0.090347	0.062436	0.048209	
31	0.061995	1	4	98.747468	85.934845	0.776716	0.188448	0.098276	0.067417	0.051898	
31	0.062679	1	8	97.780364	89.192398	0.859458	0.210364	0.109312	0.074260	0.057348	
31	0.061678	1	16	95.975800	91.448936	1.016345	0.250619	0.130123	0.089630	0.068236	

31	0.062455	2	1	98.901665	92.653549	0.760934	0.186473	0.096241	0.066480	0.050558	
31	0.063457	2	2	98.129754	96.182564	0.827621	0.205049	0.105039	0.071376	0.056374	
31	0.063343	2	4	95.851312	97.828300	1.032644	0.255260	0.128575	0.089965	0.068610	
31	0.059870	2	8	92.722035	98.320320	1.283927	0.315529	0.165180	0.112132	0.086958	
31	0.061715	2	16	88.518903	98.931114	1.640076	0.406780	0.212751	0.146680	0.111725	

31	0.061832	3	1	97.314046	98.048866	0.893617	0.221036	0.114210	0.079932	0.062008	
31	0.062591	3	2	95.343141	99.202576	1.058792	0.259863	0.135943	0.092543	0.071341	
31	0.063010	3	4	91.880356	99.507973	1.348999	0.339987	0.174349	0.118683	0.091554	
31	0.060549	3	8	85.574876	99.677643	1.875420	0.468044	0.240675	0.165626	0.129262	
31	0.061543	3	16	76.683030	99.847305	2.615930	0.654765	0.342749	0.232987	0.179692	

31	0.063079	4	1	94.115251	99.541908	1.158389	0.290519	0.149265	0.103873	0.080898	
31	0.062197	4	2	90.512654	99.847305	1.458946	0.363413	0.185750	0.130379	0.099327	
31	0.060100	4	4	85.297976	99.915169	1.893652	0.472154	0.243323	0.170588	0.132537	
31	0.060835	4	8	75.827357	99.983040	2.678741	0.669774	0.350831	0.241993	0.185564	
31	0.060463	4	16	62.851522	100.000000	3.775210	0.942170	0.486973	0.334803	0.259783	

31	0.061282	5	1	88.548714	99.881241	1.617602	0.402373	0.206286	0.144375	0.113607	
31	0.062808	5	2	82.894359	99.983040	2.087336	0.520771	0.270824	0.187755	0.143501	
31	0.060376	5	4	76.009667	99.966064	2.656603	0.661033	0.342170	0.236138	0.182666	
31	0.060778	5	8	64.294751	99.983040	3.644862	0.911636	0.476826	0.328132	0.249934	
31	0.061696	5	16	49.205094	100.000000	4.891666	1.229637	0.636298	0.435286	0.337578	

32	4.332257	1	1	99.596771	72.005424	0.685672	0.171297	0.087609	0.059303	0.046069	
32	0.059398	1	1	99.596771	72.005424	0.694093	0.167877	0.086011	0.060276	0.046765	
32	0.058125	1	2	99.308291	80.844925	0.720272	0.179904	0.089227	0.062696	0.047709	
32	0.056914	1	4	98.752037	86.443840	0.769042	0.189024	0.097250	0.065974	0.051089	
32	0.057428	1	8	97.788972	89.463860	0.851278	0.206292	0.106529	0.074632	0.056819	
32	0.057361	1	16	95.994036	91.890053	1.009350	0.246445	0.129033	0.089006	0.067729	

32	0.058788	2	1	98.907896	92.687485	0.754708	0.186312	0.093621	0.065776	0.050204	
32	0.056968	2	2	98.140771	96.250427	0.820677	0.202745	0.102621	0.071862	0.054734	
32	0.058848	2	4	95.866746	97.879204	1.013268	0.249516	0.129923	0.088014	0.068199	
32	0.057593	2	8	92.740515	98.422119	1.276462	0.315796	0.161700	0.112006	0.086500	
32	0.056908	2	16	88.549425	99.032913	1.632304	0.403917	0.210030	0.146184	0.113075	

32	0.056963	3	1	97.322769	98.405159	0.888588	0.220016	0.111405	0.078221	0.061686	
32	0.057648	3	2	95.360472	99.321342	1.053548	0.259265	0.132593	0.093135	0.070938	
32	0.057703	3	4	91.897609	99.575844	1.343162	0.334416	0.172959	0.119658	0.091186	
32	0.057971	3	8	85.592438	99.728539	1.870831	0.463568	0.239809	0.168048	0.128101	
32	0.057237	3	16	76.721089	99.898201	2.609495	0.654555	0.336323	0.235120	0.180683	

32	0.058094	4	1	94.125220	99.677643	1.154455	0.290137	0.148558	0.103918	0.080633	
32	0.057299	4	2	90.530857	99.864265	1.453271	0.369408	0.184745	0.127476	0.098874	
32	0.057397	4	4	85.312921	99.915169	1.886369	0.471391	0.242083	0.169348	0.129203	
32	0.057091	4	8	75.840636	99.983040	2.674952	0.669726	0.350682	0.241340	0.184221	
32	0.056724	4	16	62.891667	100.000000	3.768044	0.936196	0.485156	0.339426	0.258536	

32	0.056554	5	1	88.559611	99.932137	1.610743	0.407432	0.208993	0.143865	0.110626	
32	0.058168	5	2	82.905381	99.983040	2.080262	0.520758	0.267842	0.187096	0.143332	
32	0.056928	5	4	76.017504	99.966064	2.649490	0.662111	0.341666	0.239186	0.182607	
32	0.058127	5	8	64.304310	99.983040	3.656515	0.903943	0.475957	0.323159	0.250644	
32	0.056964	5	16	49.243001	100.000000	4.882772	1.223848	0.629935	0.434558	0.336050	

33	4.325560	1	1	99.599831	73.193077	0.769181	0.188703	0.096653	0.066623	0.051700	
33	0.066189	1	1	99.599831	73.193077	0.777074	0.188841	0.098389	0.067274	0.051768	
33	0.060598	1	2	99.306076	81.625381	0.802505	0.196841	0.101805	0.069620	0.053621	
33	0.058764	1	4	98.753274	87.190369	0.859095	0.213220	0.108553	0.074744	0.057921	
33	0.060042	1	8	97.793398	90.278252	0.935815	0.232719	0.119464	0.080968	0.062878	
33	0.063542	1	16	96.009096	92.331184	1.098193	0.268615	0.140494	0.096220	0.073871	

33	0.059046	2	1	98.917224	92.857140	0.838321	0.208358	0.106753	0.072507	0.056791	
33	0.058185	2	2	98.144311	96.369186	0.906147	0.220747	0.113506	0.079362	0.060761	
33	0.058467	2	4	95.879762	98.031898	1.096127	0.277672	0.141154	0.097277	0.074026	
33	0.059036	2	8	92.757620	98.574821	1.364486	0.339350	0.174538	0.119901	0.092407	
33	0.059921	2	16	88.581784	99.134712	1.713020	0.427541	0.219413	0.152852	0.118126	

33	0.060070	3	1	97.337959	98.439095	0.972319	0.244946	0.124672	0.086674	0.068324	
33	0.058256	3	2	95.355691	99.423141	1.138662	0.279531	0.144032	0.099354	0.077022	
33	0.058839	3	4	91.911155	99.575844	1.427486	0.362767	0.181833	0.126985	0.097813	
33	0.061846	3	8	85.608421	99.694603	1.951713	0.484732	0.250279	0.173294	0.133766	
33	0.063205	3	16	76.758483	99.864265	2.687130	0.681247	0.350029	0.239810	0.186536	

33	0.061602	4	1	94.148371	99.694603	1.237890	0.305432	0.158504	0.110959	0.086604	
33	0.059156	4	2	90.513517	99.881241	1.540472	0.381277	0.196541	0.137918	0.104983	
33	0.060316	4	4	85.328642	99.932137	1.970441	0.491682	0.252925	0.174422	0.134857	
33	0.058548	4	8	75.849396	99.983040	2.752138	0.688669	0.354563	0.245688	0.190987	
33	0.060873	4	16	62.922254	100.000000	3.836193	0.958519	0.494540	0.341877	0.264086	

33	0.060065	5	1	88.588665	99.949104	1.693129	0.418788	0.220217	0.153220	0.116184	
33	0.059209	5	2	82.860099	99.983040	2.165452	0.549886	0.277852	0.191809	0.148639	
33	0.058439	5	4	76.019784	99.966064	2.728257	0.694237	0.352113	0.246575	0.187750	
33	0.060750	5	8	64.294945	99.983040	3.711574	0.922803	0.480107	0.329214	0.256592	
33	0.060369	5	16	49.268640	100.000000	4.952036	1.240231	0.646442	0.447452	0.340999	

34	4.339811	1	1	99.602323	73.837799	0.728287	0.182773	0.093422	0.063317	0.049144	
34	0.060942	1	1	99.602323	73.837799	0.737137	0.180973	0.093445	0.064237	0.049112	
34	0.062156	1	2	99.308933	82.321007	0.764073	0.185233	0.096904	0.065838	0.050898	
34	0.060785	1	4	98.758240	87.563622	0.814714	0.197473	0.103416	0.071283	0.055050	
34	0.062036	1	8	97.796269	90.583649	0.896352	0.223500	0.112096	0.078797	0.059978	
34	0.061549	1	16	96.014907	92.449951	1.050462	0.260859	0.134810	0.091273	0.072846	

34	0.064086	2	1	98.926999	93.366135	0.796093	0.197658	0.099311	0.068563	0.053159	
34	0.061464	2	2	98.154571	96.640656	0.865731	0.209768	0.110109	0.075894	0.057831	
34	0.062613	2	4	95.890705	98.150665	1.055561	0.257476	0.135544	0.091720	0.071143	
34	0.063006	2	8	92.759669	98.761452	1.321161	0.331848	0.170608	0.115519	0.089558	
34	0.060680	2	16	88.590839	99.168648	1.673035	0.415240	0.215476	0.149591	0.114171	

34	0.059916	3	1	97.354261	98.473022	0.928271	0.226308	0.116505	0.081921	0.064473	
34	0.067221	3	2	95.371060	99.406174	1.097326	0.275207	0.140809	0.095769	0.074037	
34	0.061833	3	4	91.926691	99.558868	1.385606	0.348794	0.178813	0.121777	0.095428	
34	0.062457	3	8	85.607475	99.728539	1.913967	0.476474	0.249602	0.172172	0.131149	
34	0.062358	3	16	76.768522	99.915169	2.650976	0.661012	0.347457	0.239434	0.182267	

34	0.062367	4	1	94.175533	99.762466	1.189802	0.293966	0.150875	0.107802	0.083249	
34	0.062150	4	2	90.538547	99.864265	1.496573	0.372505	0.191302	0.132001	0.102005	
34	0.061547	4	4	85.350777	99.932137	1.930263	0.485696	0.251751	0.171093	0.132322	
34	0.061804	4	8	75.843751	99.983040	2.718757	0.681716	0.350554	0.245842	0.187534	
34	0.063197	4	16	62.927456	100.000000	3.814673	0.956341	0.490260	0.338611	0.261967	

34	0.062009	5	1	88.620826	99.949104	1.651348	0.410493	0.210758	0.147654	0.113433	
34	0.062522	5	2	82.885581	99.966064	2.124948	0.529824	0.277362	0.191656	0.146732	
34	0.061503	5	4	76.040642	99.949104	2.694452	0.676190	0.346797	0.243528	0.185403	
34	0.065973	5	8	64.284897	99.983040	3.689769	0.920585	0.474849	0.330440	0.253048	
34	0.060957	5	16	49.279685	100.000000	4.929532	1.257176	0.646871	0.439582	0.339606	

