=== Intel PCAF maledon

53	2.818399	1	1	98.929361	53.277779	0.203118	0.052995	0.025216	0.016826	0.012660	
53	0.026759	1	1	98.929361	53.277779	0.200587	0.050261	0.025197	0.016833	0.012652	
53	0.025895	1	2	98.229778	66.722221	0.211245	0.052988	0.026514	0.017691	0.013300	
53	0.024746	1	4	96.940694	77.472221	0.229285	0.057383	0.028728	0.019177	0.014419	
53	0.024899	1	8	94.838806	86.111107	0.260543	0.065267	0.032650	0.021662	0.016403	
53	0.018396	1	16	91.301056	92.583336	0.312921	0.077428	0.037471	0.025829	0.019680	

53	0.025418	2	1	96.608306	80.555557	0.233851	0.058803	0.029473	0.019730	0.014883	
53	0.027065	2	2	94.244750	89.750000	0.267961	0.067054	0.033579	0.022259	0.016887	
53	0.025629	2	4	91.008556	94.500000	0.314622	0.077587	0.036918	0.025549	0.019785	
53	0.024959	2	8	85.416417	97.833336	0.392394	0.092561	0.047114	0.032496	0.024755	
53	0.020867	2	16	76.951139	99.305557	0.498597	0.118085	0.060250	0.042296	0.032218	

53	0.026950	3	1	91.787944	93.111107	0.301909	0.075696	0.036164	0.025308	0.019637	
53	0.025337	3	2	85.717472	97.305557	0.385533	0.090630	0.046305	0.031404	0.024400	
53	0.020799	3	4	78.847444	99.000000	0.473160	0.111508	0.056980	0.039293	0.030428	
53	0.026657	3	8	67.939639	99.666664	0.608574	0.147968	0.075956	0.051459	0.039903	
53	0.025834	3	16	53.295111	99.944443	0.787381	0.193761	0.099695	0.067640	0.052348	

53	0.025034	4	1	82.065361	98.166672	0.430162	0.102096	0.051934	0.036622	0.028092	
53	0.025484	4	2	70.009250	99.388893	0.580341	0.137678	0.070839	0.048985	0.047115	
53	0.027139	4	4	59.118639	99.888893	0.713645	0.175944	0.090128	0.062133	0.047338	
53	0.025555	4	8	44.171806	99.972221	0.897200	0.223091	0.114481	0.077432	0.060106	
53	0.024479	4	16	27.793194	100.000000	1.092794	0.277979	0.137903	0.096816	0.073728	

53	0.024779	5	1	65.989861	99.444443	0.627042	0.154208	0.078904	0.053648	0.041680	
53	0.021308	5	2	48.239917	99.916664	0.840885	0.210320	0.107084	0.073778	0.056249	
53	0.026682	5	4	36.336556	100.000000	0.987153	0.243081	0.126313	0.087248	0.067124	
53	0.023025	5	8	22.280944	100.000000	1.158257	0.285132	0.147446	0.100880	0.078182	
53	0.025722	5	16	10.537083	100.000000	1.295699	0.325249	0.164551	0.115482	0.088075	

58	2.820355	1	1	98.966944	53.972221	0.213186	0.053324	0.026756	0.017843	0.013425	
58	0.025854	1	1	98.966944	53.972221	0.213017	0.053322	0.026746	0.017852	0.013439	
58	0.028756	1	2	98.254972	68.277779	0.223703	0.055999	0.028055	0.018735	0.014082	
58	0.025518	1	4	96.957778	78.833336	0.242157	0.060607	0.039491	0.020041	0.015232	
58	0.021135	1	8	94.877639	87.222221	0.272659	0.068256	0.034197	0.022476	0.017156	
58	0.027334	1	16	91.383667	93.444443	0.324302	0.078916	0.038885	0.026799	0.020407	

58	0.025770	2	1	96.718917	81.500000	0.246504	0.061511	0.030878	0.020662	0.015589	
58	0.024544	2	2	94.320917	90.666672	0.280294	0.070409	0.033969	0.022980	0.017633	
58	0.027404	2	4	91.070583	95.083328	0.326621	0.079278	0.038447	0.026957	0.020541	
58	0.026563	2	8	85.482472	97.916672	0.402491	0.095690	0.048636	0.033209	0.025519	
58	0.025585	2	16	77.089194	99.472221	0.509649	0.119550	0.062862	0.042936	0.032987	

58	0.025948	3	1	92.001667	93.583336	0.312418	0.076456	0.037168	0.026363	0.020264	
58	0.025249	3	2	85.828306	97.694443	0.395734	0.092988	0.046869	0.032414	0.025117	
58	0.027485	3	4	78.945778	99.277779	0.483234	0.115849	0.059266	0.040907	0.031167	
58	0.025398	3	8	68.023306	99.722221	0.620099	0.153021	0.077464	0.053365	0.040689	
58	0.022264	3	16	53.421778	99.944443	0.800687	0.195084	0.101282	0.068726	0.053141	

58	0.026802	4	1	82.347111	98.166672	0.438548	0.105099	0.054407	0.037313	0.028676	
58	0.027463	4	2	70.109278	99.388893	0.589269	0.143883	0.073550	0.049913	0.038748	
58	0.025364	4	4	59.207167	99.888893	0.724889	0.177567	0.089849	0.063144	0.048080	
58	0.027545	4	8	44.186361	99.972221	0.910706	0.227530	0.113888	0.079953	0.060914	
58	0.026126	4	16	27.838000	100.000000	1.105682	0.271190	0.139472	0.097976	0.074576	

58	0.025414	5	1	66.255194	99.555557	0.636854	0.154592	0.078655	0.054592	0.042306	
58	0.027932	5	2	48.321611	99.916664	0.852680	0.208809	0.106492	0.074810	0.057753	
58	0.026085	5	4	36.429278	100.000000	0.998386	0.245117	0.125375	0.088008	0.075543	
58	0.027387	5	8	22.297500	100.000000	1.170155	0.293520	0.149438	0.103729	0.079347	
58	0.019238	5	16	10.542917	100.000000	1.309662	0.329187	0.168697	0.116541	0.089559	

63	2.830559	1	1	98.981000	56.305557	0.226321	0.056612	0.028448	0.018946	0.014257	
63	0.023911	1	1	98.981000	56.305557	0.226073	0.056591	0.028375	0.018941	0.014347	
63	0.028476	1	2	98.279944	69.638893	0.236348	0.059183	0.029635	0.019792	0.014886	
63	0.025366	1	4	96.975944	80.250000	0.255160	0.064015	0.033346	0.021371	0.016044	
63	0.028048	1	8	94.888278	88.027779	0.285624	0.071431	0.034150	0.023384	0.017969	
63	0.017816	1	16	91.409000	93.972221	0.337793	0.079736	0.040159	0.027349	0.021196	

63	0.026502	2	1	96.749361	82.305557	0.258118	0.064852	0.032521	0.021737	0.016406	
63	0.022508	2	2	94.357167	91.166672	0.292710	0.073106	0.035050	0.024181	0.018419	
63	0.027478	2	4	91.095222	95.750000	0.339792	0.080780	0.040626	0.028096	0.021370	
63	0.028735	2	8	85.493778	98.166672	0.416567	0.097877	0.049075	0.034513	0.026293	
63	0.025861	2	16	77.121917	99.388893	0.520055	0.125035	0.064401	0.043547	0.033662	

63	0.027159	3	1	92.051278	94.555557	0.324503	0.078622	0.038609	0.026896	0.021023	
63	0.027561	3	2	85.901250	98.111115	0.406865	0.095882	0.049175	0.033870	0.025873	
63	0.028338	3	4	78.974528	99.250000	0.494112	0.118096	0.060667	0.041110	0.031919	
63	0.029349	3	8	68.018528	99.750000	0.631954	0.155013	0.079003	0.053487	0.041465	
63	0.028078	3	16	53.453556	99.944443	0.806667	0.197353	0.100685	0.069316	0.053713	

63	0.028342	4	1	82.481944	98.305550	0.448577	0.106157	0.054412	0.037672	0.029384	
63	0.028433	4	2	70.233694	99.527779	0.598522	0.145760	0.074845	0.051636	0.039398	
63	0.022927	4	4	59.253917	99.916664	0.734486	0.180785	0.092582	0.063983	0.048874	
63	0.027837	4	8	44.150944	99.972221	0.923056	0.228844	0.115318	0.080883	0.061580	
63	0.028349	4	16	27.854972	100.000000	1.119094	0.275263	0.143317	0.097755	0.075659	

63	0.028185	5	1	66.532083	99.583336	0.646147	0.158298	0.081047	0.055997	0.042802	
63	0.022926	5	2	48.464250	99.888893	0.860768	0.215375	0.111070	0.074605	0.058437	
63	0.028080	5	4	36.449833	99.972221	1.005506	0.248346	0.128942	0.088816	0.067666	
63	0.027976	5	8	22.247472	99.972221	1.183101	0.298691	0.151764	0.104542	0.079697	
63	0.027895	5	16	10.546389	100.000000	1.323685	0.325654	0.170175	0.116986	0.089240	

68	2.823637	1	1	98.993000	57.694447	0.238664	0.059755	0.029912	0.019977	0.015023	
68	0.018649	1	1	98.993000	57.694447	0.238432	0.059756	0.029933	0.019977	0.015050	
68	0.023219	1	2	98.298167	71.111115	0.248367	0.062204	0.031159	0.020538	0.015665	
68	0.022816	1	4	96.999889	81.277779	0.266358	0.066686	0.032225	0.021648	0.016776	
68	0.016655	1	8	94.916861	89.055557	0.296555	0.072328	0.035529	0.024485	0.018664	
68	0.023136	1	16	91.448139	94.916664	0.347050	0.081671	0.042754	0.028178	0.021829	

68	0.017640	2	1	96.816250	83.638885	0.269341	0.067680	0.033157	0.022116	0.017139	
68	0.018012	2	2	94.431083	92.055550	0.303178	0.073915	0.036298	0.024627	0.019096	
68	0.017473	2	4	91.163944	96.111115	0.349459	0.079725	0.041859	0.028818	0.021976	
68	0.022435	2	8	85.558417	98.694443	0.420036	0.098845	0.050415	0.034761	0.026858	
68	0.019625	2	16	77.183111	99.638893	0.525874	0.126399	0.063937	0.044285	0.034210	

68	0.018606	3	1	92.209694	94.555557	0.333467	0.079167	0.039705	0.028158	0.021606	
68	0.017832	3	2	86.005528	98.083336	0.414218	0.098442	0.050299	0.034445	0.026508	
68	0.017505	3	4	79.061917	99.305557	0.502023	0.119573	0.060731	0.042667	0.032538	
68	0.017797	3	8	68.079333	99.805557	0.636721	0.152746	0.078475	0.055160	0.042016	
68	0.017501	3	16	53.480778	99.944443	0.815793	0.199925	0.103485	0.071266	0.054279	

68	0.016991	4	1	82.697917	98.500000	0.454062	0.106358	0.055231	0.038923	0.030530	
68	0.020233	4	2	70.378722	99.555557	0.607443	0.148303	0.076019	0.052440	0.040042	
68	0.018643	4	4	59.332944	99.944443	0.743463	0.179987	0.094041	0.064826	0.049393	
68	0.023095	4	8	44.189333	99.972221	0.929779	0.227745	0.118595	0.081616	0.062203	
68	0.019158	4	16	27.845417	100.000000	1.120654	0.275284	0.143989	0.099119	0.076215	

68	0.017322	5	1	66.753222	99.694443	0.647730	0.159902	0.081928	0.055856	0.043280	
68	0.017276	5	2	48.615889	99.916664	0.868337	0.214678	0.110520	0.075560	0.058061	
68	0.034722	5	4	36.535250	99.972221	1.011969	0.249544	0.129732	0.087776	0.068124	
68	0.018238	5	8	22.272778	99.972221	1.188602	0.289733	0.149591	0.105155	0.080073	
68	0.017999	5	16	10.525167	100.000000	1.321875	0.336052	0.167775	0.117767	0.089662	

73	2.837631	1	1	98.988750	59.527779	0.245874	0.058570	0.029329	0.019460	0.014752	
73	0.019331	1	1	98.988750	59.527779	0.233701	0.058557	0.029451	0.019613	0.014734	
73	0.025271	1	2	98.286139	73.444443	0.243910	0.061145	0.030583	0.020246	0.015378	
73	0.024236	1	4	97.019667	82.611115	0.261756	0.065548	0.032496	0.021633	0.016484	
73	0.018313	1	8	94.950222	90.138885	0.291405	0.072036	0.034929	0.023643	0.018353	
73	0.023573	1	16	91.518722	95.416664	0.352884	0.080286	0.040181	0.027792	0.021530	

73	0.020273	2	1	96.813083	85.611115	0.264882	0.066410	0.032764	0.021612	0.016844	
73	0.019217	2	2	94.406972	93.194443	0.299880	0.073164	0.035347	0.024763	0.018851	
73	0.019336	2	4	91.250528	96.555557	0.344337	0.080388	0.041208	0.028401	0.021662	
73	0.020236	2	8	85.692778	98.944443	0.416322	0.099551	0.050564	0.034206	0.026537	
73	0.024268	2	16	77.371083	99.611107	0.519473	0.124676	0.063448	0.043684	0.033875	

73	0.018733	3	1	92.222111	95.472221	0.329487	0.078292	0.040031	0.027298	0.021367	
73	0.023621	3	2	85.944667	98.583336	0.410193	0.097789	0.050038	0.033875	0.026325	
73	0.018245	3	4	79.181111	99.444443	0.496543	0.120413	0.061268	0.042274	0.032244	
73	0.022191	3	8	68.259139	99.805557	0.631915	0.152987	0.078154	0.054768	0.041716	
73	0.020335	3	16	53.686472	99.972221	0.810057	0.196876	0.101234	0.070958	0.054037	

73	0.024519	4	1	82.681972	98.861107	0.453276	0.109604	0.056192	0.038250	0.029870	
73	0.020285	4	2	70.235111	99.666664	0.606708	0.145163	0.074439	0.051602	0.039971	
73	0.024261	4	4	59.457917	99.972221	0.740052	0.179108	0.091908	0.064588	0.049220	
73	0.018268	4	8	44.347944	99.972221	0.926246	0.228196	0.116623	0.080200	0.062173	
73	0.023714	4	16	28.004306	100.000000	1.120850	0.276390	0.141899	0.098193	0.075779	

73	0.019717	5	1	66.742417	99.888893	0.647914	0.157257	0.080343	0.056611	0.043249	
73	0.018825	5	2	48.459056	99.972221	0.868482	0.217905	0.108897	0.076472	0.058520	
73	0.023672	5	4	36.667972	99.972221	1.013212	0.250780	0.127809	0.089898	0.068379	
73	0.017885	5	8	22.393444	99.972221	1.188627	0.298624	0.153326	0.103813	0.080464	
73	0.019767	5	16	10.601806	100.000000	1.328228	0.330598	0.171385	0.118560	0.090565	

78	2.862579	1	1	98.995194	61.611111	0.249269	0.062362	0.029600	0.020290	0.015710	
78	0.021418	1	1	98.995194	61.611111	0.249283	0.062395	0.031313	0.020683	0.015717	
78	0.026870	1	2	98.317750	74.805557	0.259116	0.064887	0.031845	0.021412	0.016329	
78	0.019227	1	4	97.064056	84.166664	0.275927	0.069199	0.033297	0.022591	0.017384	
78	0.018860	1	8	95.011361	90.833336	0.305618	0.074032	0.036559	0.025228	0.019210	
78	0.018046	1	16	91.581528	96.111115	0.354934	0.085013	0.042640	0.029372	0.022402	

78	0.018885	2	1	96.823722	87.305557	0.279889	0.070247	0.033894	0.023225	0.017783	
78	0.019201	2	2	94.500667	93.888893	0.314459	0.075378	0.037497	0.025372	0.019717	
78	0.023973	2	4	91.351639	97.138885	0.356230	0.084487	0.042025	0.029064	0.022506	
78	0.020919	2	8	85.838222	99.166664	0.425462	0.101449	0.051949	0.035195	0.027292	
78	0.019907	2	16	77.528889	99.777779	0.529881	0.125603	0.064611	0.045350	0.034538	

78	0.019871	3	1	92.217528	96.250000	0.344324	0.080680	0.040973	0.028583	0.022283	
78	0.020001	3	2	86.102833	98.861107	0.422974	0.099254	0.051565	0.035606	0.027137	
78	0.026999	3	4	79.370806	99.444443	0.505480	0.121533	0.061638	0.043298	0.033006	
78	0.025048	3	8	68.500139	99.805557	0.642340	0.153975	0.080741	0.055599	0.042387	
78	0.019907	3	16	53.872167	99.944443	0.818646	0.204291	0.106546	0.070841	0.054662	

78	0.019667	4	1	82.658139	99.055557	0.464347	0.111421	0.057558	0.039226	0.030581	
78	0.024851	4	2	70.433250	99.805557	0.613582	0.149053	0.075777	0.053234	0.040851	
78	0.019318	4	4	59.688000	99.972221	0.748458	0.184168	0.095026	0.065319	0.049909	
78	0.018889	4	8	44.559417	99.972221	0.933840	0.230126	0.117270	0.082398	0.062726	
78	0.024046	4	16	28.118250	100.000000	1.130193	0.283471	0.146189	0.099126	0.076429	

78	0.021015	5	1	66.747250	99.888893	0.659132	0.163183	0.086442	0.057276	0.044109	
78	0.025272	5	2	48.639278	99.972221	0.877054	0.219157	0.109997	0.076148	0.058914	
78	0.019740	5	4	36.858944	99.972221	1.022429	0.251661	0.131160	0.090446	0.068914	
78	0.022369	5	8	22.548083	99.972221	1.196847	0.293990	0.153421	0.104813	0.081963	
78	0.025924	5	16	10.651639	100.000000	1.336005	0.331392	0.169908	0.119292	0.090859	

83	2.815035	1	1	99.004028	62.916668	0.260890	0.065293	0.032696	0.021460	0.016498	
83	0.026505	1	1	99.004028	62.916668	0.260588	0.065275	0.031943	0.021610	0.016462	
83	0.025433	1	2	98.349639	76.083336	0.270758	0.067712	0.032246	0.021989	0.017052	
83	0.019856	1	4	97.110111	84.750000	0.286990	0.071419	0.033705	0.023313	0.018067	
83	0.024614	1	8	95.073389	91.527779	0.316528	0.073751	0.037954	0.026131	0.019920	
83	0.026740	1	16	91.652167	96.361115	0.364762	0.087001	0.044263	0.030357	0.023088	

83	0.024797	2	1	96.862639	88.027779	0.291176	0.071222	0.034983	0.023912	0.018476	
83	0.019104	2	2	94.593500	94.361107	0.323947	0.076046	0.038791	0.026429	0.020401	
83	0.019494	2	4	91.474250	97.194443	0.366006	0.084277	0.043325	0.029874	0.023171	
83	0.019386	2	8	86.002194	99.138893	0.435079	0.102362	0.052331	0.036652	0.027939	
83	0.024936	2	16	77.698694	99.722221	0.538648	0.130651	0.067086	0.045903	0.035241	

83	0.019216	3	1	92.291722	96.638885	0.354415	0.081834	0.043197	0.030008	0.023069	
83	0.021640	3	2	86.299278	99.055557	0.429718	0.103023	0.053497	0.035666	0.027688	
83	0.025612	3	4	79.587028	99.722221	0.514449	0.124428	0.063766	0.043355	0.033563	
83	0.019848	3	8	68.707833	99.916664	0.650458	0.158896	0.080481	0.055490	0.043016	
83	0.019661	3	16	54.042694	100.000000	0.830613	0.203355	0.105869	0.072328	0.055516	

83	0.020351	4	1	82.801722	99.305557	0.472529	0.114801	0.058838	0.040872	0.031285	
83	0.019911	4	2	70.726972	99.888893	0.622415	0.150471	0.078262	0.053589	0.041213	
83	0.024854	4	4	59.926139	99.972221	0.755184	0.184241	0.094262	0.065180	0.050491	
83	0.024256	4	8	44.746194	99.972221	0.943402	0.235158	0.120647	0.083367	0.063459	
83	0.021222	4	16	28.224306	100.000000	1.140889	0.286341	0.147268	0.100168	0.083361	

83	0.024375	5	1	66.944694	99.944443	0.667738	0.162560	0.084797	0.058586	0.044726	
83	0.018935	5	2	48.935167	100.000000	0.885806	0.218107	0.111412	0.078095	0.059519	
83	0.023818	5	4	37.053083	100.000000	1.030965	0.258242	0.132722	0.090074	0.069624	
83	0.020933	5	8	22.660056	100.000000	1.206562	0.304184	0.156070	0.107485	0.081813	
83	0.019821	5	16	10.692306	100.000000	1.351112	0.339488	0.175059	0.118768	0.094026	

88	2.839874	1	1	99.025000	63.750000	0.274960	0.068713	0.032296	0.022398	0.017345	
88	0.019887	1	1	99.025000	63.750000	0.275026	0.068910	0.032729	0.022331	0.017360	
88	0.019023	1	2	98.371361	76.333328	0.284645	0.071123	0.033450	0.023146	0.017940	
88	0.023837	1	4	97.130167	85.972221	0.301719	0.072431	0.035426	0.024918	0.018992	
88	0.018066	1	8	95.119417	92.138885	0.329909	0.077949	0.039547	0.026849	0.020752	
88	0.023817	1	16	91.719778	96.500000	0.376723	0.088868	0.045515	0.031347	0.023875	

88	0.020587	2	1	96.937472	88.305557	0.305105	0.074177	0.035912	0.024840	0.019332	
88	0.018992	2	2	94.665444	94.472221	0.337339	0.079811	0.041434	0.027862	0.021229	
88	0.018941	2	4	91.578139	97.472221	0.377878	0.088648	0.044713	0.031471	0.023966	
88	0.018479	2	8	86.120222	99.305557	0.446263	0.104537	0.054808	0.037641	0.028680	
88	0.023522	2	16	77.858333	99.777779	0.549190	0.134280	0.069084	0.047135	0.035906	

88	0.020403	3	1	92.441333	97.194443	0.365460	0.087067	0.044503	0.030939	0.023752	
88	0.020368	3	2	86.437361	99.333336	0.442182	0.105844	0.054127	0.036768	0.028512	
88	0.023669	3	4	79.775472	99.722221	0.524689	0.127974	0.065076	0.044887	0.034388	
88	0.021711	3	8	68.887528	99.916664	0.663201	0.159159	0.083275	0.057401	0.043738	
88	0.019102	3	16	54.250222	99.972221	0.837421	0.207317	0.106735	0.072207	0.055971	

88	0.019673	4	1	83.032167	99.444443	0.485861	0.116623	0.059468	0.041179	0.032139	
88	0.026533	4	2	70.925528	99.916664	0.631112	0.152695	0.079437	0.054886	0.041888	
88	0.020245	4	4	60.142194	99.972221	0.767426	0.190507	0.095502	0.067162	0.051168	
88	0.021208	4	8	44.930028	99.972221	0.953977	0.238750	0.122315	0.082919	0.064092	
88	0.019625	4	16	28.366000	100.000000	1.151929	0.284861	0.148466	0.100709	0.077915	

88	0.019237	5	1	67.255917	99.888893	0.677161	0.166770	0.085869	0.058242	0.045331	
88	0.024348	5	2	49.159694	99.972221	0.895213	0.218765	0.112550	0.077799	0.060127	
88	0.020747	5	4	37.269278	99.972221	1.041257	0.262367	0.132160	0.090751	0.070216	
88	0.018933	5	8	22.777444	99.972221	1.218591	0.306549	0.156971	0.108344	0.083233	
88	0.015842	5	16	10.758861	100.000000	1.361501	0.336423	0.173074	0.119730	0.092479	

93	2.820045	1	1	99.046778	65.750000	0.297097	0.070829	0.034373	0.023678	0.018050	
93	0.021189	1	1	99.046778	65.750000	0.286213	0.071204	0.034497	0.023235	0.018066	
93	0.020452	1	2	98.403861	78.250000	0.295976	0.071827	0.034800	0.024002	0.018656	
93	0.025099	1	4	97.167333	86.805557	0.313480	0.074872	0.037502	0.025375	0.019726	
93	0.020183	1	8	95.151778	93.361107	0.341916	0.077848	0.040181	0.028237	0.021512	
93	0.022052	1	16	91.766667	97.194443	0.397083	0.090774	0.045993	0.032039	0.024608	

93	0.019895	2	1	96.979417	89.805557	0.315791	0.075954	0.037933	0.026295	0.020033	
93	0.020191	2	2	94.737306	95.444450	0.348113	0.078978	0.041744	0.028298	0.021916	
93	0.025362	2	4	91.674194	98.083336	0.387404	0.092099	0.046391	0.031741	0.024653	
93	0.019639	2	8	86.181361	99.388893	0.466244	0.110352	0.056052	0.037959	0.029442	
93	0.025189	2	16	77.948417	99.861107	0.561789	0.133162	0.069809	0.047372	0.036651	

93	0.019553	3	1	92.488889	97.361115	0.375808	0.089621	0.045128	0.032547	0.024548	
93	0.024643	3	2	86.530556	99.333336	0.450647	0.108194	0.054524	0.038200	0.029154	
93	0.021582	3	4	79.911639	99.750000	0.534584	0.127461	0.065175	0.045073	0.034929	
93	0.025482	3	8	68.943667	99.972221	0.671319	0.162131	0.084691	0.057457	0.044476	
93	0.018864	3	16	54.333306	100.000000	0.851079	0.211154	0.108265	0.074464	0.056807	

93	0.021669	4	1	83.081806	99.583336	0.494032	0.120012	0.061712	0.042005	0.032753	
93	0.020589	4	2	71.085833	99.916664	0.641331	0.158234	0.083031	0.055736	0.042537	
93	0.019812	4	4	60.333583	99.972221	0.775628	0.192719	0.098476	0.067888	0.051771	
93	0.018995	4	8	44.963278	99.972221	0.965715	0.241950	0.121366	0.085331	0.064968	
93	0.022064	4	16	28.412361	100.000000	1.163545	0.293066	0.147330	0.101865	0.078808	

93	0.020134	5	1	67.416278	99.916664	0.687462	0.166334	0.087337	0.060257	0.046075	
93	0.024933	5	2	49.326722	100.000000	0.905081	0.221083	0.113589	0.078426	0.060835	
93	0.019232	5	4	37.436972	100.000000	1.053875	0.260510	0.132870	0.092533	0.071777	
93	0.027056	5	8	22.777056	100.000000	1.229922	0.303043	0.156624	0.109550	0.083709	
93	0.025041	5	16	10.781111	100.000000	1.373972	0.346067	0.177929	0.122663	0.093363	

98	2.845428	1	1	99.063750	65.916672	0.301794	0.071567	0.035505	0.024939	0.019016	
98	0.016274	1	1	99.063750	65.916672	0.301720	0.073222	0.036773	0.024525	0.019017	
98	0.024005	1	2	98.431361	78.555557	0.310886	0.074356	0.036567	0.025668	0.019580	
98	0.015386	1	4	97.188944	87.027779	0.327622	0.078235	0.039235	0.027027	0.020606	
98	0.018335	1	8	95.169556	93.472221	0.355946	0.083295	0.041941	0.028951	0.022393	
98	0.019701	1	16	91.786389	97.527779	0.400210	0.092449	0.047627	0.033488	0.030983	

98	0.015538	2	1	97.025889	90.750000	0.330199	0.079070	0.041875	0.027373	0.020996	
98	0.019041	2	2	94.812833	95.861115	0.360900	0.083374	0.042581	0.029448	0.022779	
98	0.023701	2	4	91.709278	98.416672	0.401362	0.094419	0.048651	0.033564	0.025582	
98	0.020528	2	8	86.208889	99.555557	0.469682	0.112027	0.056647	0.039117	0.030327	
98	0.019204	2	16	77.956361	99.944443	0.572563	0.138347	0.070013	0.048381	0.037494	

98	0.016269	3	1	92.549889	97.472221	0.389133	0.092508	0.047563	0.032486	0.025360	
98	0.018480	3	2	86.649500	99.361107	0.462628	0.108553	0.055787	0.039252	0.029925	
98	0.018589	3	4	79.943972	99.833336	0.547082	0.132588	0.068088	0.046229	0.035795	
98	0.018804	3	8	68.946889	99.972221	0.684608	0.168926	0.084614	0.058380	0.045290	
98	0.019512	3	16	54.304333	100.000000	0.861150	0.211023	0.109830	0.075660	0.057616	

98	0.019043	4	1	83.143194	99.527779	0.506646	0.121526	0.063265	0.043206	0.033598	
98	0.019139	4	2	71.191889	99.916664	0.652795	0.156290	0.082229	0.055913	0.043317	
98	0.018572	4	4	60.317722	99.972221	0.787735	0.191593	0.100077	0.067883	0.052614	
98	0.018202	4	8	44.940806	99.972221	0.977389	0.238827	0.125281	0.085016	0.065752	
98	0.015025	4	16	28.387528	100.000000	1.176428	0.298080	0.149177	0.102834	0.079711	

98	0.017724	5	1	67.466583	99.972221	0.704155	0.174409	0.090634	0.061604	0.047118	
98	0.019287	5	2	49.426694	100.000000	0.916071	0.225118	0.115241	0.079371	0.061564	
98	0.015175	5	4	37.393972	100.000000	1.063817	0.265885	0.136662	0.093855	0.072452	
98	0.020969	5	8	22.747361	100.000000	1.242080	0.305978	0.158062	0.108613	0.084170	
98	0.019694	5	16	10.765889	100.000000	1.387015	0.343843	0.179667	0.121944	0.094232	

103	2.824425	1	1	99.066250	67.500000	0.312983	0.075500	0.037444	0.025407	0.019707	
103	0.021451	1	1	99.066250	67.500000	0.312789	0.074804	0.037671	0.025866	0.019715	
103	0.016327	1	2	98.447528	79.277779	0.322107	0.076739	0.038581	0.026597	0.020298	
103	0.016115	1	4	97.206472	87.805557	0.341162	0.079947	0.042844	0.027788	0.021344	
103	0.019640	1	8	95.186083	93.833336	0.365657	0.085431	0.043155	0.029847	0.023186	
103	0.018677	1	16	91.814917	97.611115	0.409904	0.098273	0.049909	0.033791	0.026208	

103	0.021887	2	1	97.019000	91.055557	0.342114	0.079798	0.040305	0.027900	0.021648	
103	0.023641	2	2	94.873167	96.388885	0.370317	0.087343	0.044658	0.030785	0.023459	
103	0.019501	2	4	91.757167	98.416672	0.410611	0.097234	0.049929	0.034019	0.026267	
103	0.022547	2	8	86.249972	99.472221	0.479539	0.116119	0.059133	0.040119	0.031047	
103	0.022138	2	16	78.021472	99.944443	0.586194	0.141581	0.073003	0.050275	0.038314	

103	0.019757	3	1	92.524861	98.055557	0.399965	0.092717	0.049085	0.033466	0.026143	
103	0.019772	3	2	86.740222	99.555557	0.472837	0.110684	0.058201	0.040126	0.030602	
103	0.016685	3	4	79.962972	99.833336	0.558784	0.135334	0.069568	0.047137	0.036560	
103	0.025784	3	8	68.965250	99.944443	0.696495	0.169345	0.088041	0.059658	0.046188	
103	0.023339	3	16	54.343000	100.000000	0.873014	0.212215	0.111481	0.076699	0.058448	

103	0.026925	4	1	83.086889	99.638893	0.517329	0.126727	0.063625	0.044898	0.034393	
103	0.020652	4	2	71.293750	100.000000	0.662934	0.161008	0.083587	0.057720	0.044013	
103	0.016576	4	4	60.311694	99.972221	0.799994	0.198097	0.099784	0.068902	0.053537	
103	0.016541	4	8	44.906833	100.000000	0.990123	0.246804	0.124621	0.085988	0.066645	
103	0.020972	4	16	28.393806	100.000000	1.189657	0.293644	0.150843	0.104068	0.080494	

103	0.020740	5	1	67.371361	99.972221	0.716070	0.172247	0.091004	0.061921	0.048630	
103	0.022331	5	2	49.491806	100.000000	0.926831	0.227345	0.116628	0.080450	0.062341	
103	0.017179	5	4	37.361861	100.000000	1.076775	0.272230	0.140274	0.093662	0.072657	
103	0.026082	5	8	22.697806	100.000000	1.255109	0.308544	0.162103	0.111771	0.085069	
103	0.016985	5	16	10.767389	100.000000	1.398400	0.352554	0.178943	0.124900	0.095448	

108	2.835729	1	1	99.086333	69.416664	0.328741	0.077088	0.038989	0.026989	0.020745	
108	0.020787	1	1	99.086333	69.416664	0.327514	0.076781	0.038521	0.026645	0.020659	
108	0.019834	1	2	98.471250	80.916664	0.341293	0.077625	0.039596	0.027824	0.021200	
108	0.016946	1	4	97.230333	89.000000	0.353254	0.082929	0.042882	0.028708	0.022253	
108	0.015848	1	8	95.210278	94.250000	0.379159	0.089625	0.045812	0.031270	0.024017	
108	0.024836	1	16	91.852417	97.972221	0.422265	0.101447	0.050748	0.034921	0.027056	

108	0.021095	2	1	97.097056	92.055550	0.354882	0.084228	0.042695	0.029517	0.022515	
108	0.015859	2	2	94.945556	96.555557	0.383251	0.090010	0.046260	0.031352	0.024322	
108	0.017756	2	4	91.821972	98.750000	0.423303	0.100648	0.051545	0.034986	0.027145	
108	0.021019	2	8	86.315278	99.638893	0.491472	0.116411	0.060705	0.041065	0.031877	
108	0.016459	2	16	78.085611	99.916664	0.594826	0.145346	0.073375	0.050301	0.039222	

108	0.020310	3	1	92.668056	98.194443	0.410332	0.098386	0.051742	0.035046	0.026899	
108	0.023557	3	2	86.857000	99.611107	0.482196	0.118542	0.058750	0.040478	0.031400	
108	0.021475	3	4	80.098944	99.833336	0.568950	0.138091	0.069661	0.048948	0.037283	
108	0.017682	3	8	69.062944	99.972221	0.707828	0.174245	0.087910	0.061569	0.046916	
108	0.016514	3	16	54.427833	100.000000	0.883800	0.220434	0.112433	0.076575	0.059145	

108	0.017108	4	1	83.331583	99.805557	0.527557	0.128362	0.065121	0.045811	0.035081	
108	0.023106	4	2	71.449444	100.000000	0.672555	0.162293	0.083540	0.057790	0.044732	
108	0.025125	4	4	60.465389	99.972221	0.809037	0.199106	0.102997	0.071006	0.054113	
108	0.019316	4	8	44.984194	100.000000	1.000226	0.246817	0.128352	0.088357	0.067365	
108	0.019153	4	16	28.454361	100.000000	1.198296	0.295818	0.151736	0.104712	0.081151	

108	0.016286	5	1	67.644833	99.916664	0.720960	0.178190	0.091541	0.062258	0.048357	
108	0.020873	5	2	49.645389	100.000000	0.936877	0.229798	0.119904	0.081169	0.063019	
108	0.017701	5	4	37.502333	100.000000	1.087905	0.274422	0.137299	0.096207	0.073768	
108	0.020592	5	8	22.756611	100.000000	1.265552	0.312109	0.161148	0.110687	0.085801	
108	0.015935	5	16	10.799556	100.000000	1.408600	0.349478	0.179788	0.125631	0.096588	

113	2.827983	1	1	99.088333	70.694443	0.338893	0.079458	0.039814	0.027524	0.021342	
113	0.027958	1	1	99.088333	70.694443	0.338846	0.079066	0.040609	0.028010	0.021350	
113	0.022944	1	2	98.484306	82.194443	0.347298	0.080577	0.040852	0.028260	0.021880	
113	0.025475	1	4	97.262861	89.250000	0.362854	0.084407	0.043715	0.030099	0.022932	
113	0.016828	1	8	95.250972	94.888893	0.388450	0.092130	0.046116	0.032414	0.024686	
113	0.019867	1	16	91.882889	98.027779	0.432711	0.102699	0.052815	0.036099	0.027773	

113	0.022656	2	1	97.088083	93.166664	0.364841	0.085900	0.043182	0.029854	0.023221	
113	0.021048	2	2	94.985778	97.138885	0.392531	0.092428	0.047546	0.032339	0.024994	
113	0.020299	2	4	91.916556	98.972229	0.432167	0.101457	0.052258	0.036435	0.027773	
113	0.023345	2	8	86.439556	99.750000	0.500317	0.119502	0.061926	0.042330	0.032513	
113	0.020351	2	16	78.143833	99.916664	0.605365	0.146602	0.075899	0.052208	0.039767	

113	0.019223	3	1	92.653194	98.388885	0.424203	0.101914	0.051233	0.035891	0.027730	
113	0.023915	3	2	86.915194	99.555557	0.493148	0.116954	0.059905	0.042091	0.032091	
113	0.022340	3	4	80.233417	99.888893	0.578184	0.139984	0.072200	0.048929	0.037945	
113	0.024021	3	8	69.202778	99.944443	0.716261	0.174258	0.088836	0.061321	0.047544	
113	0.016870	3	16	54.450472	100.000000	0.895619	0.224421	0.116126	0.078716	0.059962	

113	0.016839	4	1	83.318083	99.805557	0.539386	0.131690	0.066319	0.046481	0.039088	
113	0.016788	4	2	71.535639	99.972221	0.683351	0.168077	0.084727	0.059603	0.045481	
113	0.023131	4	4	60.643167	100.000000	0.818830	0.203597	0.104255	0.072001	0.054782	
113	0.022354	4	8	45.088556	100.000000	1.014170	0.248118	0.129876	0.087870	0.068123	
113	0.020396	4	16	28.447861	100.000000	1.211606	0.301496	0.156536	0.106270	0.082117	

113	0.022277	5	1	67.590694	99.972221	0.730893	0.176460	0.091848	0.064339	0.049147	
113	0.018070	5	2	49.683722	100.000000	0.949528	0.236576	0.121841	0.083166	0.063886	
113	0.017114	5	4	37.632194	100.000000	1.096440	0.274968	0.138567	0.097168	0.074078	
113	0.022493	5	8	22.800194	100.000000	1.277458	0.314961	0.162380	0.113851	0.086633	
113	0.020599	5	16	10.790306	100.000000	1.421226	0.352197	0.184376	0.124839	0.096719	

118	2.833834	1	1	99.098778	72.500000	0.352807	0.084040	0.042387	0.029252	0.022290	
118	0.020585	1	1	99.098778	72.500000	0.351042	0.083273	0.042442	0.028745	0.022287	
118	0.023070	1	2	98.500667	83.583328	0.361105	0.084229	0.042654	0.029522	0.022830	
118	0.017503	1	4	97.286111	90.638885	0.376749	0.088432	0.044612	0.030701	0.023867	
118	0.017984	1	8	95.280139	95.722221	0.400513	0.094908	0.047928	0.033588	0.025562	
118	0.017704	1	16	91.911944	98.222221	0.445232	0.106355	0.054566	0.037276	0.028641	

118	0.019839	2	1	97.110889	93.305557	0.378583	0.089734	0.047281	0.031661	0.024150	
118	0.020765	2	2	95.039639	97.416672	0.405290	0.096180	0.049169	0.033412	0.025906	
118	0.017587	2	4	91.968306	99.083336	0.444828	0.106651	0.054509	0.037297	0.028638	
118	0.024349	2	8	86.525583	99.833336	0.512106	0.121404	0.062505	0.043054	0.034079	
118	0.024240	2	16	78.225306	99.916664	0.616473	0.151519	0.077391	0.052422	0.041155	

118	0.021066	3	1	92.693722	98.555550	0.434355	0.101834	0.053776	0.036800	0.028563	
118	0.022614	3	2	87.025694	99.583336	0.505284	0.119815	0.061488	0.043178	0.032906	
118	0.026095	3	4	80.301250	99.944443	0.589529	0.141153	0.073812	0.050136	0.038765	
118	0.021490	3	8	69.298306	100.000000	0.726485	0.177387	0.092004	0.062232	0.048269	
118	0.020821	3	16	54.524861	100.000000	0.905977	0.226047	0.115790	0.078506	0.060762	

118	0.022915	4	1	83.370278	99.833336	0.550929	0.132468	0.068128	0.047912	0.036822	
118	0.017565	4	2	71.685611	99.972221	0.695187	0.171045	0.087855	0.060528	0.046181	
118	0.023369	4	4	60.703389	100.000000	0.829814	0.201678	0.105713	0.072607	0.056048	
118	0.023828	4	8	45.152278	100.000000	1.021363	0.255493	0.131245	0.088783	0.068850	
118	0.024075	4	16	28.476306	100.000000	1.222544	0.302962	0.155717	0.107125	0.082810	

118	0.023340	5	1	67.628278	99.972221	0.743475	0.180810	0.094722	0.065365	0.049962	
118	0.021020	5	2	49.812500	100.000000	0.958593	0.236744	0.122796	0.083495	0.064555	
118	0.022523	5	4	37.636861	100.000000	1.107117	0.277750	0.142657	0.098201	0.074844	
118	0.023350	5	8	22.809306	100.000000	1.290732	0.319116	0.166730	0.114812	0.087394	
118	0.021458	5	16	10.793000	100.000000	1.431849	0.360947	0.185905	0.125711	0.097460	

123	2.839947	1	1	99.109083	73.111115	0.362160	0.085601	0.043658	0.030161	0.022987	
123	0.017470	1	1	99.109083	73.111115	0.363528	0.085606	0.043972	0.030163	0.022988	
123	0.023381	1	2	98.511500	84.666672	0.371144	0.086194	0.044726	0.030343	0.023555	
123	0.022224	1	4	97.300444	91.166672	0.386705	0.089746	0.046973	0.031786	0.024600	
123	0.024937	1	8	95.314556	96.138885	0.410659	0.095277	0.050046	0.034507	0.026289	
123	0.017321	1	16	91.940361	98.444443	0.455677	0.109879	0.057891	0.038556	0.029382	

123	0.022589	2	1	97.151611	93.805557	0.388300	0.090510	0.046250	0.032076	0.024843	
123	0.021032	2	2	95.065000	97.527779	0.415360	0.096647	0.049829	0.034332	0.026608	
123	0.019539	2	4	92.007639	99.305557	0.455128	0.108449	0.055947	0.037897	0.029352	
123	0.017236	2	8	86.595306	99.888893	0.523059	0.127297	0.065444	0.044137	0.034066	
123	0.021314	2	16	78.278639	99.944443	0.627585	0.151143	0.077471	0.053490	0.041319	

123	0.017084	3	1	92.776556	98.638885	0.443588	0.107499	0.054962	0.038200	0.029235	
123	0.024129	3	2	87.065778	99.583336	0.515574	0.124644	0.063924	0.043806	0.033635	
123	0.023898	3	4	80.384000	99.944443	0.600011	0.143457	0.073922	0.051807	0.039469	
123	0.022715	3	8	69.381667	100.000000	0.737737	0.179495	0.093405	0.063362	0.049044	
123	0.017922	3	16	54.573750	100.000000	0.918409	0.230401	0.118999	0.079566	0.063046	

123	0.023247	4	1	83.481278	99.833336	0.560565	0.137501	0.069201	0.047988	0.037401	
123	0.021759	4	2	71.716250	100.000000	0.705041	0.173294	0.089162	0.060670	0.047067	
123	0.020653	4	4	60.776944	100.000000	0.841256	0.209150	0.105879	0.072925	0.056335	
123	0.023740	4	8	45.199639	100.000000	1.035827	0.255531	0.133047	0.091652	0.069814	
123	0.020503	4	16	28.490333	100.000000	1.236279	0.304438	0.159653	0.108055	0.083825	

123	0.021843	5	1	67.757889	99.972221	0.753289	0.187114	0.096173	0.066310	0.050674	
123	0.019237	5	2	49.844194	100.000000	0.975523	0.245202	0.125481	0.084931	0.065697	
123	0.019002	5	4	37.704583	100.000000	1.119551	0.277529	0.144153	0.098647	0.075664	
123	0.018224	5	8	22.822000	100.000000	1.301277	0.330166	0.169361	0.113991	0.088271	
123	0.017010	5	16	10.800250	100.000000	1.446137	0.361683	0.187352	0.129163	0.099633	

128	2.827724	1	1	99.118417	74.250000	0.376111	0.088577	0.045661	0.031358	0.025244	
128	0.015482	1	1	99.118417	74.250000	0.376695	0.088975	0.046856	0.031302	0.023881	
128	0.018624	1	2	98.526056	84.916672	0.384162	0.091356	0.046457	0.031583	0.024429	
128	0.024978	1	4	97.315528	91.694443	0.399528	0.092924	0.048469	0.033491	0.025476	
128	0.023321	1	8	95.312583	96.416664	0.423675	0.098595	0.050778	0.034997	0.027184	
128	0.020020	1	16	91.959111	98.527779	0.467776	0.111877	0.056526	0.039688	0.030209	

128	0.019132	2	1	97.175944	94.750000	0.401381	0.093177	0.047963	0.033147	0.025729	
128	0.018437	2	2	95.105833	98.138885	0.428337	0.099536	0.051316	0.035404	0.027486	
128	0.019973	2	4	92.033861	99.472221	0.468472	0.111948	0.057553	0.039117	0.030214	
128	0.024124	2	8	86.575639	99.861107	0.535433	0.127757	0.066523	0.045090	0.034941	
128	0.017966	2	16	78.298222	99.944443	0.638872	0.156572	0.078757	0.054385	0.042120	

128	0.025891	3	1	92.794194	98.972229	0.457357	0.109551	0.055925	0.039404	0.030159	
128	0.017465	3	2	87.093722	99.750000	0.529628	0.127476	0.065542	0.045184	0.034471	
128	0.019800	3	4	80.383389	99.944443	0.613088	0.147945	0.076709	0.052886	0.040320	
128	0.020977	3	8	69.334306	100.000000	0.750705	0.184742	0.093304	0.064360	0.050157	
128	0.017461	3	16	54.579944	100.000000	0.929552	0.231712	0.118961	0.081823	0.062325	

128	0.022988	4	1	83.460639	99.805557	0.572443	0.139119	0.070674	0.049835	0.038202	
128	0.020235	4	2	71.717639	99.944443	0.717089	0.176468	0.090792	0.062588	0.047784	
128	0.018548	4	4	60.762500	100.000000	0.853178	0.212412	0.106804	0.074033	0.057143	
128	0.026720	4	8	45.163639	100.000000	1.047211	0.257231	0.134465	0.092719	0.070597	
128	0.018588	4	16	28.499639	100.000000	1.248057	0.313665	0.161166	0.111072	0.084568	

128	0.020508	5	1	67.736528	100.000000	0.767183	0.188364	0.095987	0.066482	0.051635	
128	0.023485	5	2	49.871417	100.000000	0.981758	0.239480	0.125833	0.085469	0.066101	
128	0.021825	5	4	37.685278	100.000000	1.133459	0.278661	0.142836	0.098525	0.077120	
128	0.019566	5	8	22.803222	100.000000	1.313339	0.324791	0.166583	0.114857	0.089034	
128	0.023060	5	16	10.806833	100.000000	1.456298	0.361246	0.188914	0.129231	0.099098	

133	2.840267	1	1	99.121528	75.083336	0.385935	0.091715	0.046752	0.032362	0.024658	
133	0.020347	1	1	99.121528	75.083336	0.385819	0.090906	0.046928	0.032363	0.024684	
133	0.021587	1	2	98.533111	86.388885	0.395186	0.092423	0.047076	0.032506	0.025206	
133	0.020310	1	4	97.328667	92.777779	0.410774	0.096319	0.049987	0.034179	0.026264	
133	0.019133	1	8	95.350417	97.055557	0.434879	0.101915	0.052210	0.036673	0.027924	
133	0.021295	1	16	91.992944	98.638885	0.479152	0.118383	0.058089	0.040704	0.030996	

133	0.024150	2	1	97.192833	95.166664	0.411741	0.096230	0.049424	0.034701	0.026477	
133	0.019811	2	2	95.136417	98.333336	0.438916	0.104783	0.052746	0.037052	0.028237	
133	0.018812	2	4	92.082694	99.583336	0.478279	0.114710	0.058133	0.040210	0.030989	
133	0.026025	2	8	86.661111	99.944443	0.546432	0.129308	0.067054	0.046039	0.035694	
133	0.019793	2	16	78.347000	99.972221	0.650236	0.159247	0.080385	0.055539	0.042953	

133	0.021905	3	1	92.809944	99.027779	0.467356	0.111753	0.058210	0.040373	0.030903	
133	0.020094	3	2	87.114556	99.777779	0.539546	0.131709	0.065816	0.045488	0.035292	
133	0.019079	3	4	80.435722	99.972221	0.623975	0.153402	0.078267	0.053321	0.041122	
133	0.020821	3	8	69.440111	100.000000	0.761940	0.188446	0.096625	0.066524	0.050691	
133	0.023716	3	16	54.606472	100.000000	0.941178	0.234671	0.119641	0.082986	0.063259	

133	0.021646	4	1	83.481806	99.916664	0.584001	0.139822	0.073593	0.050137	0.039048	
133	0.019612	4	2	71.698306	99.944443	0.729410	0.180249	0.092280	0.063754	0.048665	
133	0.022391	4	4	60.793056	100.000000	0.866429	0.214916	0.108625	0.076225	0.058776	
133	0.019805	4	8	45.251167	100.000000	1.058178	0.264018	0.140706	0.094044	0.071444	
133	0.018291	4	16	28.516111	100.000000	1.259739	0.316625	0.160926	0.110479	0.086179	

133	0.021562	5	1	67.731861	100.000000	0.780186	0.190950	0.097966	0.068776	0.052529	
133	0.018652	5	2	49.799556	100.000000	1.005154	0.250764	0.128214	0.088111	0.067166	
133	0.020361	5	4	37.692806	100.000000	1.142915	0.287143	0.145878	0.101174	0.078025	
133	0.019725	5	8	22.849889	100.000000	1.323771	0.326390	0.170537	0.118321	0.090548	
133	0.019989	5	16	10.794889	100.000000	1.469343	0.364683	0.187746	0.131600	0.100032	

138	2.838692	1	1	99.125194	76.555557	0.399026	0.097160	0.048662	0.033516	0.025563	
138	0.021798	1	1	99.125194	76.555557	0.400107	0.092925	0.048635	0.033532	0.025581	
138	0.021064	1	2	98.535139	87.361107	0.407986	0.096956	0.049634	0.033750	0.026131	
138	0.026405	1	4	97.342028	93.500000	0.423280	0.100008	0.051706	0.035027	0.027155	
138	0.022485	1	8	95.380139	97.472221	0.446284	0.105296	0.054845	0.037227	0.028794	
138	0.020197	1	16	92.026778	99.000000	0.490533	0.118531	0.061244	0.041102	0.031816	

138	0.022115	2	1	97.196556	95.305557	0.424461	0.099336	0.052005	0.035907	0.027402	
138	0.020908	2	2	95.139778	98.388885	0.451520	0.108310	0.055264	0.038200	0.029104	
138	0.020332	2	4	92.117972	99.583336	0.491105	0.119282	0.060559	0.041770	0.031906	
138	0.021492	2	8	86.735889	99.972221	0.558643	0.135386	0.068371	0.047158	0.036530	
138	0.022735	2	16	78.433611	99.972221	0.660675	0.162062	0.081818	0.056708	0.043674	

138	0.024855	3	1	92.810667	99.250000	0.479817	0.120738	0.058662	0.040701	0.031786	
138	0.024451	3	2	87.108583	99.805557	0.551413	0.130950	0.068666	0.046752	0.036184	
138	0.022228	3	4	80.489472	99.972221	0.635194	0.156472	0.078807	0.054041	0.041932	
138	0.021773	3	8	69.544000	100.000000	0.771996	0.188276	0.097933	0.066654	0.051422	
138	0.020332	3	16	54.716194	100.000000	0.951719	0.236833	0.119886	0.083976	0.063918	

138	0.026979	4	1	83.417500	99.944443	0.597249	0.147707	0.075453	0.052190	0.039978	
138	0.026313	4	2	71.635833	99.944443	0.741895	0.179031	0.094132	0.064428	0.049558	
138	0.020014	4	4	60.822944	100.000000	0.876367	0.218239	0.111817	0.077182	0.058804	
138	0.022077	4	8	45.340333	100.000000	1.067365	0.267363	0.137203	0.094595	0.072048	
138	0.020952	4	16	28.582500	100.000000	1.271494	0.319799	0.164157	0.113320	0.086318	

138	0.024787	5	1	67.552778	100.000000	0.797072	0.194907	0.101894	0.070304	0.053691	
138	0.019724	5	2	49.687444	100.000000	1.010138	0.252695	0.126970	0.089265	0.067989	
138	0.019471	5	4	37.693278	100.000000	1.155242	0.289607	0.146415	0.100916	0.078160	
138	0.025438	5	8	22.902278	100.000000	1.335505	0.331513	0.170256	0.119059	0.090642	
138	0.024046	5	16	10.814306	100.000000	1.480678	0.369250	0.192284	0.131424	0.103355	

143	2.841550	1	1	99.127056	77.750000	0.409333	0.096290	0.049064	0.034570	0.026313	
143	0.024712	1	1	99.127056	77.750000	0.410447	0.096124	0.050068	0.034490	0.026328	
143	0.021371	1	2	98.533583	88.444443	0.418349	0.100028	0.050348	0.035122	0.026855	
143	0.020463	1	4	97.345583	93.916664	0.434225	0.104407	0.053081	0.036192	0.027905	
143	0.023736	1	8	95.388583	97.583336	0.457805	0.110253	0.056250	0.038137	0.029558	
143	0.021575	1	16	92.025444	99.055557	0.501464	0.121727	0.063324	0.042753	0.032576	

143	0.021123	2	1	97.203306	95.750000	0.435459	0.104154	0.052607	0.036317	0.028185	
143	0.026296	2	2	95.130167	98.472221	0.461816	0.112426	0.056925	0.038583	0.029876	
143	0.021831	2	4	92.125306	99.694443	0.501395	0.121654	0.062037	0.042749	0.032594	
143	0.019664	2	8	86.754778	99.972221	0.569305	0.136853	0.071021	0.048117	0.037270	
143	0.022716	2	16	78.436611	99.972221	0.672586	0.165401	0.083327	0.057541	0.044501	

143	0.023640	3	1	92.813778	99.333336	0.490833	0.119658	0.061372	0.042431	0.032515	
143	0.020222	3	2	87.084583	99.805557	0.562858	0.135386	0.069204	0.048449	0.036942	
143	0.023794	3	4	80.500139	99.972221	0.647142	0.156367	0.081373	0.056049	0.042722	
143	0.021405	3	8	69.544611	100.000000	0.784734	0.194095	0.097650	0.067393	0.052274	
143	0.023168	3	16	54.707778	100.000000	0.965475	0.240454	0.121220	0.083843	0.064814	

143	0.021987	4	1	83.418750	99.944443	0.608463	0.145845	0.076897	0.052301	0.040726	
143	0.019387	4	2	71.580444	99.944443	0.755848	0.184080	0.094074	0.066107	0.050433	
143	0.023655	4	4	60.840222	100.000000	0.891343	0.220306	0.111618	0.077087	0.059779	
143	0.022736	4	8	45.329472	100.000000	1.080321	0.269491	0.139013	0.094078	0.073599	
143	0.021815	4	16	28.560917	100.000000	1.282561	0.317989	0.163124	0.114382	0.087614	

143	0.023519	5	1	67.555194	100.000000	0.803766	0.199553	0.102838	0.071338	0.054177	
143	0.021732	5	2	49.647833	100.000000	1.023298	0.252560	0.131151	0.088922	0.068889	
143	0.030075	5	4	37.723667	100.000000	1.166165	0.286376	0.150426	0.102226	0.078998	
143	0.021622	5	8	22.891889	100.000000	1.349055	0.339145	0.171502	0.118194	0.091581	
143	0.023544	5	16	10.802472	100.000000	1.493963	0.377805	0.194083	0.131362	0.101810	

148	2.847414	1	1	99.127583	78.777779	0.422431	0.100583	0.051874	0.035084	0.027260	
148	0.022454	1	1	99.127583	78.777779	0.424680	0.100398	0.051696	0.035733	0.027242	
148	0.021847	1	2	98.530667	88.944450	0.432575	0.100918	0.052323	0.036497	0.027799	
148	0.022687	1	4	97.348583	94.638893	0.447575	0.107099	0.054909	0.037836	0.028869	
148	0.025054	1	8	95.391639	98.055557	0.472445	0.115324	0.058376	0.040144	0.030477	
148	0.026665	1	16	92.032667	99.138893	0.513318	0.122570	0.063765	0.043112	0.033433	

148	0.021044	2	1	97.207861	96.083328	0.448959	0.106093	0.054340	0.037597	0.029091	
148	0.020653	2	2	95.132361	98.722221	0.476067	0.112957	0.057468	0.039702	0.030784	
148	0.021108	2	4	92.137667	99.777779	0.514984	0.122026	0.063736	0.043209	0.033503	
148	0.020568	2	8	86.759639	99.972221	0.581744	0.140556	0.072692	0.049265	0.038126	
148	0.021602	2	16	78.426806	99.972221	0.684387	0.168118	0.086465	0.059495	0.045291	

148	0.019721	3	1	92.795639	99.555557	0.506426	0.122490	0.063096	0.043024	0.033478	
148	0.022881	3	2	87.046194	99.861107	0.576003	0.141417	0.070655	0.048822	0.037859	
148	0.021012	3	4	80.497361	99.944443	0.659322	0.162169	0.082780	0.057158	0.043570	
148	0.022485	3	8	69.521722	100.000000	0.796486	0.197847	0.101119	0.069670	0.053093	
148	0.024018	3	16	54.664389	100.000000	0.976475	0.240483	0.122733	0.084662	0.065703	

148	0.023171	4	1	83.358389	99.944443	0.622684	0.153829	0.077491	0.054525	0.041702	
148	0.021259	4	2	71.488833	99.972221	0.768245	0.189791	0.095683	0.067336	0.051343	
148	0.020712	4	4	60.817389	100.000000	0.900673	0.219299	0.115276	0.078319	0.060465	
148	0.027463	4	8	45.288194	100.000000	1.097201	0.276063	0.141588	0.095528	0.073874	
148	0.020091	4	16	28.529667	100.000000	1.295751	0.325759	0.164678	0.113737	0.087852	

148	0.019988	5	1	67.449667	100.000000	0.818226	0.203647	0.105167	0.072202	0.056365	
148	0.022415	5	2	49.531194	100.000000	1.036946	0.255018	0.132534	0.090873	0.069781	
148	0.019833	5	4	37.732639	100.000000	1.178695	0.295804	0.148974	0.103011	0.079752	
148	0.020361	5	8	22.878833	100.000000	1.360781	0.343709	0.176052	0.119626	0.092324	
148	0.022669	5	16	10.793528	100.000000	1.507114	0.373963	0.195377	0.134741	0.102517	

153	2.845876	1	1	99.138417	79.138885	0.432742	0.104285	0.054625	0.036621	0.027948	
153	0.023548	1	1	99.138417	79.138885	0.434054	0.104677	0.053199	0.036689	0.027947	
153	0.026914	1	2	98.544472	89.194450	0.441319	0.104821	0.054162	0.036715	0.028509	
153	0.019018	1	4	97.363694	94.722221	0.459452	0.108854	0.056278	0.038827	0.029540	
153	0.024318	1	8	95.409222	97.972221	0.481279	0.116699	0.059386	0.040936	0.031183	
153	0.023985	1	16	92.042833	99.250000	0.524739	0.126840	0.063938	0.044925	0.034184	

153	0.021941	2	1	97.239194	96.416664	0.459016	0.110205	0.055434	0.039056	0.029775	
153	0.024727	2	2	95.158889	98.888885	0.486066	0.115437	0.060028	0.040689	0.031515	
153	0.020494	2	4	92.169472	99.833336	0.525157	0.125481	0.065187	0.044934	0.034203	
153	0.025934	2	8	86.775583	99.972221	0.591673	0.143242	0.074197	0.050220	0.039201	
153	0.023489	2	16	78.453722	99.972221	0.696477	0.169562	0.087915	0.060496	0.046091	

153	0.022599	3	1	92.865944	99.361107	0.514998	0.125067	0.064438	0.044625	0.034179	
153	0.021309	3	2	87.091361	99.805557	0.586873	0.143518	0.073352	0.050317	0.038603	
153	0.024387	3	4	80.517278	99.972221	0.670407	0.166389	0.087522	0.058167	0.044344	
153	0.022677	3	8	69.516389	100.000000	0.808295	0.200514	0.102901	0.070744	0.053926	
153	0.021362	3	16	54.683306	100.000000	0.990046	0.246581	0.124337	0.086069	0.066466	

153	0.023585	4	1	83.433139	99.916664	0.633016	0.152706	0.080129	0.055359	0.042401	
153	0.024781	4	2	71.515528	99.972221	0.782504	0.190865	0.099345	0.067337	0.052333	
153	0.022689	4	4	60.836722	100.000000	0.912357	0.227699	0.117479	0.080345	0.061278	
153	0.021337	4	8	45.265778	100.000000	1.105348	0.277609	0.142030	0.096292	0.074638	
153	0.022890	4	16	28.542972	100.000000	1.307391	0.331538	0.166033	0.116550	0.088933	

153	0.024322	5	1	67.547917	100.000000	0.828299	0.206300	0.103879	0.073177	0.055865	
153	0.023628	5	2	49.553361	100.000000	1.046148	0.261987	0.132209	0.092734	0.070582	
153	0.021964	5	4	37.730083	100.000000	1.191474	0.294585	0.151045	0.105939	0.080622	
153	0.020523	5	8	22.859444	100.000000	1.373847	0.346677	0.174513	0.122460	0.093225	
153	0.025062	5	16	10.801806	100.000000	1.523654	0.376697	0.195178	0.134393	0.103926	

158	2.838688	1	1	99.154611	79.277779	0.446756	0.108316	0.053959	0.037942	0.028904	
158	0.027726	1	1	99.154611	79.277779	0.446983	0.107110	0.055030	0.037925	0.028919	
158	0.022419	1	2	98.562417	89.527779	0.455508	0.109156	0.054990	0.038585	0.029448	
158	0.027519	1	4	97.384639	95.000000	0.470905	0.113196	0.058026	0.039358	0.030492	
158	0.023299	1	8	95.421167	98.305550	0.494263	0.119539	0.061158	0.042134	0.032067	
158	0.022402	1	16	92.064472	99.305557	0.537623	0.130871	0.066797	0.045261	0.035070	

158	0.024519	2	1	97.296611	96.361115	0.471935	0.114308	0.058111	0.040113	0.030697	
158	0.023092	2	2	95.212806	99.000000	0.498296	0.120088	0.060609	0.041819	0.032388	
158	0.022521	2	4	92.221556	99.888893	0.537105	0.130129	0.066859	0.046029	0.035076	
158	0.022608	2	8	86.805500	99.972221	0.605165	0.147645	0.075574	0.052185	0.039760	
158	0.021653	2	16	78.498972	99.972221	0.707023	0.173527	0.087749	0.060610	0.046883	

158	0.024603	3	1	92.985861	99.444443	0.526355	0.128606	0.064771	0.044960	0.035018	
158	0.021854	3	2	87.202917	99.916664	0.599048	0.143569	0.075009	0.051653	0.039391	
158	0.022249	3	4	80.611194	100.000000	0.681942	0.167017	0.084849	0.058504	0.045149	
158	0.024558	3	8	69.544056	100.000000	0.821896	0.201834	0.102701	0.070766	0.054760	
158	0.022248	3	16	54.733944	100.000000	1.000433	0.243681	0.125855	0.086857	0.067252	

158	0.021866	4	1	83.649500	99.944443	0.643996	0.156270	0.081668	0.056388	0.043178	
158	0.024928	4	2	71.669722	99.972221	0.789591	0.193681	0.098941	0.068820	0.052838	
158	0.024342	4	4	60.944806	100.000000	0.922854	0.227586	0.118064	0.081314	0.062001	
158	0.023006	4	8	45.294556	100.000000	1.118231	0.275667	0.143905	0.097828	0.075531	
158	0.024623	4	16	28.571000	100.000000	1.320091	0.331781	0.171305	0.116136	0.089615	

158	0.024943	5	1	67.806889	100.000000	0.839164	0.210744	0.108668	0.072835	0.056672	
158	0.023299	5	2	49.717083	100.000000	1.055829	0.259534	0.135782	0.091995	0.071267	
158	0.022361	5	4	37.823139	100.000000	1.201434	0.298223	0.153376	0.105147	0.082239	
158	0.023746	5	8	22.865694	100.000000	1.384729	0.342536	0.179227	0.123593	0.094134	
158	0.022724	5	16	10.814833	100.000000	1.530156	0.380707	0.195473	0.134541	0.104174	

163	2.832809	1	1	99.157556	79.222221	0.457924	0.110414	0.056562	0.038527	0.029636	
163	0.019480	1	1	99.157556	79.222221	0.458287	0.110387	0.056251	0.038919	0.029889	
163	0.021374	1	2	98.569417	90.055557	0.465544	0.110590	0.056270	0.038798	0.030142	
163	0.024592	1	4	97.389750	95.361115	0.481631	0.116034	0.058326	0.040972	0.031221	
163	0.021686	1	8	95.429444	98.166672	0.504782	0.121624	0.062350	0.043051	0.032776	
163	0.021038	1	16	92.082056	99.361107	0.548570	0.132944	0.068218	0.047036	0.035812	

163	0.020017	2	1	97.308111	96.638885	0.482252	0.117074	0.059558	0.041180	0.031399	
163	0.021956	2	2	95.238139	99.277779	0.508869	0.123433	0.062973	0.042766	0.033092	
163	0.020963	2	4	92.232167	99.861107	0.546289	0.130090	0.068019	0.047012	0.035809	
163	0.023852	2	8	86.820222	99.972221	0.617424	0.150951	0.077334	0.052438	0.040607	
163	0.021153	2	16	78.539528	99.972221	0.719018	0.173441	0.090635	0.062145	0.048390	

163	0.019970	3	1	92.989667	99.555557	0.538752	0.127726	0.066192	0.045972	0.035738	
163	0.019851	3	2	87.231583	99.944443	0.610191	0.146280	0.076308	0.052684	0.040128	
163	0.021550	3	4	80.573667	100.000000	0.695891	0.170995	0.086338	0.060308	0.045966	
163	0.020566	3	8	69.523222	100.000000	0.831423	0.206726	0.106033	0.072207	0.055602	
163	0.027450	3	16	54.758111	100.000000	1.012118	0.253623	0.127536	0.089614	0.068105	

163	0.020204	4	1	83.642611	99.972221	0.655687	0.158847	0.081527	0.057662	0.044033	
163	0.021432	4	2	71.711194	100.000000	0.801622	0.195956	0.101634	0.070515	0.053622	
163	0.024680	4	4	60.880306	100.000000	0.935806	0.227976	0.117503	0.082547	0.062896	
163	0.026322	4	8	45.282056	100.000000	1.130404	0.277612	0.145180	0.098862	0.076420	
163	0.021630	4	16	28.585472	100.000000	1.331034	0.336434	0.172244	0.116695	0.091107	

163	0.020123	5	1	67.797111	100.000000	0.850496	0.212099	0.107093	0.075099	0.057383	
163	0.022374	5	2	49.730250	100.000000	1.067853	0.269377	0.137733	0.094623	0.072065	
163	0.021244	5	4	37.743833	100.000000	1.217692	0.302487	0.153714	0.106258	0.083058	
163	0.019671	5	8	22.852056	100.000000	1.398107	0.345688	0.180428	0.124701	0.095473	
163	0.020958	5	16	10.822194	100.000000	1.545675	0.383161	0.196909	0.137966	0.105008	

168	2.831500	1	1	99.166556	80.361107	0.470641	0.113816	0.056931	0.040042	0.030586	
168	0.021649	1	1	99.166556	80.361107	0.471242	0.114796	0.058068	0.040159	0.030536	
168	0.020193	1	2	98.578806	90.861115	0.494774	0.117812	0.058845	0.040168	0.031058	
168	0.018384	1	4	97.401750	95.722221	0.495152	0.118503	0.061173	0.041408	0.032122	
168	0.023564	1	8	95.441889	98.527779	0.517677	0.125007	0.064203	0.044293	0.033705	
168	0.022469	1	16	92.101917	99.527779	0.561002	0.134282	0.069868	0.047294	0.036677	

168	0.020291	2	1	97.329417	96.888885	0.494694	0.120749	0.060258	0.041659	0.032293	
168	0.024380	2	2	95.280667	99.305557	0.521521	0.124087	0.064716	0.044680	0.033989	
168	0.020144	2	4	92.273139	99.861107	0.558367	0.134546	0.068558	0.048157	0.036681	
168	0.025909	2	8	86.848500	99.972221	0.630401	0.152113	0.079059	0.053497	0.041483	
168	0.020050	2	16	78.590833	99.972221	0.730836	0.178824	0.091693	0.063631	0.048484	

168	0.020355	3	1	93.045278	99.611107	0.549533	0.131328	0.069035	0.047729	0.036559	
168	0.019519	3	2	87.337111	99.944443	0.622117	0.151758	0.076464	0.052993	0.040994	
168	0.020901	3	4	80.645806	100.000000	0.705600	0.173153	0.089033	0.060540	0.046881	
168	0.025073	3	8	69.555417	100.000000	0.844110	0.206259	0.105691	0.072944	0.056406	
168	0.020630	3	16	54.805278	100.000000	1.023303	0.255659	0.129864	0.088899	0.068899	

168	0.020444	4	1	83.747722	99.972221	0.667465	0.161410	0.084380	0.058410	0.044701	
168	0.023132	4	2	71.882556	100.000000	0.815086	0.202401	0.103421	0.070919	0.055393	
168	0.021009	4	4	60.984500	100.000000	0.946841	0.232330	0.118941	0.082219	0.063607	
168	0.026263	4	8	45.315222	100.000000	1.139465	0.285447	0.146794	0.101198	0.077452	
168	0.022131	4	16	28.607722	100.000000	1.343243	0.331314	0.170491	0.118798	0.091122	

168	0.023542	5	1	67.951611	100.000000	0.862444	0.213889	0.110296	0.074781	0.058180	
168	0.023970	5	2	49.922472	100.000000	1.078062	0.265229	0.138486	0.095496	0.072712	
168	0.020561	5	4	37.827278	100.000000	1.224589	0.302991	0.155460	0.107308	0.082974	
168	0.019177	5	8	22.868028	100.000000	1.407411	0.350504	0.179460	0.125644	0.095658	
168	0.020581	5	16	10.829472	100.000000	1.556629	0.393404	0.201770	0.137015	0.106308	

173	2.830533	1	1	99.165222	80.861107	0.481378	0.116007	0.059433	0.040645	0.031268	
173	0.021495	1	1	99.165222	80.861107	0.482732	0.114952	0.059573	0.040242	0.031351	
173	0.024367	1	2	98.584194	90.944443	0.489441	0.116348	0.060556	0.041669	0.031800	
173	0.020208	1	4	97.411917	95.972221	0.505308	0.122387	0.062469	0.043109	0.032847	
173	0.024443	1	8	95.447528	98.555550	0.529459	0.128026	0.065449	0.044517	0.034469	
173	0.021987	1	16	92.126028	99.583336	0.570795	0.139478	0.071273	0.049070	0.037374	

173	0.020733	2	1	97.322667	96.944443	0.505183	0.122169	0.062719	0.043272	0.033030	
173	0.022385	2	2	95.298139	99.277779	0.532238	0.129458	0.064833	0.044804	0.034723	
173	0.022545	2	4	92.312972	99.833336	0.571639	0.139165	0.071194	0.049088	0.037402	
173	0.024367	2	8	86.867639	99.972221	0.638095	0.154028	0.078912	0.054457	0.042194	
173	0.022216	2	16	78.646944	99.972221	0.741270	0.182046	0.093836	0.064693	0.049346	

173	0.020799	3	1	93.020361	99.611107	0.561241	0.135121	0.070648	0.048074	0.037381	
173	0.022580	3	2	87.355917	99.944443	0.631213	0.154442	0.077734	0.053673	0.041688	
173	0.021338	3	4	80.694528	100.000000	0.715952	0.177136	0.090491	0.062392	0.047522	
173	0.023048	3	8	69.554333	100.000000	0.855144	0.209918	0.107462	0.075237	0.057272	
173	0.020885	3	16	54.856056	100.000000	1.034876	0.258677	0.130738	0.091536	0.069693	

173	0.023042	4	1	83.679500	99.944443	0.678856	0.165070	0.086240	0.059704	0.046490	
173	0.020992	4	2	71.876028	100.000000	0.822325	0.201653	0.104750	0.071771	0.055119	
173	0.021895	4	4	61.032528	100.000000	0.958497	0.239368	0.120778	0.083972	0.064545	
173	0.022878	4	8	45.283472	100.000000	1.154683	0.285158	0.145807	0.102392	0.077946	
173	0.021774	4	16	28.645528	100.000000	1.354594	0.334588	0.175923	0.118727	0.092391	

173	0.022302	5	1	67.838667	100.000000	0.874243	0.217337	0.110413	0.077426	0.059113	
173	0.020270	5	2	49.902528	100.000000	1.089240	0.273744	0.137928	0.094905	0.073597	
173	0.021790	5	4	37.867694	100.000000	1.236379	0.305047	0.157079	0.108281	0.083861	
173	0.020046	5	8	22.836389	100.000000	1.420928	0.350842	0.184311	0.124602	0.096625	
173	0.022106	5	16	10.846583	100.000000	1.565071	0.388762	0.203665	0.139168	0.107414	

178	2.880715	1	1	99.164056	82.805557	0.489038	0.119907	0.061139	0.041543	0.032204	
178	0.022735	1	1	99.164056	82.805557	0.494601	0.119300	0.060007	0.042226	0.032186	
178	0.019713	1	2	98.580722	91.972221	0.503159	0.120842	0.061073	0.042153	0.032704	
178	0.023383	1	4	97.418083	96.583328	0.519929	0.126026	0.063073	0.043574	0.033755	
178	0.025179	1	8	95.456167	98.611107	0.541050	0.128433	0.067305	0.045560	0.035347	
178	0.024417	1	16	92.132278	99.500000	0.583529	0.139784	0.072684	0.050255	0.038240	

178	0.022740	2	1	97.321056	97.305557	0.518507	0.126274	0.064447	0.044575	0.034012	
178	0.022163	2	2	95.279750	99.500000	0.545200	0.130608	0.067764	0.046129	0.035616	
178	0.021892	2	4	92.316750	99.916664	0.585292	0.141857	0.072947	0.050281	0.038304	
178	0.020073	2	8	86.876083	99.972221	0.652002	0.158750	0.082019	0.055949	0.043032	
178	0.027429	2	16	78.651528	99.972221	0.754831	0.182855	0.095193	0.065310	0.050106	

178	0.021310	3	1	92.999667	99.694443	0.572879	0.136825	0.070950	0.049147	0.038255	
178	0.020214	3	2	87.275250	99.944443	0.644937	0.156054	0.080918	0.055937	0.042605	
178	0.023278	3	4	80.680167	100.000000	0.728948	0.176988	0.092320	0.062536	0.048447	
178	0.022204	3	8	69.562000	100.000000	0.869508	0.217065	0.111342	0.076371	0.058059	
178	0.021970	3	16	54.858778	100.000000	1.045640	0.262133	0.134273	0.092556	0.070549	

178	0.022173	4	1	83.624056	99.972221	0.691896	0.168302	0.086290	0.060810	0.046548	
178	0.022420	4	2	71.758722	100.000000	0.836298	0.202726	0.106791	0.073615	0.056169	
178	0.022379	4	4	61.022333	100.000000	0.968819	0.242691	0.121937	0.084118	0.065244	
178	0.021125	4	8	45.288194	100.000000	1.163359	0.288847	0.147401	0.103350	0.079546	
178	0.020775	4	16	28.638167	100.000000	1.364929	0.341954	0.174041	0.121884	0.093640	

178	0.023542	5	1	67.757222	100.000000	0.886235	0.217187	0.111700	0.078413	0.059842	
178	0.021862	5	2	49.796417	100.000000	1.103158	0.276381	0.142273	0.097884	0.074616	
178	0.023912	5	4	37.878389	100.000000	1.247135	0.308535	0.158396	0.111054	0.085153	
178	0.019900	5	8	22.857139	100.000000	1.431219	0.354201	0.182078	0.127816	0.097353	
178	0.022763	5	16	10.840056	100.000000	1.579932	0.395230	0.203536	0.139165	0.107457	

183	2.839477	1	1	99.170083	83.305557	0.503967	0.119336	0.061574	0.043253	0.032939	
183	0.024626	1	1	99.170083	83.305557	0.504736	0.119577	0.062638	0.042390	0.032933	
183	0.023135	1	2	98.590472	92.416672	0.513621	0.123583	0.063595	0.043111	0.033455	
183	0.022419	1	4	97.429139	96.555557	0.528367	0.130927	0.064413	0.044571	0.034485	
183	0.026577	1	8	95.465056	98.722221	0.551135	0.132498	0.067491	0.047383	0.036109	
183	0.022336	1	16	92.141806	99.527779	0.595756	0.143342	0.073103	0.051323	0.039059	

183	0.022635	2	1	97.330472	97.777779	0.530660	0.128220	0.065938	0.045508	0.034705	
183	0.023875	2	2	95.292139	99.555557	0.556323	0.135230	0.068019	0.047722	0.036346	
183	0.024716	2	4	92.339333	99.916664	0.593589	0.143642	0.073178	0.050312	0.039055	
183	0.023579	2	8	86.885444	99.972221	0.662755	0.162598	0.082426	0.056568	0.043832	
183	0.025385	2	16	78.664917	99.972221	0.766900	0.189283	0.097096	0.066855	0.050945	

183	0.021577	3	1	93.021639	99.722221	0.585652	0.143059	0.073694	0.051062	0.039046	
183	0.022233	3	2	87.323000	99.944443	0.654744	0.157106	0.082470	0.056886	0.043369	
183	0.023131	3	4	80.722028	100.000000	0.738734	0.182345	0.091802	0.063446	0.049153	
183	0.025381	3	8	69.570833	100.000000	0.878951	0.213865	0.112233	0.076016	0.058898	
183	0.021702	3	16	54.876139	100.000000	1.061939	0.259164	0.135906	0.093655	0.071311	

183	0.020683	4	1	83.661889	99.972221	0.703990	0.172737	0.088153	0.061849	0.047267	
183	0.025017	4	2	71.838722	100.000000	0.845880	0.210979	0.106223	0.073185	0.056783	
183	0.022429	4	4	61.061778	100.000000	0.981989	0.244248	0.125731	0.086631	0.066040	
183	0.023817	4	8	45.295222	100.000000	1.175834	0.295315	0.149091	0.102681	0.079586	
183	0.023457	4	16	28.662778	100.000000	1.378423	0.342453	0.178818	0.122946	0.093625	

183	0.022786	5	1	67.806167	100.000000	0.900187	0.218949	0.115317	0.079553	0.060810	
183	0.020754	5	2	49.877917	100.000000	1.113504	0.275138	0.140659	0.097374	0.075321	
183	0.022049	5	4	37.893944	100.000000	1.259927	0.317600	0.162727	0.112290	0.085444	
183	0.021040	5	8	22.855639	100.000000	1.445526	0.358530	0.187194	0.128958	0.098222	
183	0.023073	5	16	10.851611	100.000000	1.589878	0.396258	0.205726	0.140398	0.109079	

188	2.831635	1	1	99.174333	84.777779	0.519409	0.124341	0.064443	0.044450	0.033896	
188	0.021135	1	1	99.174333	84.777779	0.520295	0.126446	0.064917	0.044436	0.033898	
188	0.022296	1	2	98.600389	92.972221	0.526816	0.124998	0.064251	0.044516	0.034401	
188	0.024913	1	4	97.436806	96.833328	0.541862	0.132063	0.067610	0.046473	0.035816	
188	0.021266	1	8	95.474361	98.861107	0.566055	0.141591	0.070393	0.048293	0.037049	
188	0.028024	1	16	92.151750	99.583336	0.606649	0.146934	0.076050	0.052038	0.040065	

188	0.023127	2	1	97.348278	98.027779	0.542290	0.130763	0.067657	0.046626	0.035621	
188	0.026949	2	2	95.310750	99.527779	0.571330	0.137241	0.071009	0.048986	0.037321	
188	0.023551	2	4	92.363278	99.916664	0.606920	0.148665	0.074713	0.052444	0.039932	
188	0.022638	2	8	86.907333	100.000000	0.675795	0.165671	0.083905	0.057993	0.044695	
188	0.020806	2	16	78.684278	100.000000	0.776342	0.192466	0.098469	0.067876	0.051704	

188	0.022407	3	1	93.052667	99.805557	0.598385	0.145714	0.075478	0.052216	0.039990	
188	0.023801	3	2	87.347389	99.972221	0.668212	0.165770	0.083953	0.058045	0.044242	
188	0.020126	3	4	80.742778	100.000000	0.753157	0.186180	0.095155	0.065634	0.050010	
188	0.028564	3	8	69.587889	100.000000	0.899720	0.218894	0.114008	0.078458	0.059814	
188	0.025952	3	16	54.881972	100.000000	1.067628	0.263028	0.137430	0.094661	0.072099	

188	0.021927	4	1	83.711167	99.972221	0.714532	0.177133	0.091066	0.061846	0.048122	
188	0.020253	4	2	71.850361	100.000000	0.857825	0.213434	0.107581	0.074274	0.057620	
188	0.026254	4	4	61.084389	100.000000	0.994826	0.246230	0.127516	0.087560	0.066939	
188	0.020825	4	8	45.307111	100.000000	1.185948	0.297989	0.150274	0.103692	0.080365	
188	0.024096	4	16	28.671444	100.000000	1.387647	0.344401	0.180066	0.121800	0.094431	

188	0.022433	5	1	67.843222	100.000000	0.909405	0.227615	0.114850	0.079392	0.061654	
188	0.024305	5	2	49.869556	100.000000	1.123568	0.281834	0.142674	0.098346	0.076121	
188	0.021469	5	4	37.904472	100.000000	1.270705	0.319451	0.161342	0.113171	0.086246	
188	0.025524	5	8	22.863556	100.000000	1.453863	0.361362	0.188978	0.129933	0.098999	
188	0.021705	5	16	10.861694	100.000000	1.600551	0.404075	0.204226	0.143348	0.109153	

193	2.830943	1	1	99.172917	85.222221	0.528824	0.128945	0.065722	0.044515	0.034599	
193	0.023352	1	1	99.172917	85.222221	0.535165	0.128756	0.065906	0.045357	0.034580	
193	0.020754	1	2	98.597639	93.194443	0.536731	0.127288	0.065437	0.045999	0.035087	
193	0.019908	1	4	97.436222	97.138885	0.552143	0.134128	0.068814	0.047397	0.036211	
193	0.021629	1	8	95.474444	98.972229	0.575659	0.137954	0.070710	0.049450	0.037748	
193	0.024947	1	16	92.141528	99.638893	0.617298	0.150982	0.077320	0.052482	0.040655	

193	0.021992	2	1	97.357139	98.305550	0.552541	0.133237	0.068987	0.047285	0.036391	
193	0.019945	2	2	95.324028	99.555557	0.578400	0.140308	0.071178	0.049483	0.037970	
193	0.022111	2	4	92.366639	99.916664	0.617354	0.151655	0.077446	0.053390	0.040663	
193	0.019695	2	8	86.921944	100.000000	0.686226	0.168576	0.086440	0.059210	0.045454	
193	0.023169	2	16	78.674722	100.000000	0.787444	0.195329	0.098382	0.067902	0.052506	

193	0.020610	3	1	93.050056	99.750000	0.607838	0.149332	0.075589	0.052318	0.040729	
193	0.023085	3	2	87.351222	99.944443	0.678254	0.163947	0.085668	0.058985	0.044973	
193	0.019397	3	4	80.722917	100.000000	0.762989	0.185707	0.095144	0.066716	0.050785	
193	0.019554	3	8	69.586528	100.000000	0.904080	0.222478	0.113252	0.079480	0.060517	
193	0.022278	3	16	54.856611	100.000000	1.081250	0.270542	0.139071	0.095940	0.073004	

193	0.024456	4	1	83.673750	100.000000	0.724583	0.177105	0.092374	0.063840	0.050098	
193	0.021928	4	2	71.814056	100.000000	0.875708	0.215406	0.111273	0.076792	0.058516	
193	0.019330	4	4	61.036472	100.000000	1.003807	0.250531	0.128843	0.088854	0.067717	
193	0.022017	4	8	45.301444	100.000000	1.198134	0.297778	0.154730	0.106637	0.081305	
193	0.019883	4	16	28.652667	100.000000	1.400946	0.357156	0.181745	0.125093	0.095289	

193	0.022670	5	1	67.746111	100.000000	0.924275	0.229520	0.116570	0.081851	0.063162	
193	0.020485	5	2	49.788889	100.000000	1.138213	0.286108	0.146615	0.101174	0.077162	
193	0.023294	5	4	37.857167	100.000000	1.283031	0.317932	0.163674	0.112758	0.087125	
193	0.020339	5	8	22.858806	100.000000	1.467551	0.365793	0.187731	0.131284	0.099859	
193	0.021100	5	16	10.852694	100.000000	1.612021	0.400559	0.209767	0.144685	0.110048	

198	2.829777	1	1	99.184889	85.944443	0.542437	0.130830	0.066280	0.045831	0.035527	
198	0.021216	1	1	99.184889	85.944443	0.542861	0.132028	0.066607	0.045822	0.035543	
198	0.027583	1	2	98.609333	93.361107	0.549148	0.133944	0.068564	0.047276	0.036034	
198	0.021537	1	4	97.448972	97.416672	0.566040	0.135404	0.069282	0.048687	0.037086	
198	0.020647	1	8	95.494833	99.111107	0.589465	0.141510	0.073658	0.050798	0.038688	
198	0.022008	1	16	92.148833	99.666664	0.631023	0.152107	0.077901	0.054642	0.041571	

198	0.021750	2	1	97.389389	98.472221	0.565309	0.138658	0.069520	0.048035	0.037304	
198	0.024599	2	2	95.365750	99.555557	0.591840	0.143999	0.072630	0.050169	0.038887	
198	0.028657	2	4	92.410139	99.944443	0.630438	0.154402	0.079204	0.053686	0.041607	
198	0.022072	2	8	86.969222	100.000000	0.699359	0.172669	0.088248	0.060826	0.046999	
198	0.022265	2	16	78.677028	100.000000	0.801380	0.199579	0.102680	0.069695	0.053474	

198	0.021776	3	1	93.127222	99.833336	0.620839	0.149350	0.078493	0.053437	0.041597	
198	0.025379	3	2	87.437583	99.916664	0.692359	0.166321	0.085740	0.060228	0.045908	
198	0.026805	3	4	80.810861	100.000000	0.774868	0.189497	0.100297	0.067490	0.053476	
198	0.020806	3	8	69.642778	100.000000	0.916630	0.223595	0.114823	0.079362	0.061352	
198	0.019443	3	16	54.845944	100.000000	1.097199	0.270938	0.138331	0.096937	0.073941	

198	0.026483	4	1	83.817250	100.000000	0.739153	0.178709	0.093906	0.064993	0.050352	
198	0.022716	4	2	71.947111	100.000000	0.881400	0.215586	0.112681	0.077303	0.059490	
198	0.027404	4	4	61.137528	100.000000	1.018528	0.254334	0.128281	0.089950	0.068559	
198	0.022123	4	8	45.340167	100.000000	1.210811	0.304242	0.156515	0.107618	0.082391	
198	0.022490	4	16	28.641056	100.000000	1.413296	0.358746	0.183158	0.126178	0.104878	

198	0.021569	5	1	67.953889	100.000000	0.933174	0.233506	0.117914	0.082809	0.063203	
198	0.021595	5	2	49.945583	100.000000	1.150752	0.283951	0.148072	0.102049	0.077751	
198	0.021678	5	4	37.950528	100.000000	1.294520	0.318767	0.164485	0.113873	0.087843	
198	0.027910	5	8	22.893861	100.000000	1.481058	0.367539	0.191150	0.132258	0.101383	
198	0.023282	5	16	10.845250	100.000000	1.625099	0.412343	0.211286	0.145633	0.110922	

203	2.838983	1	1	99.193972	86.111107	0.551723	0.135136	0.070657	0.047462	0.036238	
203	0.022538	1	1	99.193972	86.111107	0.553093	0.134712	0.067768	0.046758	0.036262	
203	0.022833	1	2	98.622056	93.972221	0.560477	0.136494	0.069860	0.047357	0.036761	
203	0.021554	1	4	97.464889	97.666672	0.576420	0.140542	0.072072	0.048717	0.037806	
203	0.022293	1	8	95.515750	99.250000	0.599857	0.147214	0.077127	0.051736	0.039411	
203	0.020282	1	16	92.171861	99.722221	0.643371	0.157309	0.080674	0.055180	0.042349	

203	0.025401	2	1	97.406833	98.666672	0.576608	0.138860	0.070922	0.049806	0.038025	
203	0.024614	2	2	95.398556	99.527779	0.601856	0.143847	0.075376	0.051999	0.039583	
203	0.021109	2	4	92.444250	99.944443	0.641071	0.157894	0.080514	0.055480	0.042280	
203	0.023987	2	8	87.019861	100.000000	0.710110	0.175136	0.088014	0.061792	0.047079	
203	0.024390	2	16	78.722306	100.000000	0.811976	0.201387	0.101367	0.071155	0.054184	

203	0.020763	3	1	93.171083	99.888893	0.630806	0.152980	0.079824	0.054346	0.042316	
203	0.025004	3	2	87.514500	99.972221	0.700485	0.168746	0.087234	0.061033	0.046525	
203	0.020979	3	4	80.875194	100.000000	0.785245	0.191690	0.099706	0.067720	0.052349	
203	0.024559	3	8	69.726778	100.000000	0.924725	0.225327	0.118220	0.081503	0.062079	
203	0.034465	3	16	54.890083	100.000000	1.104834	0.280266	0.142309	0.096309	0.074660	

203	0.023779	4	1	83.902806	100.000000	0.747949	0.185409	0.093891	0.064991	0.050410	
203	0.023365	4	2	72.063028	100.000000	0.891934	0.222200	0.114198	0.077527	0.059961	
203	0.022538	4	4	61.218806	100.000000	1.026433	0.257177	0.129854	0.090961	0.069237	
203	0.023949	4	8	45.416611	100.000000	1.222285	0.307178	0.157717	0.106774	0.082795	
203	0.022997	4	16	28.661889	100.000000	1.427284	0.354609	0.182405	0.127430	0.096994	

203	0.021584	5	1	68.062500	100.000000	0.942478	0.231366	0.121478	0.083439	0.064523	
203	0.020859	5	2	50.068528	100.000000	1.158383	0.286722	0.149677	0.102989	0.079959	
203	0.026260	5	4	38.017000	100.000000	1.306355	0.331792	0.169095	0.116689	0.088775	
203	0.025263	5	8	22.934306	100.000000	1.491490	0.370160	0.192665	0.133289	0.101884	
203	0.022299	5	16	10.846111	100.000000	1.635053	0.407422	0.210120	0.146667	0.111709	

208	2.827805	1	1	99.199861	86.472229	0.566439	0.136045	0.070798	0.048754	0.037219	
208	0.023399	1	1	99.199861	86.472229	0.566181	0.134802	0.069538	0.047986	0.037209	
208	0.020418	1	2	98.630944	94.333336	0.573863	0.137045	0.071755	0.048535	0.037710	
208	0.021449	1	4	97.475611	97.944443	0.589321	0.142367	0.072285	0.049911	0.038710	
208	0.022304	1	8	95.530611	99.472221	0.612700	0.150293	0.075473	0.052954	0.040328	
208	0.023069	1	16	92.189944	99.805557	0.653709	0.160837	0.080862	0.056730	0.043177	

208	0.020147	2	1	97.417000	98.722221	0.589510	0.143953	0.074096	0.051238	0.038915	
208	0.020137	2	2	95.400139	99.583336	0.616524	0.147511	0.077139	0.053170	0.040509	
208	0.026152	2	4	92.454361	99.944443	0.654838	0.160763	0.082276	0.056034	0.043214	
208	0.021392	2	8	87.038750	100.000000	0.721349	0.174184	0.089577	0.062021	0.047999	
208	0.022860	2	16	78.718944	100.000000	0.825064	0.202183	0.102941	0.072215	0.055010	

208	0.020836	3	1	93.182056	99.944443	0.643229	0.159113	0.081304	0.056436	0.043175	
208	0.019859	3	2	87.505278	99.972221	0.714708	0.175464	0.088591	0.062215	0.047423	
208	0.022102	3	4	80.891139	100.000000	0.797148	0.194640	0.099829	0.068930	0.053207	
208	0.020050	3	8	69.740500	100.000000	0.936507	0.233610	0.119902	0.082665	0.062924	
208	0.024205	3	16	54.895917	100.000000	1.116487	0.280574	0.141245	0.097571	0.075473	

208	0.025328	4	1	83.938472	100.000000	0.759596	0.188933	0.095248	0.067100	0.051331	
208	0.037895	4	2	72.053833	100.000000	0.901525	0.230804	0.115594	0.078385	0.060799	
208	0.021607	4	4	61.249472	100.000000	1.038000	0.255538	0.133353	0.091868	0.070424	
208	0.022862	4	8	45.438361	100.000000	1.232213	0.306294	0.159652	0.108151	0.083859	
208	0.027157	4	16	28.662361	100.000000	1.437411	0.362917	0.184993	0.126534	0.098890	

208	0.021580	5	1	68.136556	100.000000	0.954231	0.235045	0.122839	0.084296	0.064772	
208	0.021412	5	2	50.071028	100.000000	1.175689	0.295504	0.148843	0.104685	0.079789	
208	0.022907	5	4	38.048056	100.000000	1.315883	0.326143	0.170234	0.116473	0.089468	
208	0.019856	5	8	22.948083	100.000000	1.503359	0.372894	0.191162	0.132594	0.102240	
208	0.021492	5	16	10.854417	100.000000	1.651863	0.410052	0.211039	0.147937	0.112609	

213	2.823039	1	1	99.198833	86.694443	0.577283	0.140413	0.072174	0.049281	0.037924	
213	0.020856	1	1	99.198833	86.694443	0.576596	0.139070	0.070987	0.049000	0.037981	
213	0.020622	1	2	98.633028	94.388893	0.584085	0.139714	0.072908	0.049415	0.038388	
213	0.023318	1	4	97.476806	97.944443	0.600127	0.146077	0.073646	0.050868	0.039450	
213	0.024046	1	8	95.534972	99.388893	0.623026	0.154279	0.078150	0.053898	0.041044	
213	0.025022	1	16	92.199611	99.694443	0.664100	0.160542	0.083668	0.056887	0.043910	

213	0.022655	2	1	97.419444	98.694443	0.600690	0.143880	0.074292	0.052097	0.039677	
213	0.021515	2	2	95.406111	99.722221	0.625818	0.153763	0.076989	0.053354	0.041238	
213	0.023328	2	4	92.459750	99.944443	0.665062	0.162864	0.082095	0.057650	0.043932	
213	0.022686	2	8	87.055222	100.000000	0.733104	0.176329	0.092751	0.062848	0.048699	
213	0.026319	2	16	78.755833	100.000000	0.834509	0.203968	0.104359	0.071904	0.055773	

213	0.023407	3	1	93.165361	99.944443	0.654227	0.158478	0.083025	0.057457	0.043960	
213	0.023879	3	2	87.503611	99.972221	0.724916	0.175754	0.089887	0.063200	0.048157	
213	0.030178	3	4	80.880472	100.000000	0.808145	0.197098	0.103322	0.070903	0.053987	
213	0.021511	3	8	69.743750	100.000000	0.948881	0.236882	0.119257	0.082197	0.064662	
213	0.024784	3	16	54.931583	100.000000	1.129259	0.281645	0.145369	0.100196	0.076751	

213	0.025317	4	1	83.879472	100.000000	0.769992	0.187234	0.098321	0.068122	0.052025	
213	0.023459	4	2	72.038861	100.000000	0.919139	0.228820	0.115858	0.081154	0.061839	
213	0.021566	4	4	61.239750	100.000000	1.050759	0.266685	0.134877	0.093015	0.070860	
213	0.022256	4	8	45.449528	100.000000	1.245982	0.307290	0.160870	0.108863	0.084429	
213	0.022354	4	16	28.691944	100.000000	1.450597	0.365665	0.185064	0.129594	0.098674	

213	0.022659	5	1	68.032083	100.000000	0.967983	0.241635	0.124435	0.085193	0.065674	
213	0.022867	5	2	50.036944	100.000000	1.184601	0.296937	0.152709	0.103751	0.080278	
213	0.023724	5	4	38.028917	100.000000	1.330268	0.335319	0.169419	0.116887	0.090322	
213	0.025594	5	8	22.946083	100.000000	1.514804	0.378052	0.196597	0.135438	0.103444	
213	0.021443	5	16	10.869333	100.000000	1.660678	0.415153	0.216080	0.148969	0.113993	

218	2.822025	1	1	99.202111	87.138893	0.590282	0.146578	0.074201	0.050898	0.038860	
218	0.021555	1	1	99.202111	87.138893	0.589826	0.143695	0.072567	0.050163	0.038860	
218	0.024976	1	2	98.639111	94.555557	0.597149	0.146569	0.076696	0.050871	0.039346	
218	0.024087	1	4	97.483917	98.055557	0.612853	0.148082	0.075652	0.052179	0.040383	
218	0.022203	1	8	95.541028	99.361107	0.635792	0.156722	0.078411	0.054146	0.041963	
218	0.026502	1	16	92.213694	99.611107	0.677950	0.166428	0.085423	0.058876	0.044831	

218	0.022703	2	1	97.428861	99.000000	0.612875	0.148703	0.075996	0.052563	0.040607	
218	0.025088	2	2	95.421556	99.805557	0.637993	0.155916	0.079123	0.055334	0.042157	
218	0.021671	2	4	92.474583	99.972221	0.677632	0.165860	0.083951	0.058807	0.044810	
218	0.021947	2	8	87.060056	100.000000	0.745679	0.180340	0.093720	0.064003	0.049590	
218	0.028514	2	16	78.776889	100.000000	0.846495	0.210000	0.106258	0.073348	0.056652	

218	0.027503	3	1	93.192472	99.972221	0.666608	0.163066	0.083067	0.057556	0.044857	
218	0.024262	3	2	87.530972	99.972221	0.735604	0.182717	0.093313	0.063367	0.049023	
218	0.023490	3	4	80.911861	100.000000	0.820648	0.201606	0.104470	0.070837	0.054833	
218	0.021995	3	8	69.755917	100.000000	0.971740	0.236623	0.122999	0.084711	0.064579	
218	0.023855	3	16	54.960667	100.000000	1.142364	0.280028	0.146484	0.100402	0.078816	

218	0.029487	4	1	83.891861	100.000000	0.785788	0.191823	0.098803	0.068225	0.053132	
218	0.025127	4	2	72.050472	100.000000	0.927459	0.226339	0.118775	0.081914	0.062415	
218	0.021867	4	4	61.261472	100.000000	1.061389	0.261909	0.136482	0.093997	0.071653	
218	0.025456	4	8	45.447278	100.000000	1.257124	0.316381	0.159316	0.111878	0.085201	
218	0.026937	4	16	28.711250	100.000000	1.460260	0.364247	0.189447	0.129680	0.099890	

218	0.025147	5	1	68.026111	100.000000	0.980268	0.248256	0.124954	0.085669	0.067976	
218	0.026908	5	2	50.033417	100.000000	1.196365	0.295229	0.151707	0.104598	0.080976	
218	0.023843	5	4	38.039472	100.000000	1.340809	0.338614	0.170392	0.117707	0.091123	
218	0.022470	5	8	22.938306	100.000000	1.525849	0.383393	0.195714	0.134075	0.103874	
218	0.024915	5	16	10.877389	100.000000	1.671672	0.415124	0.217810	0.149922	0.114150	

223	2.835321	1	1	99.202306	87.805557	0.600148	0.146589	0.073877	0.051959	0.039582	
223	0.024355	1	1	99.202306	87.805557	0.600271	0.144961	0.075207	0.051904	0.039595	
223	0.022931	1	2	98.642250	95.027779	0.607423	0.149529	0.075519	0.052590	0.040059	
223	0.026355	1	4	97.488056	98.083336	0.623829	0.152528	0.078276	0.053929	0.041104	
223	0.025208	1	8	95.549083	99.472221	0.647530	0.158459	0.079793	0.055092	0.042732	
223	0.028345	1	16	92.227556	99.750000	0.688946	0.168730	0.087431	0.058937	0.045625	

223	0.027161	2	1	97.421750	99.277779	0.624908	0.151337	0.077104	0.053311	0.041368	
223	0.029456	2	2	95.427083	99.833336	0.648188	0.160059	0.081668	0.055884	0.042899	
223	0.027836	2	4	92.484444	99.972221	0.687188	0.164990	0.085301	0.059798	0.045567	
223	0.027437	2	8	87.078611	100.000000	0.756798	0.182580	0.095879	0.066139	0.050353	
223	0.031179	2	16	78.804361	100.000000	0.858001	0.214214	0.109414	0.075033	0.057684	

223	0.025963	3	1	93.172250	99.944443	0.677282	0.168338	0.087369	0.058611	0.055103	
223	0.024318	3	2	87.532944	100.000000	0.748182	0.182947	0.094404	0.065348	0.049803	
223	0.024455	3	4	80.911444	100.000000	0.832017	0.206377	0.105918	0.072994	0.055608	
223	0.025911	3	8	69.768250	100.000000	0.972973	0.243308	0.128782	0.085101	0.065368	
223	0.024373	3	16	54.975556	100.000000	1.152682	0.287694	0.146347	0.102325	0.077942	

223	0.022992	4	1	83.856333	100.000000	0.794290	0.196553	0.101418	0.070423	0.053731	
223	0.026253	4	2	72.052500	100.000000	0.940592	0.230928	0.120316	0.083018	0.063600	
223	0.022008	4	4	61.255556	100.000000	1.073671	0.263188	0.138046	0.093471	0.072525	
223	0.027444	4	8	45.446722	100.000000	1.271769	0.319649	0.163870	0.111085	0.087297	
223	0.031393	4	16	28.724778	100.000000	1.471639	0.365493	0.188078	0.129772	0.100287	

223	0.023000	5	1	67.953833	100.000000	0.990274	0.244783	0.125091	0.087071	0.067250	
223	0.027253	5	2	50.013694	100.000000	1.206685	0.303274	0.155423	0.107481	0.082848	
223	0.026513	5	4	38.011556	100.000000	1.353785	0.338845	0.172259	0.118875	0.092241	
223	0.026219	5	8	22.931778	100.000000	1.535889	0.388723	0.199702	0.137414	0.104780	
223	0.038682	5	16	10.886833	100.000000	1.683861	0.419445	0.215624	0.151243	0.115106	

