=== Intel PCAF digits

5	0.012317	1	1	99.218304	52.281582	0.056345	0.014126	0.007097	0.004757	0.003611	
5	0.004711	1	1	99.218304	52.281582	0.056292	0.014135	0.007102	0.004758	0.003593	
5	0.005004	1	2	98.741996	64.440735	0.059255	0.014876	0.007466	0.005004	0.003784	
5	0.005052	1	4	97.909018	74.012245	0.066537	0.016082	0.008075	0.005412	0.004084	
5	0.005006	1	8	96.480663	81.552589	0.072958	0.018457	0.009244	0.006162	0.004650	
5	0.005092	1	16	94.109591	88.369507	0.091302	0.022192	0.011121	0.007448	0.005605	

5	0.005121	2	1	97.631461	81.552589	0.064576	0.016202	0.008132	0.005455	0.004109	
5	0.004967	2	2	96.218128	88.397331	0.072024	0.018074	0.009073	0.006075	0.004582	
5	0.005199	2	4	93.959051	93.628273	0.083678	0.021043	0.010560	0.007067	0.005327	
5	0.005160	2	8	90.212944	96.967163	0.104093	0.026119	0.013105	0.008764	0.006593	
5	0.004999	2	16	84.249187	98.580971	0.138129	0.034643	0.017386	0.011607	0.008726	

5	0.005145	3	1	94.246274	93.377853	0.081219	0.020338	0.010202	0.006842	0.005168	
5	0.005047	3	2	90.785905	96.633278	0.098273	0.024626	0.012350	0.008274	0.006225	
5	0.004900	3	4	86.157270	98.747917	0.120829	0.030251	0.015167	0.010153	0.007629	
5	0.005101	3	8	78.941361	99.471344	0.157222	0.039484	0.019790	0.013214	0.009941	
5	0.005090	3	16	67.398741	99.777405	0.217653	0.054720	0.027399	0.018295	0.013743	

5	0.005082	4	1	87.824521	97.746239	0.111340	0.028008	0.014060	0.009410	0.007105	
5	0.006522	4	2	80.573953	99.193100	0.146309	0.036666	0.018384	0.012289	0.009251	
5	0.006000	4	4	72.705170	99.610458	0.183179	0.045900	0.023001	0.015381	0.011553	
5	0.005280	4	8	61.396206	99.916527	0.237404	0.059927	0.030019	0.020035	0.015058	
5	0.004976	4	16	46.148498	99.944351	0.313200	0.077970	0.040187	0.025748	0.019950	

5	0.005599	5	1	76.797147	99.554810	0.161333	0.040607	0.020372	0.013640	0.010289	
5	0.005188	5	2	65.027189	99.860878	0.215691	0.054284	0.027196	0.018166	0.013671	
5	0.006281	5	4	54.914380	99.944351	0.262749	0.065704	0.032928	0.021880	0.016542	
5	0.005396	5	8	41.127342	100.000000	0.319666	0.079827	0.039126	0.027066	0.020631	
5	0.005077	5	16	26.113013	100.000000	0.395430	0.092503	0.047762	0.032908	0.025109	

6	0.012685	1	1	99.280066	57.679470	0.061486	0.015436	0.007738	0.005189	0.003915	
6	0.005365	1	1	99.280066	57.679470	0.061566	0.015457	0.007764	0.005198	0.003931	
6	0.005278	1	2	98.812521	69.476906	0.064343	0.016137	0.008106	0.005432	0.004093	
6	0.005326	1	4	98.010198	78.380630	0.069245	0.017357	0.008716	0.005838	0.004405	
6	0.005433	1	8	96.629267	85.503616	0.077643	0.019481	0.009775	0.006546	0.004934	
6	0.005461	1	16	94.291340	91.012802	0.092421	0.023231	0.011645	0.007791	0.005865	

6	0.005549	2	1	97.827460	84.780190	0.068842	0.017277	0.008681	0.005821	0.004391	
6	0.005338	2	2	96.439542	91.485809	0.076077	0.019093	0.009592	0.006412	0.004843	
6	0.005349	2	4	94.242096	95.659431	0.087534	0.021957	0.011012	0.007371	0.005553	
6	0.005411	2	8	90.606762	98.497498	0.107126	0.026869	0.013465	0.009010	0.006781	
6	0.005227	2	16	84.698900	99.165276	0.139909	0.035130	0.017625	0.011778	0.008862	

6	0.005464	3	1	94.573585	94.713417	0.084514	0.021230	0.010660	0.007144	0.005391	
6	0.005400	3	2	91.183565	97.885361	0.100969	0.025464	0.012739	0.008530	0.006418	
6	0.005189	3	4	86.669386	99.053978	0.228715	0.037274	0.015469	0.010335	0.007775	
6	0.005437	3	8	79.470769	99.666115	0.159240	0.039873	0.019987	0.013363	0.010044	
6	0.005319	3	16	68.047510	99.860878	0.217990	0.054758	0.027426	0.018311	0.013768	

6	0.005465	4	1	88.214860	98.553146	0.114643	0.028804	0.014463	0.009689	0.007315	
6	0.005442	4	2	81.059504	99.499168	0.147789	0.037181	0.018657	0.012488	0.009385	
6	0.005361	4	4	73.250605	99.944351	0.175836	0.046211	0.023164	0.015466	0.011637	
6	0.005401	4	8	61.975208	100.000000	0.238891	0.059905	0.030012	0.019997	0.015100	
6	0.005435	4	16	46.759014	99.972176	0.311867	0.077275	0.037839	0.025631	0.019889	

6	0.009040	5	1	77.231897	99.693939	0.164375	0.041124	0.020680	0.013851	0.010439	
6	0.005615	5	2	65.545214	99.916527	0.220797	0.054623	0.027394	0.018311	0.013774	
6	0.005301	5	4	55.426525	99.972176	0.245485	0.065989	0.033070	0.022085	0.016600	
6	0.005423	5	8	41.544100	100.000000	0.327821	0.079611	0.039127	0.027142	0.020690	
6	0.005491	5	16	26.541184	100.000000	0.395628	0.093721	0.049299	0.032463	0.025220	

7	0.013063	1	1	99.330619	63.133003	0.063584	0.015929	0.007995	0.005362	0.004048	
7	0.005538	1	1	99.330619	63.133003	0.063573	0.015906	0.007992	0.005364	0.004044	
7	0.005727	1	2	98.894589	73.873123	0.065666	0.016595	0.008326	0.005587	0.004218	
7	0.005639	1	4	98.120651	82.442963	0.070890	0.017758	0.008938	0.005982	0.004506	
7	0.005803	1	8	96.801671	89.037285	0.079021	0.019812	0.009946	0.006659	0.005021	
7	0.005771	1	16	94.519115	93.489143	0.093774	0.023556	0.011803	0.007901	0.005945	

7	0.005819	2	1	98.001465	88.258209	0.072752	0.017658	0.008858	0.005974	0.004485	
7	0.005657	2	2	96.710782	93.767395	0.079797	0.019364	0.009721	0.006507	0.004900	
7	0.004974	2	4	94.620121	97.050636	0.090967	0.022133	0.011130	0.007438	0.005610	
7	0.008641	2	8	91.095544	98.914856	0.107223	0.026929	0.013491	0.009022	0.006794	
7	0.005749	2	16	85.315704	99.526993	0.139697	0.035130	0.017604	0.011767	0.008856	

7	0.005682	3	1	94.966398	96.299385	0.084868	0.021414	0.010718	0.007176	0.005401	
7	0.005610	3	2	91.708534	98.887032	0.100226	0.025135	0.012625	0.008432	0.006354	
7	0.005768	3	4	87.243467	99.554810	0.121408	0.030453	0.015249	0.010199	0.007674	
7	0.005674	3	8	80.205624	99.805229	0.156448	0.038946	0.019506	0.013042	0.009820	
7	0.005791	3	16	68.877591	99.916527	0.211497	0.053025	0.026568	0.017726	0.013333	

7	0.005611	4	1	88.732754	99.193100	0.112696	0.028247	0.014172	0.009481	0.007158	
7	0.005600	4	2	81.873850	99.833054	0.142737	0.035791	0.017966	0.012003	0.009041	
7	0.005735	4	4	74.066988	99.944351	0.176409	0.044241	0.022193	0.014812	0.011143	
7	0.008807	4	8	62.736351	99.972176	0.226415	0.056821	0.028495	0.019025	0.014309	
7	0.007761	4	16	47.476154	99.972176	0.294373	0.074210	0.035670	0.024483	0.018669	

7	0.005692	5	1	77.784726	99.888702	0.157860	0.039695	0.019889	0.013278	0.010014	
7	0.005571	5	2	66.506345	100.000000	0.204832	0.051226	0.025667	0.017151	0.012910	
7	0.005724	5	4	56.277654	99.972176	0.245962	0.061375	0.030752	0.020512	0.015429	
7	0.007638	5	8	42.187396	100.000000	0.301960	0.075012	0.035847	0.024519	0.019032	
7	0.005725	5	16	26.918495	100.000000	0.370795	0.088085	0.043835	0.030216	0.023049	

8	0.018033	1	1	99.374448	65.247635	0.071536	0.017976	0.009007	0.006030	0.004558	
8	0.005135	1	1	99.374448	65.247635	0.071563	0.017951	0.009009	0.006038	0.004552	
8	0.005083	1	2	98.956205	76.905952	0.074203	0.018603	0.009344	0.006257	0.004712	
8	0.005101	1	4	98.196998	85.225372	0.078887	0.019786	0.009922	0.006643	0.005006	
8	0.005308	1	8	96.898426	92.014465	0.086721	0.021756	0.010911	0.007305	0.005504	
8	0.005138	1	16	94.656380	95.047302	0.100768	0.025327	0.012718	0.008507	0.006400	

8	0.005364	2	1	98.125935	89.899834	0.078349	0.019622	0.009854	0.006596	0.004967	
8	0.005140	2	2	96.862370	95.214249	0.084851	0.021294	0.010684	0.007152	0.005383	
8	0.005417	2	4	94.780719	97.913185	0.095951	0.024040	0.012052	0.008057	0.006073	
8	0.005058	2	8	91.331107	99.304398	0.114168	0.028592	0.014321	0.009582	0.007219	
8	0.006259	2	16	85.700628	99.638283	0.145265	0.036427	0.018244	0.012199	0.009176	

8	0.005435	3	1	95.200781	97.106293	0.091813	0.023046	0.011564	0.007746	0.005842	
8	0.005115	3	2	92.012685	99.220924	0.106499	0.026732	0.013386	0.008959	0.006753	
8	0.004933	3	4	87.447865	99.693939	0.127530	0.031959	0.016008	0.010695	0.008044	
8	0.005235	3	8	80.562731	99.972176	0.159285	0.039908	0.020003	0.013358	0.010043	
8	0.004963	3	16	69.365340	100.000000	0.211475	0.053156	0.026600	0.017757	0.013337	

8	0.005276	4	1	89.146805	99.443520	0.117893	0.029528	0.014841	0.009935	0.007487	
8	0.006018	4	2	82.348775	99.916527	0.146272	0.036731	0.018425	0.012298	0.009261	
8	0.005157	4	4	74.300077	99.916527	0.179402	0.044968	0.022518	0.015155	0.011307	
8	0.005420	4	8	63.115030	100.000000	0.225691	0.056603	0.028364	0.018934	0.014224	
8	0.005175	4	16	47.833057	100.000000	0.290032	0.072943	0.035136	0.023869	0.018335	

8	0.006241	5	1	78.341689	99.916527	0.159913	0.040097	0.020089	0.013439	0.010137	
8	0.005340	5	2	66.984588	100.000000	0.204207	0.051158	0.025618	0.017128	0.012884	
8	0.005194	5	4	56.420494	100.000000	0.243217	0.061226	0.030583	0.020405	0.015333	
8	0.005374	5	8	42.491213	100.000000	0.295296	0.074391	0.035726	0.024509	0.018651	
8	0.007586	5	16	27.094697	100.000000	0.354832	0.082429	0.042520	0.028803	0.022373	

9	0.017345	1	1	99.412134	68.948242	0.077887	0.019549	0.009797	0.006561	0.004953	
9	0.005728	1	1	99.412134	68.948242	0.078048	0.019592	0.009815	0.006590	0.004963	
9	0.005431	1	2	98.990281	79.910965	0.080409	0.020180	0.010135	0.006771	0.005109	
9	0.005354	1	4	98.259881	88.007790	0.086699	0.021340	0.010697	0.007162	0.005400	
9	0.005626	1	8	96.973827	94.045631	0.092900	0.023288	0.011696	0.007818	0.005892	
9	0.005758	1	16	94.752713	96.466331	0.107175	0.026887	0.013479	0.009004	0.006782	

9	0.005641	2	1	98.230375	91.903175	0.084261	0.021144	0.010592	0.007082	0.005345	
9	0.005631	2	2	96.972386	96.271561	0.090903	0.022908	0.011471	0.007671	0.005786	
9	0.005584	2	4	94.903049	98.469673	0.102084	0.025601	0.012837	0.008585	0.006463	
9	0.005476	2	8	91.457600	99.554810	0.121000	0.030345	0.015221	0.010164	0.007653	
9	0.005727	2	16	85.978622	99.805229	0.151912	0.038127	0.019107	0.012781	0.009605	

9	0.005791	3	1	95.393418	98.024490	0.097970	0.024574	0.012323	0.008252	0.006224	
9	0.005412	3	2	92.133560	99.360046	0.113774	0.028501	0.014288	0.009553	0.007192	
9	0.005533	3	4	87.588551	99.833054	0.135415	0.034330	0.017068	0.011398	0.008569	
9	0.005543	3	8	80.683823	100.000000	0.171909	0.042529	0.021317	0.014259	0.010738	
9	0.005611	3	16	69.655721	100.000000	0.224702	0.056662	0.028444	0.018992	0.014257	

9	0.005588	4	1	89.448628	99.693939	0.125520	0.031476	0.015794	0.010577	0.007992	
9	0.005856	4	2	82.369299	99.944351	0.157779	0.039625	0.019857	0.013290	0.010009	
9	0.005545	4	4	74.395085	100.000000	0.193831	0.048724	0.024413	0.016304	0.012263	
9	0.005602	4	8	63.129062	100.000000	0.245995	0.061416	0.030867	0.020675	0.015547	
9	0.005624	4	16	48.010584	100.000000	0.319616	0.078420	0.038337	0.026450	0.020165	

9	0.006685	5	1	78.825435	99.944351	0.172545	0.043245	0.021705	0.014508	0.010948	
9	0.005783	5	2	67.009072	100.000000	0.225051	0.056428	0.028241	0.018873	0.014198	
9	0.005439	5	4	56.486506	100.000000	0.270877	0.067775	0.033973	0.022341	0.017059	
9	0.005632	5	8	42.447617	100.000000	0.332842	0.080394	0.039946	0.027069	0.021009	
9	0.005700	5	16	27.111393	100.000000	0.396147	0.097848	0.048390	0.033376	0.025427	

10	0.012890	1	1	99.441581	71.702835	0.082766	0.020733	0.010399	0.006960	0.005254	
10	0.005870	1	1	99.441581	71.702835	0.082774	0.020729	0.010407	0.006968	0.005259	
10	0.005902	1	2	99.029524	83.055092	0.085353	0.021358	0.010724	0.007173	0.005407	
10	0.005918	1	4	98.314787	90.261551	0.089510	0.022449	0.011260	0.007536	0.005678	
10	0.005941	1	8	97.042954	95.436844	0.097229	0.024410	0.012249	0.008190	0.006160	
10	0.004641	1	16	94.794897	97.579300	0.111630	0.028119	0.014077	0.009398	0.007056	

10	0.005977	2	1	98.278760	93.322205	0.088975	0.022311	0.011190	0.007482	0.005638	
10	0.005879	2	2	97.060407	96.994987	0.095622	0.023925	0.011999	0.008026	0.006043	
10	0.005906	2	4	95.026573	98.747917	0.106125	0.026647	0.013337	0.008922	0.006716	
10	0.005719	2	8	91.632318	99.721756	0.124315	0.031192	0.015652	0.010457	0.007863	
10	0.005862	2	16	86.046527	99.860878	0.155663	0.038980	0.019534	0.013051	0.009813	

10	0.005948	3	1	95.478834	98.553146	0.101930	0.025520	0.012798	0.008567	0.006460	
10	0.006538	3	2	92.282091	99.693939	0.116577	0.029228	0.014655	0.009793	0.007382	
10	0.007232	3	4	87.809150	99.944351	0.137045	0.034286	0.017183	0.011483	0.008638	
10	0.005968	3	8	80.948455	100.000000	0.169305	0.042433	0.021259	0.014192	0.010669	
10	0.006006	3	16	69.653174	100.000000	0.222610	0.055786	0.027925	0.018659	0.014005	

10	0.006624	4	1	89.550011	99.833054	0.127221	0.031904	0.016000	0.010701	0.008086	
10	0.006059	4	2	82.613421	99.972176	0.158272	0.039174	0.019645	0.013122	0.009893	
10	0.006105	4	4	74.728815	100.000000	0.188524	0.047256	0.023664	0.015809	0.011883	
10	0.005898	4	8	63.429181	100.000000	0.235404	0.059245	0.029645	0.019816	0.014911	
10	0.006204	4	16	47.847700	100.000000	0.301780	0.074404	0.036296	0.025043	0.019057	

10	0.006286	5	1	78.989149	99.972176	0.168241	0.042296	0.021219	0.014196	0.010689	
10	0.006563	5	2	67.348755	100.000000	0.213724	0.053591	0.026901	0.017968	0.013510	
10	0.005676	5	4	56.865942	100.000000	0.253465	0.063418	0.031748	0.021202	0.015930	
10	0.005975	5	8	42.701899	100.000000	0.306052	0.076085	0.036197	0.025347	0.019301	
10	0.005993	5	16	26.859324	100.000000	0.366960	0.084408	0.044050	0.030420	0.023165	

11	0.018648	1	1	99.448845	74.401779	0.090417	0.022662	0.011360	0.007610	0.005740	
11	0.006410	1	1	99.448845	74.401779	0.090350	0.022719	0.011391	0.007603	0.005739	
11	0.006392	1	2	99.043207	85.475792	0.092765	0.023287	0.011637	0.007795	0.005878	
11	0.006157	1	4	98.324830	91.764053	0.097137	0.024344	0.012211	0.008160	0.006143	
11	0.006309	1	8	97.070480	96.215912	0.104976	0.026321	0.013195	0.008830	0.006650	
11	0.006245	1	16	94.827241	97.746239	0.119137	0.029932	0.014988	0.010017	0.007542	

11	0.009042	2	1	98.314976	94.602112	0.096365	0.024293	0.012132	0.008111	0.006111	
11	0.006178	2	2	97.107831	97.412354	0.102658	0.025724	0.012901	0.008627	0.006487	
11	0.006204	2	4	95.063007	99.248749	0.113497	0.028443	0.014255	0.009535	0.007174	
11	0.007318	2	8	91.713512	99.805229	0.131570	0.033014	0.016542	0.011062	0.008308	
11	0.006241	2	16	86.145771	99.888702	0.162328	0.040754	0.020423	0.013645	0.010250	

11	0.006322	3	1	95.561426	98.914856	0.109214	0.027475	0.013747	0.009188	0.006915	
11	0.006345	3	2	92.385571	99.582634	0.123806	0.031002	0.015522	0.010382	0.007823	
11	0.006311	3	4	87.816835	99.972176	0.144513	0.036214	0.021726	0.012504	0.009122	
11	0.006559	3	8	81.019460	100.000000	0.176093	0.044191	0.022123	0.014791	0.011114	
11	0.006341	3	16	69.728706	100.000000	0.229234	0.057438	0.028766	0.019289	0.014428	

11	0.007340	4	1	89.639314	99.805229	0.134525	0.033710	0.016928	0.011327	0.008555	
11	0.006534	4	2	82.765795	100.000000	0.163381	0.040971	0.020528	0.013724	0.010330	
11	0.006271	4	4	74.673210	100.000000	0.196989	0.049471	0.024729	0.016524	0.012400	
11	0.006412	4	8	63.511075	100.000000	0.242251	0.061126	0.030629	0.020427	0.015353	
11	0.006382	4	16	47.896638	100.000000	0.308102	0.076983	0.037127	0.025676	0.019574	

11	0.006619	5	1	79.088858	99.944351	0.178715	0.044262	0.022216	0.014828	0.011155	
11	0.007422	5	2	67.540416	100.000000	0.225297	0.055626	0.027852	0.018643	0.013995	
11	0.006277	5	4	56.833395	100.000000	0.263005	0.066180	0.033027	0.021989	0.016632	
11	0.006525	5	8	42.776223	100.000000	0.316713	0.076874	0.037956	0.025862	0.019988	
11	0.006935	5	16	26.888727	100.000000	0.376900	0.088827	0.045452	0.031496	0.023956	

12	0.014905	1	1	99.460198	76.460770	0.094421	0.023666	0.011866	0.007942	0.005991	
12	0.005651	1	1	99.460198	76.460770	0.097312	0.023703	0.011890	0.007948	0.005994	
12	0.005831	1	2	99.062130	87.367836	0.096778	0.024254	0.012150	0.008131	0.006120	
12	0.005641	1	4	98.345486	93.516975	0.101200	0.025342	0.012708	0.008500	0.006404	
12	0.006976	1	8	97.101426	97.245407	0.108346	0.027188	0.013633	0.009113	0.006866	
12	0.005840	1	16	94.866193	98.247078	0.122052	0.030890	0.015432	0.010298	0.007748	

12	0.005633	2	1	98.354816	95.242073	0.100272	0.025112	0.012590	0.008437	0.006356	
12	0.005574	2	2	97.156391	98.107956	0.109537	0.026675	0.013386	0.008951	0.006732	
12	0.007333	2	4	95.098874	99.610458	0.117080	0.029376	0.014723	0.009848	0.007412	
12	0.005898	2	8	91.763236	99.860878	0.135077	0.033865	0.016961	0.011336	0.008521	
12	0.005839	2	16	86.185451	99.944351	0.165366	0.041406	0.020772	0.013879	0.010424	

12	0.005867	3	1	95.651499	99.248749	0.112959	0.028276	0.014176	0.009485	0.007147	
12	0.006831	3	2	92.501861	99.749580	0.127420	0.031923	0.016018	0.010702	0.008059	
12	0.005895	3	4	87.868859	99.972176	0.148537	0.037232	0.018650	0.012474	0.009380	
12	0.005753	3	8	81.028499	100.000000	0.180358	0.045392	0.022743	0.015195	0.011413	
12	0.009462	3	16	69.727221	100.000000	0.235931	0.058430	0.029318	0.019637	0.014787	

12	0.006086	4	1	89.820698	99.944351	0.137561	0.034486	0.017310	0.011568	0.008736	
12	0.005677	4	2	82.929581	100.000000	0.166025	0.041657	0.020875	0.013946	0.017414	
12	0.005788	4	4	74.691056	100.000000	0.199356	0.050086	0.025092	0.016743	0.012605	
12	0.005732	4	8	63.485092	100.000000	0.246060	0.061726	0.030914	0.020647	0.015511	
12	0.006499	4	16	47.804221	100.000000	0.310319	0.077223	0.036717	0.025343	0.019683	

12	0.005657	5	1	79.309385	99.972176	0.177789	0.044582	0.022396	0.014972	0.011286	
12	0.005959	5	2	67.680767	100.000000	0.223261	0.055962	0.028040	0.018721	0.014081	
12	0.005777	5	4	56.815360	100.000000	0.266857	0.066058	0.033118	0.021797	0.016619	
12	0.005860	5	8	42.750502	100.000000	0.316245	0.075335	0.037892	0.026140	0.019920	
12	0.005927	5	16	26.775655	100.000000	0.376748	0.088914	0.044844	0.030921	0.023924	

13	0.013000	1	1	99.467782	78.491936	0.104036	0.026055	0.013058	0.008735	0.006591	
13	0.008372	1	1	99.467782	78.491936	0.103885	0.026070	0.013059	0.008743	0.006586	
13	0.006323	1	2	99.075129	88.731216	0.106316	0.026636	0.013335	0.008938	0.006722	
13	0.006336	1	4	98.363841	94.685585	0.110584	0.027727	0.013887	0.009285	0.006993	
13	0.006164	1	8	97.123435	97.718414	0.118514	0.029730	0.014929	0.009965	0.007491	
13	0.006198	1	16	94.903282	98.636612	0.132637	0.033324	0.016678	0.011188	0.008392	

13	0.006158	2	1	98.372720	95.909851	0.110270	0.027592	0.013861	0.009253	0.006980	
13	0.005904	2	2	97.186624	98.553146	0.116290	0.029105	0.014586	0.009763	0.007365	
13	0.005994	2	4	95.143372	99.721756	0.127106	0.031840	0.015949	0.010662	0.008022	
13	0.006133	2	8	91.812945	99.916527	0.145214	0.036386	0.018231	0.012190	0.009182	
13	0.005914	2	16	86.281099	99.972176	0.175988	0.044159	0.022092	0.014755	0.011089	

13	0.006191	3	1	95.685896	99.471344	0.122785	0.030796	0.015419	0.010309	0.007769	
13	0.006140	3	2	92.566956	99.888702	0.137140	0.034325	0.017187	0.011484	0.008646	
13	0.006139	3	4	87.938598	100.000000	0.158268	0.039613	0.019839	0.013249	0.009963	
13	0.006257	3	8	81.096273	100.000000	0.190785	0.047599	0.023872	0.015945	0.011981	
13	0.006297	3	16	69.834297	100.000000	0.244577	0.060857	0.030501	0.021100	0.017231	

13	0.009359	4	1	89.951238	99.916527	0.148130	0.037007	0.018575	0.018693	0.011783	
13	0.005804	4	2	83.099816	100.000000	0.176235	0.044183	0.022146	0.014791	0.011128	
13	0.006118	4	4	74.847404	100.000000	0.210207	0.052614	0.026353	0.017591	0.013221	
13	0.005980	4	8	63.568775	100.000000	0.256695	0.064443	0.032302	0.021387	0.016219	
13	0.006342	4	16	47.893188	100.000000	0.322397	0.076403	0.038006	0.026256	0.020383	

13	0.006212	5	1	79.509314	99.944351	0.188505	0.047153	0.023657	0.015809	0.011915	
13	0.005997	5	2	67.924598	100.000000	0.233886	0.058595	0.029340	0.019606	0.014734	
13	0.006088	5	4	56.996293	100.000000	0.274494	0.068790	0.034230	0.022412	0.017296	
13	0.005955	5	8	42.829644	100.000000	0.327754	0.078954	0.038514	0.027104	0.020634	
13	0.006145	5	16	26.815087	100.000000	0.384808	0.088774	0.045856	0.032205	0.024532	

14	0.018667	1	1	99.471727	79.604897	0.107621	0.026957	0.013530	0.009067	0.006812	
14	0.006513	1	1	99.471727	79.604897	0.107549	0.026945	0.013545	0.009037	0.006817	
14	0.006637	1	2	99.086046	89.565948	0.109767	0.027507	0.013786	0.009215	0.006942	
14	0.006226	1	4	98.373652	95.186424	0.114103	0.028608	0.014341	0.009584	0.007220	
14	0.006575	1	8	97.128952	97.801895	0.121596	0.030500	0.015300	0.010225	0.007682	
14	0.006489	1	16	94.920255	98.887032	0.137901	0.033929	0.017004	0.011356	0.008545	

14	0.006402	2	1	98.387174	96.688927	0.113775	0.028471	0.014295	0.009556	0.007189	
14	0.006374	2	2	97.205663	98.775742	0.119850	0.030056	0.015056	0.010059	0.007570	
14	0.006524	2	4	95.166516	99.805229	0.130642	0.032744	0.016382	0.010961	0.008240	
14	0.006674	2	8	91.802116	99.944351	0.149114	0.037305	0.018684	0.012480	0.009397	
14	0.006587	2	16	86.298276	100.000000	0.179538	0.044961	0.022542	0.015045	0.011306	

14	0.006528	3	1	95.708632	99.693939	0.126450	0.031664	0.015877	0.010605	0.008003	
14	0.006569	3	2	92.585835	99.916527	0.140543	0.035188	0.017644	0.011789	0.008873	
14	0.006339	3	4	87.931669	100.000000	0.162003	0.040578	0.020293	0.013576	0.010201	
14	0.006375	3	8	81.041323	100.000000	0.193945	0.048648	0.024385	0.016275	0.012235	
14	0.006725	3	16	69.819202	100.000000	0.246499	0.061788	0.030918	0.020714	0.015502	

14	0.006541	4	1	89.967963	99.916527	0.151041	0.037798	0.018985	0.012679	0.009560	
14	0.006389	4	2	83.104008	100.000000	0.179634	0.045006	0.022564	0.015069	0.011338	
14	0.005323	4	4	74.829063	100.000000	0.213839	0.053535	0.026832	0.017914	0.013451	
14	0.006472	4	8	63.478265	100.000000	0.261326	0.065555	0.032831	0.021656	0.016482	
14	0.006663	4	16	47.863450	100.000000	0.327175	0.079669	0.038949	0.027135	0.020680	

14	0.006647	5	1	79.519809	99.972176	0.191684	0.048030	0.024073	0.016106	0.012147	
14	0.006217	5	2	67.894248	100.000000	0.236966	0.059425	0.029764	0.019888	0.014967	
14	0.006498	5	4	56.945565	100.000000	0.278575	0.069911	0.034668	0.022858	0.017565	
14	0.006547	5	8	42.735218	100.000000	0.332915	0.078652	0.039122	0.027005	0.020958	
14	0.006678	5	16	26.789963	100.000000	0.392257	0.090282	0.046930	0.032655	0.024870	

15	0.018670	1	1	99.481145	81.107399	0.119623	0.029998	0.015025	0.010056	0.007576	
15	0.006688	1	1	99.481145	81.107399	0.119801	0.029925	0.014992	0.010034	0.007577	
15	0.006762	1	2	99.097051	90.818031	0.121863	0.030465	0.015277	0.010227	0.007698	
15	0.006836	1	4	98.384190	96.076790	0.126036	0.031581	0.015812	0.010570	0.007960	
15	0.006989	1	8	97.150510	98.247078	0.133713	0.033514	0.016787	0.011234	0.008452	
15	0.006646	1	16	94.956092	99.193100	0.147420	0.036947	0.018525	0.012369	0.009313	

15	0.006842	2	1	98.418208	97.189758	0.125474	0.031415	0.015770	0.010531	0.007919	
15	0.006837	2	2	97.248648	99.137451	0.131460	0.032936	0.016485	0.011027	0.008304	
15	0.006983	2	4	95.193489	99.944351	0.142161	0.035594	0.017837	0.011921	0.008973	
15	0.006889	2	8	91.853470	100.000000	0.161147	0.040109	0.020115	0.013446	0.010126	
15	0.006787	2	16	86.363269	100.000000	0.192008	0.047776	0.023941	0.015976	0.012024	

15	0.006947	3	1	95.782520	99.721756	0.138464	0.034505	0.017291	0.011553	0.008713	
15	0.006780	3	2	92.673624	99.916527	0.151883	0.038029	0.019026	0.012722	0.009569	
15	0.006886	3	4	87.949559	100.000000	0.173392	0.043406	0.021776	0.014519	0.010924	
15	0.007755	3	8	81.111382	100.000000	0.205071	0.051333	0.025720	0.017171	0.012929	
15	0.006927	3	16	69.876713	100.000000	0.257231	0.064515	0.032319	0.021559	0.016198	

15	0.006777	4	1	90.071720	99.916527	0.161969	0.040648	0.020410	0.013613	0.010262	
15	0.006571	4	2	83.245814	100.000000	0.191607	0.047908	0.023956	0.016019	0.012038	
15	0.006938	4	4	74.840955	100.000000	0.225314	0.056472	0.028300	0.018894	0.014193	
15	0.006634	4	8	63.562662	100.000000	0.271953	0.068394	0.034002	0.022175	0.017228	
15	0.006825	4	16	47.929477	100.000000	0.337785	0.081388	0.041585	0.028076	0.021406	

15	0.006714	5	1	79.679650	99.972176	0.202580	0.050788	0.025456	0.017026	0.012820	
15	0.006761	5	2	68.088544	100.000000	0.248365	0.062486	0.031176	0.020821	0.015661	
15	0.007096	5	4	56.951897	100.000000	0.291006	0.072797	0.035057	0.024009	0.018296	
15	0.006751	5	8	42.830590	100.000000	0.347987	0.081480	0.040420	0.027917	0.021739	
15	0.006694	5	16	26.814112	100.000000	0.401932	0.095436	0.048675	0.033576	0.025576	

16	0.017850	1	1	99.488132	81.914299	0.128341	0.032167	0.016136	0.010768	0.008136	
16	0.006345	1	1	99.488132	81.914299	0.128354	0.032152	0.016126	0.010771	0.008120	
16	0.006362	1	2	99.101825	91.652756	0.130310	0.032610	0.016347	0.010926	0.008221	
16	0.006396	1	4	98.392881	96.688927	0.134473	0.033694	0.016875	0.011276	0.008483	
16	0.006393	1	8	97.156653	98.497498	0.141983	0.035544	0.017817	0.011900	0.008953	
16	0.006252	1	16	94.960255	99.220924	0.155076	0.038925	0.019487	0.013030	0.009782	

16	0.006509	2	1	98.432546	97.161934	0.134420	0.033630	0.016893	0.011270	0.008483	
16	0.006271	2	2	97.258342	99.248749	0.140123	0.035098	0.017591	0.011732	0.008831	
16	0.006338	2	4	95.209341	99.972176	0.150725	0.037720	0.018896	0.012629	0.009495	
16	0.006273	2	8	91.843281	100.000000	0.169311	0.042244	0.021240	0.014171	0.010659	
16	0.004616	2	16	86.320081	100.000000	0.258048	0.054189	0.026146	0.019757	0.012522	

16	0.005862	3	1	95.802913	99.833054	0.146295	0.036696	0.018397	0.012301	0.009254	
16	0.007594	3	2	92.691309	99.916527	0.160386	0.040539	0.020290	0.013938	0.010119	
16	0.006516	3	4	87.959806	100.000000	0.181481	0.045485	0.022778	0.015255	0.011763	
16	0.007527	3	8	81.057219	100.000000	0.212915	0.056890	0.026704	0.017828	0.013426	
16	0.006517	3	16	69.767003	100.000000	0.285501	0.065862	0.031870	0.021745	0.020460	

16	0.006103	4	1	90.135971	99.944351	0.170447	0.042715	0.021523	0.014360	0.011166	
16	0.006437	4	2	83.264810	100.000000	0.198897	0.050411	0.025164	0.016730	0.012578	
16	0.006472	4	4	74.848525	100.000000	0.233143	0.058847	0.029418	0.019613	0.018353	
16	0.006847	4	8	63.484044	100.000000	0.281644	0.070876	0.037253	0.022918	0.020610	
16	0.006564	4	16	47.797234	100.000000	0.348310	0.079793	0.040758	0.028636	0.021804	

16	0.006621	5	1	79.772985	99.972176	0.210756	0.052870	0.026495	0.017690	0.013344	
16	0.006381	5	2	68.075691	100.000000	0.256463	0.064236	0.032109	0.020858	0.016184	
16	0.006454	5	4	56.926336	100.000000	0.298058	0.074582	0.037114	0.024635	0.018765	
16	0.006348	5	8	42.732365	100.000000	0.351398	0.081825	0.041425	0.028585	0.022152	
16	0.007361	5	16	26.733078	100.000000	0.408175	0.097143	0.051218	0.033717	0.026073	

17	0.017856	1	1	99.493881	83.695045	0.135088	0.033906	0.016976	0.011360	0.008549	
17	0.006479	1	1	99.493881	83.695045	0.135242	0.033848	0.016976	0.011340	0.008556	
17	0.006741	1	2	99.107939	91.958824	0.137154	0.034329	0.017190	0.011499	0.008642	
17	0.006754	1	4	98.399867	97.106293	0.141259	0.035372	0.017717	0.011850	0.008902	
17	0.006524	1	8	97.159025	98.692261	0.149057	0.037276	0.018676	0.012483	0.009381	
17	0.007800	1	16	94.967737	99.360046	0.162015	0.040632	0.020332	0.013605	0.010235	

17	0.006665	2	1	98.453856	97.885361	0.141040	0.035308	0.017706	0.011843	0.008905	
17	0.008128	2	2	97.286174	99.387863	0.146581	0.036784	0.018403	0.012290	0.009247	
17	0.006869	2	4	95.209821	99.944351	0.157483	0.039451	0.019749	0.013195	0.009924	
17	0.006691	2	8	91.841141	100.000000	0.175612	0.043936	0.022012	0.014702	0.011056	
17	0.006745	2	16	86.346413	100.000000	0.208667	0.051515	0.025783	0.017226	0.012934	

17	0.006663	3	1	95.847688	99.833054	0.153047	0.038337	0.019198	0.012835	0.009662	
17	0.006768	3	2	92.751703	99.944351	0.166932	0.041754	0.020916	0.013977	0.010518	
17	0.006497	3	4	87.966080	100.000000	0.188776	0.047208	0.023643	0.015795	0.011869	
17	0.006623	3	8	81.035821	100.000000	0.220336	0.055159	0.027641	0.018459	0.013866	
17	0.007856	3	16	69.778619	100.000000	0.272349	0.068236	0.034160	0.022474	0.017142	

17	0.007089	4	1	90.205491	99.972176	0.177151	0.044365	0.022246	0.014849	0.011213	
17	0.006622	4	2	83.368887	100.000000	0.205893	0.051550	0.025823	0.017235	0.012971	
17	0.006529	4	4	74.814434	100.000000	0.240808	0.060311	0.030201	0.020166	0.015142	
17	0.006477	4	8	63.437100	100.000000	0.287844	0.072199	0.035285	0.023740	0.018147	
17	0.006433	4	16	47.798966	100.000000	0.353455	0.082716	0.042446	0.028701	0.022293	

17	0.006696	5	1	79.888590	99.972176	0.217495	0.054479	0.027307	0.018246	0.013747	
17	0.006650	5	2	68.225882	100.000000	0.263751	0.065978	0.032833	0.021785	0.016632	
17	0.006755	5	4	56.896685	100.000000	0.306781	0.076098	0.036353	0.024891	0.019308	
17	0.007866	5	8	42.708318	100.000000	0.360068	0.084275	0.043100	0.029746	0.022670	
17	0.006900	5	16	26.744548	100.000000	0.414824	0.097622	0.050589	0.034939	0.026598	

18	0.018063	1	1	99.496953	85.281029	0.142249	0.035620	0.017859	0.011937	0.008994	
18	0.008083	1	1	99.496953	85.281029	0.142171	0.035598	0.017825	0.011922	0.009067	
18	0.007181	1	2	99.112859	93.183083	0.143960	0.035995	0.018038	0.012051	0.009075	
18	0.007231	1	4	98.408179	97.551476	0.148108	0.037095	0.018568	0.012408	0.009329	
18	0.006906	1	8	97.170175	99.109627	0.155505	0.038946	0.019518	0.013034	0.009804	
18	0.006899	1	16	94.990721	99.499168	0.168771	0.042313	0.021220	0.014141	0.010633	

18	0.006910	2	1	98.474410	98.330551	0.150977	0.037068	0.018557	0.012415	0.009343	
18	0.007068	2	2	97.311851	99.610458	0.153728	0.038476	0.019279	0.012874	0.009684	
18	0.007007	2	4	95.222616	99.972176	0.164448	0.041188	0.020637	0.013788	0.010349	
18	0.006976	2	8	91.857531	100.000000	0.182340	0.045660	0.022872	0.015284	0.011484	
18	0.007009	2	16	86.397680	100.000000	0.212324	0.053181	0.026620	0.017768	0.013353	

18	0.007075	3	1	95.883539	99.888702	0.160026	0.040059	0.020081	0.013425	0.010110	
18	0.006836	3	2	92.781747	99.972176	0.173885	0.043485	0.021795	0.014553	0.010942	
18	0.006953	3	4	87.966895	100.000000	0.198964	0.048950	0.024528	0.016372	0.012308	
18	0.007076	3	8	81.023958	100.000000	0.227443	0.056938	0.028491	0.019020	0.014298	
18	0.009884	3	16	69.843089	100.000000	0.279571	0.070166	0.034688	0.023110	0.017590	

18	0.007248	4	1	90.281227	99.972176	0.184013	0.046067	0.023089	0.015421	0.011624	
18	0.007091	4	2	83.439819	100.000000	0.213005	0.053310	0.026699	0.017843	0.013407	
18	0.006446	4	4	74.801028	100.000000	0.248659	0.062194	0.031169	0.020822	0.015636	
18	0.009340	4	8	63.401001	100.000000	0.295528	0.074093	0.034964	0.024474	0.018631	
18	0.007025	4	16	47.857802	100.000000	0.362566	0.084249	0.043318	0.029689	0.022814	

18	0.008287	5	1	80.007208	100.000000	0.224547	0.056268	0.028219	0.018839	0.014206	
18	0.007066	5	2	68.335679	100.000000	0.271183	0.067885	0.034014	0.022435	0.017106	
18	0.006831	5	4	56.874298	100.000000	0.315424	0.081613	0.039165	0.027152	0.021158	
18	0.007106	5	8	42.677197	100.000000	0.369391	0.086301	0.043337	0.029961	0.023242	
18	0.007091	5	16	26.798421	100.000000	0.425035	0.098640	0.050752	0.035671	0.027159	

19	0.018194	1	1	99.502397	85.587090	0.149146	0.037370	0.018762	0.012542	0.009459	
19	0.007146	1	1	99.502397	85.587090	0.149000	0.037324	0.018714	0.012636	0.009421	
19	0.007652	1	2	99.122029	93.628273	0.150623	0.037752	0.018893	0.012620	0.009493	
19	0.007440	1	4	98.418325	97.495827	0.154758	0.038753	0.019423	0.012971	0.009742	
19	0.007286	1	8	97.179477	99.165276	0.162140	0.040615	0.020364	0.013593	0.010220	
19	0.007902	1	16	95.009732	99.415695	0.175019	0.043905	0.022019	0.014692	0.011043	

19	0.014553	2	1	98.477860	98.497498	0.155002	0.038832	0.019467	0.013028	0.009794	
19	0.007208	2	2	97.323394	99.638283	0.160522	0.040165	0.020121	0.013446	0.010109	
19	0.008488	2	4	95.248919	100.000000	0.171190	0.042846	0.021456	0.014340	0.010774	
19	0.007139	2	8	91.884751	100.000000	0.189270	0.047399	0.023727	0.015839	0.011909	
19	0.007283	2	16	86.428961	100.000000	0.219198	0.054851	0.027483	0.018361	0.013786	

19	0.007299	3	1	95.889158	99.916527	0.167054	0.041816	0.020964	0.014016	0.010562	
19	0.007197	3	2	92.798559	100.000000	0.181032	0.045293	0.022697	0.015158	0.011395	
19	0.008514	3	4	88.006051	100.000000	0.203308	0.051016	0.025484	0.016992	0.012776	
19	0.007369	3	8	81.051469	100.000000	0.234865	0.058789	0.029458	0.019660	0.014770	
19	0.008315	3	16	69.867951	100.000000	0.287459	0.070721	0.034396	0.023314	0.018085	

19	0.007545	4	1	90.237049	99.972176	0.191537	0.047952	0.024035	0.016062	0.012105	
19	0.007318	4	2	83.442017	100.000000	0.220354	0.055186	0.027638	0.018467	0.013870	
19	0.007153	4	4	74.838321	100.000000	0.256381	0.064200	0.032144	0.021138	0.016122	
19	0.007174	4	8	63.411525	100.000000	0.304075	0.075612	0.035834	0.024719	0.019161	
19	0.007466	4	16	47.877148	100.000000	0.370502	0.085048	0.044414	0.030110	0.023340	

19	0.007221	5	1	79.978605	100.000000	0.232294	0.058135	0.029166	0.019477	0.014680	
19	0.006969	5	2	68.368401	100.000000	0.278664	0.069842	0.034796	0.023014	0.017588	
19	0.007403	5	4	56.895389	100.000000	0.323219	0.077752	0.037932	0.026666	0.020314	
19	0.007299	5	8	42.673049	100.000000	0.375888	0.087648	0.044465	0.031203	0.023777	
19	0.008336	5	16	26.802176	100.000000	0.434688	0.103243	0.052666	0.035860	0.027777	

20	0.017598	1	1	99.503940	86.505287	0.158285	0.039584	0.019850	0.013269	0.009999	
20	0.006922	1	1	99.503940	86.505287	0.158189	0.039581	0.019830	0.013243	0.009991	
20	0.006757	1	2	99.125231	94.212570	0.159739	0.039946	0.020013	0.013362	0.010056	
20	0.006957	1	4	98.424380	97.774071	0.166491	0.041044	0.020538	0.013722	0.010319	
20	0.006784	1	8	97.183421	99.165276	0.171488	0.042899	0.021498	0.014367	0.010791	
20	0.006844	1	16	95.026791	99.443520	0.184337	0.046269	0.023140	0.015454	0.011619	

20	0.006995	2	1	98.472881	98.831383	0.163941	0.041088	0.020590	0.013720	0.010337	
20	0.006849	2	2	97.325519	99.693939	0.169684	0.042472	0.021274	0.014218	0.010679	
20	0.006871	2	4	95.262456	100.000000	0.180637	0.045232	0.022651	0.015131	0.011364	
20	0.007827	2	8	91.890486	100.000000	0.198755	0.049786	0.024938	0.016658	0.012522	
20	0.006770	2	16	86.457520	100.000000	0.229447	0.057457	0.028889	0.019213	0.014423	

20	0.006802	3	1	95.863728	99.944351	0.176601	0.044200	0.022152	0.014794	0.011133	
20	0.007138	3	2	92.783465	99.944351	0.191216	0.047833	0.023970	0.015995	0.012020	
20	0.007032	3	4	88.002034	100.000000	0.213670	0.053395	0.026737	0.017855	0.013419	
20	0.006767	3	8	81.029868	100.000000	0.246825	0.061896	0.030970	0.020688	0.015535	
20	0.006850	3	16	69.907340	100.000000	0.299803	0.075074	0.035173	0.024513	0.018860	

20	0.006666	4	1	90.177179	99.972176	0.201302	0.050495	0.025288	0.016899	0.012732	
20	0.007107	4	2	83.424229	100.000000	0.231059	0.057863	0.028969	0.019357	0.014541	
20	0.006945	4	4	74.802571	100.000000	0.267953	0.067112	0.032886	0.022074	0.016843	
20	0.006902	4	8	63.360447	100.000000	0.315929	0.077481	0.037985	0.025726	0.019975	
20	0.006834	4	16	47.900801	100.000000	0.383662	0.089765	0.046278	0.031833	0.024296	

20	0.006857	5	1	79.865300	100.000000	0.243770	0.061036	0.030572	0.020432	0.015385	
20	0.006944	5	2	68.330395	100.000000	0.291690	0.071866	0.035013	0.024082	0.018380	
20	0.006779	5	4	56.832856	100.000000	0.337208	0.079759	0.040286	0.027797	0.021156	
20	0.006976	5	8	42.618463	100.000000	0.392169	0.091028	0.046171	0.031905	0.024739	
20	0.006895	5	16	26.816907	100.000000	0.449341	0.104959	0.053879	0.037849	0.028786	

21	0.018380	1	1	99.506458	87.006119	0.164310	0.041106	0.020624	0.013773	0.010386	
21	0.007204	1	1	99.506458	87.006119	0.164123	0.041101	0.020577	0.013750	0.010368	
21	0.007333	1	2	99.129380	94.657761	0.165737	0.041530	0.020770	0.013877	0.010438	
21	0.008350	1	4	98.425137	97.996666	0.170011	0.042780	0.021366	0.014257	0.010720	
21	0.007382	1	8	97.189171	99.220924	0.177625	0.044479	0.022270	0.014871	0.011181	
21	0.007411	1	16	95.042163	99.415695	0.190798	0.047812	0.023942	0.015987	0.012010	

21	0.007399	2	1	98.484948	98.887032	0.170267	0.042548	0.021332	0.014262	0.010732	
21	0.006874	2	2	97.346494	99.805229	0.176339	0.044093	0.022101	0.014753	0.011108	
21	0.008099	2	4	95.269327	100.000000	0.187046	0.046873	0.023470	0.015671	0.020892	
21	0.009938	2	8	91.887022	100.000000	0.206198	0.051596	0.025835	0.017261	0.012962	
21	0.007399	2	16	86.473853	100.000000	0.237212	0.059395	0.029707	0.019830	0.014902	

21	0.008292	3	1	95.895228	99.944351	0.182870	0.045785	0.022925	0.015324	0.011537	
21	0.007193	3	2	92.844848	100.000000	0.201592	0.049469	0.024782	0.016538	0.012429	
21	0.007145	3	4	88.009399	100.000000	0.220807	0.055255	0.027653	0.018469	0.013884	
21	0.007344	3	8	80.992211	100.000000	0.255019	0.063795	0.031940	0.021312	0.016020	
21	0.007140	3	16	69.915797	100.000000	0.308879	0.075962	0.036319	0.025501	0.019425	

21	0.008345	4	1	90.242988	99.972176	0.208719	0.052250	0.026180	0.017514	0.013174	
21	0.007499	4	2	83.536982	100.000000	0.238568	0.060032	0.030001	0.020019	0.015038	
21	0.007236	4	4	74.793677	100.000000	0.277081	0.069331	0.033585	0.022868	0.017430	
21	0.007240	4	8	63.292775	100.000000	0.326853	0.076044	0.038371	0.026588	0.020594	
21	0.007428	4	16	47.898894	100.000000	0.394335	0.092978	0.046478	0.032936	0.024896	

21	0.007198	5	1	79.945024	100.000000	0.251414	0.063186	0.031609	0.021112	0.015890	
21	0.007268	5	2	68.479538	100.000000	0.300072	0.071769	0.037475	0.024777	0.018905	
21	0.007281	5	4	56.801080	100.000000	0.346782	0.080299	0.040662	0.028593	0.021786	
21	0.007104	5	8	42.559088	100.000000	0.398411	0.094856	0.048323	0.032731	0.025402	
21	0.007105	5	16	26.806849	100.000000	0.457576	0.109780	0.056074	0.038021	0.029425	

