=== Intel PCAF digits

5	0.016519	1	1	99.218304	52.281582	0.056292	0.014131	0.007095	0.004763	0.003593	
5	0.005029	1	1	99.218304	52.281582	0.056373	0.014132	0.007109	0.004764	0.003599	
5	0.004918	1	2	98.741996	64.440735	0.059380	0.014902	0.007472	0.005007	0.003781	
5	0.005106	1	4	97.909018	74.012245	0.064181	0.016245	0.008123	0.005440	0.004097	
5	0.005126	1	8	96.480663	81.552589	0.072889	0.018312	0.009202	0.006168	0.004642	
5	0.006439	1	16	94.109591	88.369507	0.088173	0.022154	0.011125	0.007441	0.005609	

5	0.005415	2	1	97.631461	81.552589	0.066548	0.016193	0.008138	0.005456	0.004114	
5	0.005241	2	2	96.218128	88.397331	0.072063	0.018085	0.009081	0.006086	0.004579	
5	0.005265	2	4	93.959051	93.628273	0.083838	0.021032	0.010545	0.007064	0.005318	
5	0.004974	2	8	90.212944	96.967163	0.104169	0.026119	0.013105	0.008765	0.006596	
5	0.004969	2	16	84.249187	98.580971	0.138244	0.034656	0.017389	0.011603	0.008731	

5	0.004144	3	1	94.246274	93.377853	0.081144	0.020347	0.010213	0.006846	0.005167	
5	0.005059	3	2	90.785905	96.633278	0.098169	0.024635	0.012348	0.008269	0.006230	
5	0.004412	3	4	86.157270	98.747917	0.120526	0.030323	0.015193	0.010161	0.007644	
5	0.005135	3	8	78.941361	99.471344	0.157753	0.039493	0.019818	0.013231	0.009963	
5	0.004958	3	16	67.398741	99.777405	0.218418	0.054649	0.027386	0.018287	0.013750	

5	0.004751	4	1	87.824521	97.746239	0.112920	0.028026	0.014068	0.009426	0.007109	
5	0.004939	4	2	80.573953	99.193100	0.147051	0.036630	0.018382	0.012290	0.009256	
5	0.005098	4	4	72.705170	99.610458	0.183233	0.045916	0.023020	0.015379	0.011560	
5	0.004963	4	8	61.396206	99.916527	0.237178	0.059830	0.030010	0.020073	0.015083	
5	0.004876	4	16	46.148498	99.944351	0.313454	0.076742	0.037984	0.025943	0.019973	

5	0.004831	5	1	76.797147	99.554810	0.161615	0.040604	0.020389	0.013650	0.010290	
5	0.005001	5	2	65.027189	99.860878	0.215623	0.054347	0.027209	0.018184	0.013679	
5	0.005330	5	4	54.914380	99.944351	0.260726	0.065778	0.032943	0.021831	0.016547	
5	0.005141	5	8	41.127342	100.000000	0.326424	0.078068	0.039193	0.027015	0.020596	
5	0.005144	5	16	26.113013	100.000000	0.385723	0.093205	0.047844	0.033117	0.025221	

6	0.013165	1	1	99.280066	57.679470	0.061605	0.015507	0.007765	0.005218	0.003947	
6	0.005241	1	1	99.280066	57.679470	0.062072	0.015432	0.007751	0.005182	0.003922	
6	0.005305	1	2	98.812521	69.476906	0.064285	0.016126	0.008106	0.005425	0.004093	
6	0.005222	1	4	98.010198	78.380630	0.069245	0.017342	0.008706	0.005860	0.004398	
6	0.005282	1	8	96.629267	85.503616	0.077566	0.019457	0.009780	0.006544	0.004940	
6	0.005333	1	16	94.291340	91.012802	0.093452	0.023211	0.011641	0.007790	0.005862	

6	0.005334	2	1	97.827460	84.780190	0.068904	0.017304	0.008695	0.005812	0.004391	
6	0.008092	2	2	96.439542	91.485809	0.076234	0.019094	0.009582	0.006422	0.004838	
6	0.005331	2	4	94.242096	95.659431	0.087468	0.021951	0.011039	0.007365	0.005564	
6	0.005586	2	8	90.606762	98.497498	0.107065	0.026869	0.013504	0.009017	0.006782	
6	0.005192	2	16	84.698900	99.165276	0.139986	0.035174	0.017627	0.011777	0.008858	

6	0.005471	3	1	94.573585	94.713417	0.084546	0.021225	0.010661	0.007147	0.005396	
6	0.006424	3	2	91.183565	97.885361	0.101185	0.025353	0.012740	0.008508	0.006409	
6	0.005614	3	4	86.669386	99.053978	0.122974	0.033184	0.015475	0.010336	0.007771	
6	0.005456	3	8	79.470769	99.666115	0.158943	0.039937	0.020019	0.013362	0.010051	
6	0.005466	3	16	68.047510	99.860878	0.218797	0.054718	0.027415	0.018312	0.013766	

6	0.005377	4	1	88.214860	98.553146	0.114723	0.028727	0.014434	0.009666	0.007291	
6	0.005315	4	2	81.059504	99.499168	0.147574	0.036885	0.018564	0.012434	0.009379	
6	0.005561	4	4	73.250605	99.944351	0.184791	0.046387	0.023243	0.015506	0.011675	
6	0.006408	4	8	61.975208	100.000000	0.238538	0.059889	0.030018	0.020069	0.015078	
6	0.005364	4	16	46.759014	99.972176	0.314158	0.075457	0.037767	0.026069	0.019888	

6	0.005548	5	1	77.231897	99.693939	0.164251	0.041149	0.020673	0.013826	0.010430	
6	0.005515	5	2	65.545214	99.916527	0.216820	0.054653	0.027415	0.018318	0.013790	
6	0.005360	5	4	55.426525	99.972176	0.262077	0.066168	0.033177	0.021910	0.016664	
6	0.005531	5	8	41.544100	100.000000	0.325856	0.078945	0.038630	0.026949	0.020711	
6	0.005292	5	16	26.541184	100.000000	0.393297	0.093458	0.048037	0.033084	0.025248	

7	0.013089	1	1	99.330619	63.133003	0.063522	0.015942	0.007989	0.005372	0.004040	
7	0.005866	1	1	99.330619	63.133003	0.066051	0.015949	0.008017	0.005369	0.004052	
7	0.006826	1	2	98.894589	73.873123	0.068622	0.016577	0.008336	0.005581	0.004215	
7	0.005689	1	4	98.120651	82.442963	0.070855	0.017761	0.008933	0.005979	0.004529	
7	0.005605	1	8	96.801671	89.037285	0.079033	0.019842	0.009948	0.006673	0.005018	
7	0.005720	1	16	94.519115	93.489143	0.093587	0.023462	0.011804	0.007896	0.005945	

7	0.005743	2	1	98.001465	88.258209	0.070380	0.017696	0.008869	0.005939	0.004546	
7	0.005910	2	2	96.710782	93.767395	0.077238	0.019367	0.009718	0.006513	0.004906	
7	0.005778	2	4	94.620121	97.050636	0.088302	0.022168	0.011109	0.007434	0.005604	
7	0.005712	2	8	91.095544	98.914856	0.107390	0.026952	0.013499	0.009028	0.006801	
7	0.005746	2	16	85.315704	99.526993	0.139793	0.035136	0.017592	0.011773	0.008850	

7	0.005772	3	1	94.966398	96.299385	0.087228	0.021230	0.010683	0.007138	0.005396	
7	0.005697	3	2	91.708534	98.887032	0.100266	0.025137	0.012601	0.008434	0.006358	
7	0.005751	3	4	87.243467	99.554810	0.121585	0.030461	0.015268	0.010213	0.007685	
7	0.005676	3	8	80.205624	99.805229	0.155548	0.038917	0.019512	0.013050	0.009809	
7	0.005948	3	16	68.877591	99.916527	0.211411	0.053029	0.026558	0.017724	0.013318	

7	0.005717	4	1	88.732754	99.193100	0.112701	0.028436	0.014218	0.009517	0.007176	
7	0.005760	4	2	81.873850	99.833054	0.142847	0.035815	0.017959	0.012018	0.009063	
7	0.005730	4	4	74.066988	99.944351	0.176560	0.044298	0.022204	0.014837	0.011216	
7	0.005615	4	8	62.736351	99.972176	0.226586	0.056909	0.028524	0.019042	0.014308	
7	0.005603	4	16	47.476154	99.972176	0.294663	0.074109	0.035520	0.024087	0.018675	

7	0.005645	5	1	77.784726	99.888702	0.157998	0.039581	0.019817	0.013265	0.010002	
7	0.005514	5	2	66.506345	100.000000	0.204905	0.051302	0.025701	0.017154	0.012924	
7	0.005784	5	4	56.277654	99.972176	0.245123	0.061445	0.030784	0.020530	0.015430	
7	0.008283	5	8	42.187396	100.000000	0.303068	0.074186	0.036206	0.024949	0.019028	
7	0.005931	5	16	26.918495	100.000000	0.365542	0.087286	0.043716	0.029695	0.023015	

8	0.017935	1	1	99.374448	65.247635	0.071667	0.017969	0.009022	0.006043	0.004559	
8	0.005092	1	1	99.374448	65.247635	0.071580	0.017957	0.009028	0.006047	0.004554	
8	0.005268	1	2	98.956205	76.905952	0.074256	0.018600	0.009333	0.006253	0.004705	
8	0.008124	1	4	98.196998	85.225372	0.078799	0.019772	0.009922	0.006640	0.005001	
8	0.005184	1	8	96.898426	92.014465	0.086678	0.021772	0.010914	0.007306	0.005516	
8	0.005399	1	16	94.656380	95.047302	0.100823	0.025315	0.012713	0.008502	0.006407	

8	0.005099	2	1	98.125935	89.899834	0.078368	0.019631	0.009856	0.006598	0.004971	
8	0.005137	2	2	96.862370	95.214249	0.084945	0.021311	0.010667	0.007146	0.005388	
8	0.005317	2	4	94.780719	97.913185	0.095923	0.024005	0.012034	0.008054	0.006075	
8	0.005083	2	8	91.331107	99.304398	0.114004	0.028637	0.014370	0.009594	0.007210	
8	0.003746	2	16	85.700628	99.638283	0.145111	0.036429	0.018263	0.012190	0.009170	

8	0.005211	3	1	95.200781	97.106293	0.091926	0.023017	0.011537	0.007739	0.005829	
8	0.005095	3	2	92.012685	99.220924	0.106751	0.026767	0.013396	0.008960	0.006755	
8	0.005145	3	4	87.447865	99.693939	0.127591	0.031899	0.016009	0.010695	0.008045	
8	0.005306	3	8	80.562731	99.972176	0.159426	0.039960	0.020049	0.013378	0.010050	
8	0.005077	3	16	69.365340	100.000000	0.211762	0.053052	0.026566	0.017749	0.013322	

8	0.005025	4	1	89.146805	99.443520	0.119768	0.029585	0.014860	0.009955	0.007490	
8	0.005209	4	2	82.348775	99.916527	0.146314	0.036729	0.018407	0.012313	0.009266	
8	0.005159	4	4	74.300077	99.916527	0.182437	0.044925	0.022506	0.015043	0.011318	
8	0.005261	4	8	63.115030	100.000000	0.225849	0.056841	0.028426	0.018973	0.014263	
8	0.005266	4	16	47.833057	100.000000	0.290029	0.072957	0.035459	0.023625	0.018360	

8	0.005348	5	1	78.341689	99.916527	0.159635	0.040011	0.020095	0.013440	0.010134	
8	0.004975	5	2	66.984588	100.000000	0.204259	0.051135	0.025635	0.017125	0.012890	
8	0.005215	5	4	56.420494	100.000000	0.247364	0.060900	0.030490	0.020363	0.015314	
8	0.006259	5	8	42.491213	100.000000	0.295844	0.074440	0.035723	0.024486	0.018662	
8	0.011163	5	16	27.094697	100.000000	0.355033	0.083685	0.042619	0.029361	0.022374	

9	0.016941	1	1	99.412134	68.948242	0.079493	0.019506	0.009797	0.006560	0.004952	
9	0.005608	1	1	99.412134	68.948242	0.079604	0.019569	0.009805	0.006576	0.004960	
9	0.005393	1	2	98.990281	79.910965	0.080565	0.020298	0.010150	0.006784	0.005127	
9	0.005483	1	4	98.259881	88.007790	0.085032	0.021343	0.010710	0.007156	0.005389	
9	0.005610	1	8	96.973827	94.045631	0.092950	0.023437	0.011722	0.007829	0.005900	
9	0.005862	1	16	94.752713	96.466331	0.107194	0.026899	0.013482	0.009010	0.006785	

9	0.006457	2	1	98.230375	91.903175	0.084241	0.021134	0.010587	0.007102	0.005351	
9	0.005657	2	2	96.972386	96.271561	0.091001	0.022806	0.011453	0.007661	0.005767	
9	0.005298	2	4	94.903049	98.469673	0.101989	0.025609	0.012866	0.008586	0.006466	
9	0.005529	2	8	91.457600	99.554810	0.120609	0.030362	0.015222	0.010179	0.007676	
9	0.005850	2	16	85.978622	99.805229	0.154041	0.038141	0.019138	0.012780	0.009626	

9	0.005589	3	1	95.393418	98.024490	0.097883	0.024676	0.012352	0.008260	0.006229	
9	0.005711	3	2	92.133560	99.360046	0.114223	0.028552	0.014467	0.009554	0.007203	
9	0.004558	3	4	87.588551	99.833054	0.135359	0.034004	0.017045	0.011392	0.008573	
9	0.005882	3	8	80.683823	100.000000	0.169835	0.042523	0.021354	0.014238	0.010709	
9	0.005758	3	16	69.655721	100.000000	0.225163	0.056421	0.028275	0.018880	0.014188	

9	0.005637	4	1	89.448628	99.693939	0.125359	0.031452	0.015797	0.010572	0.007984	
9	0.005709	4	2	82.369299	99.944351	0.159926	0.039590	0.019863	0.013289	0.010011	
9	0.005599	4	4	74.395085	100.000000	0.194486	0.048741	0.024410	0.016325	0.012263	
9	0.005757	4	8	63.129062	100.000000	0.245743	0.061959	0.031050	0.020743	0.015599	
9	0.005431	4	16	48.010584	100.000000	0.317878	0.078535	0.038484	0.026069	0.020317	

9	0.005517	5	1	78.825435	99.944351	0.171790	0.043183	0.021691	0.014500	0.010939	
9	0.005604	5	2	67.009072	100.000000	0.223904	0.056358	0.028227	0.018863	0.014194	
9	0.005629	5	4	56.486506	100.000000	0.269357	0.068138	0.034048	0.022459	0.017102	
9	0.005761	5	8	42.447617	100.000000	0.333778	0.080070	0.039978	0.027547	0.021009	
9	0.005653	5	16	27.111393	100.000000	0.404809	0.094265	0.048438	0.032806	0.025563	

10	0.017861	1	1	99.441581	71.702835	0.082708	0.020730	0.010393	0.006959	0.005249	
10	0.006071	1	1	99.441581	71.702835	0.082708	0.020745	0.010411	0.006967	0.005254	
10	0.005981	1	2	99.029524	83.055092	0.085238	0.021344	0.010714	0.007168	0.005398	
10	0.006998	1	4	98.314787	90.261551	0.091589	0.022476	0.011278	0.007539	0.005684	
10	0.006152	1	8	97.042954	95.436844	0.097268	0.024429	0.012240	0.008184	0.006161	
10	0.005989	1	16	94.794897	97.579300	0.111187	0.027888	0.014041	0.009598	0.007061	

10	0.005186	2	1	98.278760	93.322205	0.090937	0.022332	0.011214	0.007502	0.005642	
10	0.006051	2	2	97.060407	96.994987	0.095389	0.024072	0.012072	0.008036	0.006053	
10	0.005995	2	4	95.026573	98.747917	0.108134	0.026634	0.013365	0.008938	0.006727	
10	0.005897	2	8	91.632318	99.721756	0.124563	0.031224	0.015649	0.010458	0.007872	
10	0.006026	2	16	86.046527	99.860878	0.157993	0.038974	0.019533	0.013060	0.009819	

10	0.006117	3	1	95.478834	98.553146	0.101891	0.025568	0.012817	0.008574	0.006472	
10	0.007744	3	2	92.282091	99.693939	0.116611	0.029197	0.014637	0.009787	0.007377	
10	0.005995	3	4	87.809150	99.944351	0.139172	0.034423	0.017248	0.011523	0.008667	
10	0.006110	3	8	80.948455	100.000000	0.169282	0.042445	0.021255	0.014196	0.010677	
10	0.006042	3	16	69.653174	100.000000	0.225059	0.057998	0.028008	0.018717	0.014100	

10	0.005971	4	1	89.550011	99.833054	0.127383	0.031906	0.016020	0.010719	0.008111	
10	0.006051	4	2	82.613421	99.972176	0.156080	0.039240	0.019653	0.013131	0.009900	
10	0.006170	4	4	74.728815	100.000000	0.188454	0.047287	0.023695	0.015826	0.011898	
10	0.005952	4	8	63.429181	100.000000	0.235129	0.059297	0.029658	0.019818	0.014890	
10	0.005985	4	16	47.847700	100.000000	0.301031	0.072288	0.036382	0.025056	0.019073	

10	0.006051	5	1	78.989149	99.972176	0.168321	0.042192	0.021186	0.014176	0.010705	
10	0.005978	5	2	67.348755	100.000000	0.214012	0.053640	0.026880	0.017971	0.013501	
10	0.005912	5	4	56.865942	100.000000	0.255831	0.063337	0.031743	0.021173	0.015958	
10	0.006007	5	8	42.701899	100.000000	0.305422	0.075228	0.036726	0.025329	0.019306	
10	0.005863	5	16	26.859324	100.000000	0.366315	0.084689	0.044130	0.030409	0.023183	

11	0.018067	1	1	99.448845	74.401779	0.090513	0.022667	0.011365	0.007609	0.005743	
11	0.009142	1	1	99.448845	74.401779	0.090174	0.022617	0.011350	0.007610	0.005728	
11	0.006412	1	2	99.043207	85.475792	0.092818	0.023217	0.011652	0.007800	0.005871	
11	0.006183	1	4	98.324830	91.764053	0.097169	0.024330	0.012220	0.008167	0.006153	
11	0.006461	1	8	97.070480	96.215912	0.106533	0.026306	0.013186	0.008832	0.006654	
11	0.006219	1	16	94.827241	97.746239	0.119117	0.029908	0.014995	0.010020	0.007535	

11	0.006341	2	1	98.314976	94.602112	0.096248	0.024104	0.012094	0.008091	0.006100	
11	0.006108	2	2	97.107831	97.412354	0.102738	0.025765	0.012897	0.008629	0.006500	
11	0.006146	2	4	95.063007	99.248749	0.113507	0.028437	0.014282	0.009527	0.007167	
11	0.006142	2	8	91.713512	99.805229	0.131708	0.033003	0.016555	0.011055	0.008346	
11	0.006349	2	16	86.145771	99.888702	0.162398	0.040731	0.020425	0.013633	0.010262	

11	0.006536	3	1	95.561426	98.914856	0.109469	0.027406	0.013732	0.009179	0.006931	
11	0.007448	3	2	92.385571	99.582634	0.125367	0.030980	0.015546	0.010378	0.007822	
11	0.007474	3	4	87.816835	99.972176	0.144735	0.036265	0.018169	0.012131	0.009131	
11	0.008112	3	8	81.019460	100.000000	0.176121	0.044381	0.022211	0.014827	0.011155	
11	0.006185	3	16	69.728706	100.000000	0.229181	0.057576	0.028808	0.019241	0.014448	

11	0.005460	4	1	89.639314	99.805229	0.134303	0.033701	0.016914	0.011313	0.008540	
11	0.006549	4	2	82.765795	100.000000	0.163452	0.040996	0.020508	0.013705	0.010322	
11	0.006323	4	4	74.673210	100.000000	0.196983	0.049551	0.024779	0.016541	0.012417	
11	0.006295	4	8	63.511075	100.000000	0.242226	0.061052	0.030566	0.020419	0.015345	
11	0.006177	4	16	47.896638	100.000000	0.308141	0.075583	0.037315	0.025738	0.019691	

11	0.006701	5	1	79.088858	99.944351	0.176439	0.044379	0.022231	0.014839	0.011193	
11	0.006296	5	2	67.540416	100.000000	0.221963	0.055704	0.027898	0.018640	0.014028	
11	0.006409	5	4	56.833395	100.000000	0.263024	0.065811	0.033038	0.021671	0.016589	
11	0.006464	5	8	42.776223	100.000000	0.316151	0.077333	0.037227	0.026238	0.019942	
11	0.006530	5	16	26.888727	100.000000	0.376227	0.087923	0.044677	0.031482	0.023964	

12	0.018145	1	1	99.460198	76.460770	0.094677	0.023713	0.011888	0.007951	0.006004	
12	0.005658	1	1	99.460198	76.460770	0.094474	0.023657	0.011859	0.007944	0.005989	
12	0.005739	1	2	99.062130	87.367836	0.096779	0.024211	0.012154	0.008124	0.006129	
12	0.005853	1	4	98.345486	93.516975	0.101149	0.025328	0.012717	0.008494	0.006402	
12	0.007666	1	8	97.101426	97.245407	0.108248	0.027191	0.013615	0.009112	0.006851	
12	0.005637	1	16	94.866193	98.247078	0.122319	0.030638	0.015402	0.010280	0.007726	

12	0.005870	2	1	98.354816	95.242073	0.100374	0.025134	0.012612	0.008439	0.006349	
12	0.004233	2	2	97.156391	98.107956	0.106480	0.026672	0.013377	0.008943	0.006742	
12	0.005727	2	4	95.098874	99.610458	0.120446	0.029391	0.014727	0.009857	0.007399	
12	0.005748	2	8	91.763236	99.860878	0.135095	0.033844	0.016977	0.011343	0.008525	
12	0.005806	2	16	86.185451	99.944351	0.166060	0.041550	0.020813	0.013887	0.010437	

12	0.006012	3	1	95.651499	99.248749	0.113017	0.028296	0.014183	0.009494	0.007155	
12	0.007086	3	2	92.501861	99.749580	0.127237	0.032102	0.016049	0.010710	0.008063	
12	0.005839	3	4	87.868859	99.972176	0.151812	0.037304	0.018728	0.012503	0.009409	
12	0.005999	3	8	81.028499	100.000000	0.180459	0.045213	0.022649	0.015134	0.011381	
12	0.005991	3	16	69.727221	100.000000	0.235055	0.058420	0.029262	0.019543	0.014696	

12	0.005719	4	1	89.820698	99.944351	0.137503	0.034460	0.017298	0.011555	0.008730	
12	0.005769	4	2	82.929581	100.000000	0.166062	0.041649	0.020873	0.013953	0.010503	
12	0.006026	4	4	74.691056	100.000000	0.199541	0.050029	0.025082	0.016759	0.012589	
12	0.005743	4	8	63.485092	100.000000	0.245357	0.061615	0.030888	0.020639	0.015512	
12	0.005915	4	16	47.804221	100.000000	0.310097	0.077332	0.036717	0.025476	0.019687	

12	0.005868	5	1	79.309385	99.972176	0.178164	0.044616	0.022390	0.014965	0.011275	
12	0.005941	5	2	67.680767	100.000000	0.224115	0.055941	0.028016	0.018730	0.019807	
12	0.004897	5	4	56.815360	100.000000	0.263753	0.066070	0.033142	0.022032	0.016632	
12	0.005897	5	8	42.750502	100.000000	0.316266	0.077531	0.037979	0.026111	0.019924	
12	0.005710	5	16	26.775655	100.000000	0.377793	0.090511	0.045489	0.031281	0.023840	

13	0.013881	1	1	99.467782	78.491936	0.103957	0.026029	0.013066	0.008731	0.006591	
13	0.006037	1	1	99.467782	78.491936	0.104171	0.026118	0.013120	0.008758	0.006607	
13	0.006077	1	2	99.075129	88.731216	0.106185	0.026620	0.013476	0.008935	0.006723	
13	0.006193	1	4	98.363841	94.685585	0.110795	0.027699	0.013905	0.009296	0.006998	
13	0.006246	1	8	97.123435	97.718414	0.118515	0.029716	0.014911	0.009967	0.007501	
13	0.006228	1	16	94.903282	98.636612	0.132447	0.033281	0.016667	0.011146	0.008401	

13	0.006427	2	1	98.372720	95.909851	0.109916	0.027550	0.013821	0.009237	0.006965	
13	0.009169	2	2	97.186624	98.553146	0.116735	0.029137	0.014633	0.009773	0.007352	
13	0.006203	2	4	95.143372	99.721756	0.127073	0.031825	0.015942	0.010663	0.008029	
13	0.006178	2	8	91.812945	99.916527	0.145593	0.036401	0.018263	0.012211	0.009168	
13	0.006265	2	16	86.281099	99.972176	0.175838	0.044063	0.022092	0.014747	0.011096	

13	0.006419	3	1	95.685896	99.471344	0.122914	0.030764	0.015423	0.010308	0.007773	
13	0.006296	3	2	92.566956	99.888702	0.137174	0.034316	0.017202	0.011496	0.008659	
13	0.006111	3	4	87.938598	100.000000	0.158146	0.039622	0.019849	0.013267	0.009971	
13	0.006017	3	8	81.096273	100.000000	0.190877	0.047608	0.023871	0.015964	0.012004	
13	0.006128	3	16	69.834297	100.000000	0.242616	0.060770	0.030467	0.020329	0.015287	

13	0.006108	4	1	89.951238	99.916527	0.147559	0.036975	0.018539	0.012393	0.009355	
13	0.006229	4	2	83.099816	100.000000	0.176321	0.044191	0.022139	0.014792	0.011135	
13	0.006142	4	4	74.847404	100.000000	0.210114	0.052677	0.026385	0.017619	0.013237	
13	0.006112	4	8	63.568775	100.000000	0.256731	0.064457	0.032314	0.021563	0.016207	
13	0.006267	4	16	47.893188	100.000000	0.322923	0.078705	0.038870	0.026747	0.020382	

13	0.005981	5	1	79.509314	99.944351	0.188385	0.047167	0.023650	0.015821	0.011907	
13	0.006110	5	2	67.924598	100.000000	0.233875	0.058515	0.029344	0.019599	0.014731	
13	0.006107	5	4	56.996293	100.000000	0.274784	0.068766	0.034362	0.022339	0.017300	
13	0.006347	5	8	42.829644	100.000000	0.327570	0.077177	0.039279	0.027109	0.020644	
13	0.005638	5	16	26.815087	100.000000	0.387281	0.089738	0.046784	0.032247	0.024590	

14	0.018310	1	1	99.471727	79.604897	0.107887	0.027069	0.013555	0.009072	0.006840	
14	0.006259	1	1	99.471727	79.604897	0.107915	0.027039	0.013556	0.009062	0.006833	
14	0.006221	1	2	99.086046	89.565948	0.111776	0.027589	0.013813	0.009232	0.006958	
14	0.009695	1	4	98.373652	95.186424	0.116004	0.028612	0.014347	0.009592	0.007224	
14	0.007726	1	8	97.128952	97.801895	0.123872	0.030542	0.015448	0.010241	0.007760	
14	0.006673	1	16	94.920255	98.887032	0.135108	0.033957	0.017005	0.011361	0.008567	

14	0.006611	2	1	98.387174	96.688927	0.113905	0.028532	0.014310	0.009578	0.007205	
14	0.006574	2	2	97.205663	98.775742	0.120243	0.030012	0.015047	0.010058	0.007570	
14	0.006471	2	4	95.166516	99.805229	0.130867	0.032881	0.016429	0.010990	0.008249	
14	0.006525	2	8	91.802116	99.944351	0.149301	0.037314	0.018693	0.012501	0.009393	
14	0.007648	2	16	86.298276	100.000000	0.179282	0.044969	0.022529	0.015056	0.011303	

14	0.006701	3	1	95.708632	99.693939	0.128087	0.031696	0.015886	0.010611	0.008009	
14	0.006445	3	2	92.585835	99.916527	0.140596	0.035237	0.017655	0.011780	0.008874	
14	0.006412	3	4	87.931669	100.000000	0.162016	0.040586	0.020306	0.013561	0.010220	
14	0.006405	3	8	81.041323	100.000000	0.194070	0.048584	0.024339	0.016263	0.012210	
14	0.006636	3	16	69.819202	100.000000	0.246256	0.061757	0.030920	0.020633	0.015511	

14	0.006657	4	1	89.967963	99.916527	0.150851	0.037789	0.018962	0.012683	0.009566	
14	0.006549	4	2	83.104008	100.000000	0.179792	0.045082	0.022569	0.015087	0.011345	
14	0.007256	4	4	74.829063	100.000000	0.213857	0.053601	0.026841	0.017931	0.013478	
14	0.006484	4	8	63.478265	100.000000	0.263651	0.065592	0.032869	0.021722	0.016510	
14	0.006501	4	16	47.863450	100.000000	0.329348	0.077724	0.039354	0.027121	0.020694	

14	0.006719	5	1	79.519809	99.972176	0.191688	0.047977	0.024078	0.016091	0.012130	
14	0.006494	5	2	67.894248	100.000000	0.237662	0.059511	0.029810	0.019917	0.014974	
14	0.006254	5	4	56.945565	100.000000	0.279038	0.069888	0.034658	0.023019	0.017560	
14	0.006446	5	8	42.735218	100.000000	0.332629	0.079441	0.039880	0.027499	0.020950	
14	0.009137	5	16	26.789963	100.000000	0.391582	0.092570	0.046680	0.032307	0.024917	

15	0.013595	1	1	99.481145	81.107399	0.119587	0.029926	0.015046	0.010066	0.007581	
15	0.006867	1	1	99.481145	81.107399	0.119962	0.029984	0.015055	0.010055	0.007592	
15	0.006830	1	2	99.097051	90.818031	0.122000	0.030520	0.015285	0.010224	0.007687	
15	0.006982	1	4	98.384190	96.076790	0.125916	0.031562	0.015831	0.010585	0.007958	
15	0.006879	1	8	97.150510	98.247078	0.133808	0.033504	0.016801	0.011236	0.008440	
15	0.006846	1	16	94.956092	99.193100	0.148688	0.036972	0.018545	0.012379	0.009315	

15	0.006952	2	1	98.418208	97.189758	0.125411	0.031384	0.015771	0.010535	0.007920	
15	0.008809	2	2	97.248648	99.137451	0.131300	0.032951	0.016508	0.011037	0.008310	
15	0.007030	2	4	95.193489	99.944351	0.142141	0.035594	0.017831	0.011927	0.008963	
15	0.006903	2	8	91.853470	100.000000	0.160294	0.040125	0.020110	0.013440	0.010101	
15	0.006757	2	16	86.363269	100.000000	0.190690	0.047758	0.023911	0.015971	0.012000	

15	0.006906	3	1	95.782520	99.721756	0.137672	0.034427	0.017254	0.011543	0.008699	
15	0.006807	3	2	92.673624	99.916527	0.151897	0.038022	0.019064	0.012731	0.009588	
15	0.006913	3	4	87.949559	100.000000	0.173635	0.043502	0.021781	0.014557	0.010945	
15	0.006779	3	8	81.111382	100.000000	0.205207	0.051578	0.025725	0.017179	0.012909	
15	0.006835	3	16	69.876713	100.000000	0.257355	0.064509	0.032318	0.021565	0.016194	

15	0.006701	4	1	90.071720	99.916527	0.162220	0.040622	0.020377	0.013627	0.010260	
15	0.006926	4	2	83.245814	100.000000	0.190850	0.047864	0.023976	0.016013	0.012038	
15	0.006688	4	4	74.840955	100.000000	0.225151	0.056496	0.028307	0.018907	0.014229	
15	0.006753	4	8	63.562662	100.000000	0.272077	0.068337	0.034249	0.022557	0.017204	
15	0.006908	4	16	47.929477	100.000000	0.337693	0.080088	0.039960	0.028112	0.021412	

15	0.006715	5	1	79.679650	99.972176	0.202871	0.050816	0.025475	0.017023	0.012827	
15	0.006848	5	2	68.088544	100.000000	0.248495	0.062539	0.031226	0.020828	0.015665	
15	0.006952	5	4	56.951897	100.000000	0.290847	0.069884	0.034805	0.024008	0.018293	
15	0.006759	5	8	42.830590	100.000000	0.343470	0.081020	0.041202	0.027970	0.021662	
15	0.007060	5	16	26.814112	100.000000	0.400982	0.095885	0.048718	0.033065	0.025598	

16	0.011407	1	1	99.488132	81.914299	0.128518	0.032221	0.016160	0.010791	0.008145	
16	0.006419	1	1	99.488132	81.914299	0.128616	0.032218	0.016139	0.010813	0.008128	
16	0.006370	1	2	99.101825	91.652756	0.130437	0.032647	0.016366	0.010945	0.008231	
16	0.006343	1	4	98.392881	96.688927	0.134475	0.033680	0.016887	0.011274	0.008487	
16	0.006565	1	8	97.156653	98.497498	0.141878	0.035607	0.017833	0.011912	0.008958	
16	0.006429	1	16	94.960255	99.220924	0.155061	0.038899	0.019502	0.013017	0.009794	

16	0.006279	2	1	98.432546	97.161934	0.134460	0.033677	0.016881	0.011279	0.008503	
16	0.006425	2	2	97.258342	99.248749	0.140121	0.035106	0.017580	0.011740	0.008834	
16	0.006395	2	4	95.209341	99.972176	0.150661	0.037750	0.018906	0.012635	0.009505	
16	0.006337	2	8	91.843281	100.000000	0.168646	0.042255	0.021159	0.014134	0.010624	
16	0.006566	2	16	86.320081	100.000000	0.198478	0.049773	0.024921	0.016642	0.012508	

16	0.006559	3	1	95.802913	99.833054	0.146592	0.036732	0.018413	0.012292	0.009264	
16	0.006330	3	2	92.691309	99.916527	0.160354	0.040147	0.020110	0.014893	0.010102	
16	0.006339	3	4	87.959806	100.000000	0.181529	0.045412	0.022746	0.015193	0.011420	
16	0.006371	3	8	81.057219	100.000000	0.212911	0.053334	0.026709	0.017835	0.013408	
16	0.006392	3	16	69.767003	100.000000	0.264992	0.066437	0.032788	0.021463	0.016702	

16	0.006441	4	1	90.135971	99.944351	0.170588	0.042762	0.021420	0.014308	0.010797	
16	0.006633	4	2	83.264810	100.000000	0.198838	0.049863	0.025011	0.016766	0.012557	
16	0.006417	4	4	74.848525	100.000000	0.233177	0.058515	0.029287	0.019548	0.014697	
16	0.006477	4	8	63.484044	100.000000	0.279043	0.070105	0.034798	0.023128	0.017657	
16	0.006529	4	16	47.797234	100.000000	0.343831	0.080157	0.041004	0.028630	0.021797	

16	0.006512	5	1	79.772985	99.972176	0.210661	0.052803	0.026469	0.017686	0.013330	
16	0.006354	5	2	68.075691	100.000000	0.256212	0.064302	0.032195	0.021486	0.016175	
16	0.006457	5	4	56.926336	100.000000	0.298062	0.074721	0.035133	0.024668	0.018780	
16	0.006289	5	8	42.732365	100.000000	0.350614	0.082744	0.042030	0.029049	0.022203	
16	0.006668	5	16	26.733078	100.000000	0.408248	0.100165	0.049717	0.034216	0.026055	

17	0.018134	1	1	99.493881	83.695045	0.135492	0.033893	0.016992	0.011355	0.008560	
17	0.006983	1	1	99.493881	83.695045	0.135197	0.033870	0.016960	0.011356	0.008538	
17	0.006615	1	2	99.107939	91.958824	0.137311	0.034373	0.017226	0.011524	0.008668	
17	0.006792	1	4	98.399867	97.106293	0.141246	0.035371	0.017730	0.011835	0.008910	
17	0.006894	1	8	97.159025	98.692261	0.148812	0.037309	0.018693	0.012483	0.009396	
17	0.006803	1	16	94.967737	99.360046	0.162170	0.040684	0.020384	0.013611	0.010229	

17	0.006701	2	1	98.453856	97.885361	0.140923	0.035290	0.017697	0.011821	0.008893	
17	0.006750	2	2	97.286174	99.387863	0.148926	0.036746	0.018451	0.012298	0.009259	
17	0.008025	2	4	95.209821	99.944351	0.157396	0.039427	0.019751	0.013199	0.009940	
17	0.006858	2	8	91.841141	100.000000	0.175419	0.044073	0.022059	0.014741	0.011069	
17	0.006908	2	16	86.346413	100.000000	0.205358	0.051472	0.025759	0.017215	0.012929	

17	0.006725	3	1	95.847688	99.833054	0.155262	0.038305	0.020366	0.012830	0.009662	
17	0.006737	3	2	92.751703	99.944351	0.167014	0.041827	0.020936	0.014011	0.010514	
17	0.006684	3	4	87.966080	100.000000	0.188607	0.047210	0.023659	0.015795	0.011873	
17	0.006685	3	8	81.035821	100.000000	0.220000	0.055126	0.027624	0.018439	0.013855	
17	0.006824	3	16	69.778619	100.000000	0.272578	0.068432	0.034229	0.022233	0.017182	

17	0.006663	4	1	90.205491	99.972176	0.176954	0.044399	0.022248	0.014848	0.011189	
17	0.006671	4	2	83.368887	100.000000	0.208147	0.051570	0.025816	0.017282	0.012982	
17	0.006673	4	4	74.814434	100.000000	0.240777	0.060353	0.030214	0.020171	0.015167	
17	0.007025	4	8	63.437100	100.000000	0.287820	0.072120	0.034729	0.023481	0.018140	
17	0.006725	4	16	47.798966	100.000000	0.353430	0.082568	0.041635	0.028738	0.022304	

17	0.006660	5	1	79.888590	99.972176	0.217726	0.054482	0.027322	0.018248	0.013749	
17	0.006434	5	2	68.225882	100.000000	0.263824	0.066005	0.033066	0.021934	0.016648	
17	0.006683	5	4	56.896685	100.000000	0.306568	0.076776	0.035959	0.025032	0.019296	
17	0.006860	5	8	42.708318	100.000000	0.361438	0.084246	0.042358	0.029760	0.022667	
17	0.006972	5	16	26.744548	100.000000	0.416856	0.099213	0.051728	0.034796	0.026615	

18	0.018101	1	1	99.496953	85.281029	0.142227	0.035582	0.017833	0.011929	0.008974	
18	0.008370	1	1	99.496953	85.281029	0.145382	0.035613	0.017816	0.011914	0.008987	
18	0.007245	1	2	99.112859	93.183083	0.144121	0.036085	0.018090	0.012072	0.009084	
18	0.006954	1	4	98.408179	97.551476	0.148095	0.037088	0.018561	0.024946	0.012811	
18	0.008657	1	8	97.170175	99.109627	0.155392	0.038930	0.019515	0.013041	0.009822	
18	0.007289	1	16	94.990721	99.499168	0.168705	0.042296	0.021183	0.014148	0.010634	

18	0.007077	2	1	98.474410	98.330551	0.147975	0.037080	0.018573	0.012427	0.009341	
18	0.007252	2	2	97.311851	99.610458	0.153931	0.038500	0.019285	0.012889	0.009693	
18	0.006988	2	4	95.222616	99.972176	0.164418	0.041140	0.020610	0.013762	0.010350	
18	0.007200	2	8	91.857531	100.000000	0.182502	0.045670	0.022868	0.015272	0.011481	
18	0.006972	2	16	86.397680	100.000000	0.216053	0.053237	0.026623	0.017786	0.013363	

18	0.006868	3	1	95.883539	99.888702	0.159950	0.040005	0.020044	0.013404	0.010101	
18	0.007146	3	2	92.781747	99.972176	0.174105	0.043592	0.021808	0.014576	0.010953	
18	0.007374	3	4	87.966895	100.000000	0.195688	0.048959	0.024530	0.016375	0.012304	
18	0.007097	3	8	81.023958	100.000000	0.230943	0.056912	0.028497	0.019034	0.014302	
18	0.007068	3	16	69.843089	100.000000	0.280389	0.069903	0.034598	0.023069	0.017581	

18	0.006129	4	1	90.281227	99.972176	0.184007	0.046083	0.023105	0.015433	0.011638	
18	0.006906	4	2	83.439819	100.000000	0.213295	0.053310	0.026718	0.017842	0.013417	
18	0.007014	4	4	74.801028	100.000000	0.248269	0.062338	0.031197	0.020815	0.015637	
18	0.007330	4	8	63.401001	100.000000	0.296967	0.074121	0.035504	0.024454	0.018638	
18	0.007046	4	16	47.857802	100.000000	0.361734	0.082984	0.042594	0.029446	0.022838	

18	0.008647	5	1	80.007208	100.000000	0.224618	0.056248	0.028188	0.018842	0.014200	
18	0.007059	5	2	68.335679	100.000000	0.271371	0.070063	0.033815	0.022417	0.017098	
18	0.007203	5	4	56.874298	100.000000	0.316864	0.083118	0.040228	0.027630	0.021123	
18	0.006943	5	8	42.677197	100.000000	0.369644	0.085611	0.044128	0.030081	0.023224	
18	0.007158	5	16	26.798421	100.000000	0.425436	0.100425	0.050907	0.035693	0.027162	

19	0.018115	1	1	99.502397	85.587090	0.148941	0.037365	0.018743	0.012510	0.009442	
19	0.007272	1	1	99.502397	85.587090	0.149309	0.037379	0.018725	0.012517	0.009434	
19	0.007544	1	2	99.122029	93.628273	0.155458	0.037829	0.018947	0.012672	0.009512	
19	0.007341	1	4	98.418325	97.495827	0.159323	0.038766	0.019419	0.012967	0.009748	
19	0.007473	1	8	97.179477	99.165276	0.162265	0.040637	0.020361	0.013604	0.010233	
19	0.007298	1	16	95.009732	99.415695	0.175311	0.043934	0.022013	0.014700	0.011051	

19	0.007304	2	1	98.477860	98.497498	0.154925	0.038755	0.019455	0.012988	0.009776	
19	0.007382	2	2	97.323394	99.638283	0.160369	0.040142	0.020112	0.013442	0.010123	
19	0.007259	2	4	95.248919	100.000000	0.171006	0.043160	0.021539	0.014371	0.010797	
19	0.007592	2	8	91.884751	100.000000	0.189223	0.047405	0.023730	0.015851	0.011910	
19	0.007289	2	16	86.428961	100.000000	0.219218	0.054939	0.027497	0.018367	0.013807	

19	0.007501	3	1	95.889158	99.916527	0.166828	0.041871	0.020947	0.014000	0.010538	
19	0.007306	3	2	92.798559	100.000000	0.181168	0.045333	0.022698	0.015173	0.011411	
19	0.007187	3	4	88.006051	100.000000	0.202734	0.050717	0.025437	0.016958	0.012751	
19	0.007486	3	8	81.051469	100.000000	0.234957	0.058767	0.029466	0.019695	0.014774	
19	0.007479	3	16	69.867951	100.000000	0.287343	0.071940	0.034770	0.023731	0.018095	

19	0.008711	4	1	90.237049	99.972176	0.191636	0.047919	0.024027	0.016068	0.012090	
19	0.007422	4	2	83.442017	100.000000	0.220263	0.055207	0.027638	0.018478	0.013876	
19	0.007660	4	4	74.838321	100.000000	0.256028	0.064129	0.032115	0.021287	0.016134	
19	0.007347	4	8	63.411525	100.000000	0.303522	0.075925	0.036361	0.024905	0.019132	
19	0.007500	4	16	47.877148	100.000000	0.370344	0.086133	0.044309	0.030684	0.023347	

19	0.007743	5	1	79.978605	100.000000	0.232160	0.058142	0.029167	0.019497	0.014682	
19	0.007379	5	2	68.368401	100.000000	0.283175	0.069864	0.034127	0.023074	0.017605	
19	0.007278	5	4	56.895389	100.000000	0.324211	0.077663	0.038572	0.026479	0.020322	
19	0.007487	5	8	42.673049	100.000000	0.377469	0.089076	0.044402	0.030749	0.023780	
19	0.008202	5	16	26.802176	100.000000	0.433513	0.102723	0.052869	0.036478	0.027770	

20	0.013276	1	1	99.503940	86.505287	0.158115	0.039600	0.019848	0.013269	0.009996	
20	0.006780	1	1	99.503940	86.505287	0.158084	0.039552	0.019822	0.013235	0.009988	
20	0.006623	1	2	99.125231	94.212570	0.159557	0.040004	0.020024	0.013390	0.010062	
20	0.006903	1	4	98.424380	97.774071	0.163861	0.040976	0.020539	0.013720	0.010309	
20	0.006971	1	8	97.183421	99.165276	0.171487	0.042949	0.021501	0.014365	0.010806	
20	0.006924	1	16	95.026791	99.443520	0.184318	0.046252	0.023135	0.015450	0.011614	

20	0.006738	2	1	98.472881	98.831383	0.163945	0.041001	0.020694	0.013721	0.010339	
20	0.007164	2	2	97.325519	99.693939	0.169987	0.042544	0.021303	0.014224	0.010710	
20	0.006821	2	4	95.262456	100.000000	0.180536	0.045201	0.022641	0.015121	0.011369	
20	0.007076	2	8	91.890486	100.000000	0.198725	0.049747	0.024927	0.016671	0.012514	
20	0.006987	2	16	86.457520	100.000000	0.229137	0.057461	0.028768	0.019202	0.014419	

20	0.006814	3	1	95.863728	99.944351	0.176506	0.044281	0.022138	0.014783	0.011149	
20	0.006711	3	2	92.783465	99.944351	0.191269	0.047862	0.023981	0.016020	0.012051	
20	0.006775	3	4	88.002034	100.000000	0.213629	0.053439	0.026751	0.017871	0.013427	
20	0.006753	3	8	81.029868	100.000000	0.246628	0.061716	0.030885	0.020601	0.015519	
20	0.006725	3	16	69.907340	100.000000	0.300103	0.074079	0.035515	0.024767	0.018865	

20	0.006972	4	1	90.177179	99.972176	0.201329	0.050544	0.025300	0.016915	0.012736	
20	0.006729	4	2	83.424229	100.000000	0.231106	0.057965	0.029002	0.019369	0.014563	
20	0.007080	4	4	74.802571	100.000000	0.267346	0.067116	0.033600	0.022222	0.016864	
20	0.007083	4	8	63.360447	100.000000	0.316054	0.076931	0.037175	0.025942	0.019920	
20	0.006737	4	16	47.900801	100.000000	0.380582	0.089544	0.045208	0.031147	0.024182	

20	0.006898	5	1	79.865300	100.000000	0.243578	0.061020	0.030579	0.020398	0.015409	
20	0.006862	5	2	68.330395	100.000000	0.291329	0.072935	0.035209	0.023656	0.018366	
20	0.006901	5	4	56.832856	100.000000	0.337523	0.082573	0.039626	0.027293	0.021173	
20	0.006850	5	8	42.618463	100.000000	0.389886	0.092929	0.046888	0.031798	0.024692	
20	0.006962	5	16	26.816907	100.000000	0.448782	0.106846	0.054671	0.037447	0.028763	

21	0.018635	1	1	99.506458	87.006119	0.163905	0.041102	0.020576	0.013755	0.010361	
21	0.007271	1	1	99.506458	87.006119	0.164091	0.041069	0.020581	0.013741	0.010361	
21	0.007165	1	2	99.129380	94.657761	0.166030	0.041813	0.020868	0.013929	0.017774	
21	0.007258	1	4	98.425137	97.996666	0.169988	0.042516	0.021306	0.014227	0.010697	
21	0.007150	1	8	97.189171	99.220924	0.177600	0.044525	0.022286	0.014874	0.011185	
21	0.007047	1	16	95.042163	99.415695	0.190993	0.047828	0.023949	0.015978	0.012014	

21	0.007101	2	1	98.484948	98.887032	0.170042	0.042567	0.021346	0.014251	0.010730	
21	0.006670	2	2	97.346494	99.805229	0.175971	0.044076	0.022099	0.014742	0.012053	
21	0.007167	2	4	95.269327	100.000000	0.187276	0.046862	0.023472	0.015679	0.011788	
21	0.007050	2	8	91.887022	100.000000	0.206122	0.051593	0.025836	0.017273	0.012972	
21	0.007208	2	16	86.473853	100.000000	0.237065	0.059396	0.029743	0.019868	0.014924	

21	0.008298	3	1	95.895228	99.944351	0.183000	0.045797	0.022927	0.015326	0.011540	
21	0.007256	3	2	92.844848	100.000000	0.197767	0.049486	0.024784	0.016543	0.012444	
21	0.006938	3	4	88.009399	100.000000	0.224557	0.055230	0.027666	0.018477	0.013876	
21	0.007124	3	8	80.992211	100.000000	0.254920	0.063779	0.031935	0.021314	0.016025	
21	0.007365	3	16	69.915797	100.000000	0.308785	0.075736	0.036978	0.025485	0.019446	

21	0.007129	4	1	90.242988	99.972176	0.208689	0.052246	0.026190	0.017517	0.013176	
21	0.007150	4	2	83.536982	100.000000	0.238815	0.059780	0.029952	0.019996	0.015022	
21	0.007407	4	4	74.793677	100.000000	0.276639	0.069264	0.034558	0.022867	0.017414	
21	0.007224	4	8	63.292775	100.000000	0.327046	0.079276	0.039207	0.026579	0.020598	
21	0.007283	4	16	47.898894	100.000000	0.392073	0.090664	0.047385	0.032419	0.024895	

21	0.007351	5	1	79.945024	100.000000	0.254931	0.063010	0.031567	0.021098	0.015897	
21	0.007377	5	2	68.479538	100.000000	0.299890	0.074835	0.035904	0.024748	0.018896	
21	0.007465	5	4	56.801080	100.000000	0.346506	0.081119	0.041376	0.028601	0.021790	
21	0.007157	5	8	42.559088	100.000000	0.400292	0.094882	0.047469	0.033328	0.025373	
21	0.007302	5	16	26.806849	100.000000	0.457090	0.109165	0.056144	0.038013	0.029449	

