=== Brute Force Search

digits
100.00	0.386028	0.091704	0.047279	0.033513	0.024724	
100.00	0.388216	0.099201	0.047224	0.031607	0.024577	
100.00	0.386698	0.093084	0.047211	0.031590	0.024557	
100.00	0.386402	0.090714	0.047203	0.031726	0.024558	
100.00	0.386939	0.089671	0.047293	0.031551	0.024571	

random-median
100.00	17.582948	4.414413	2.323600	1.568902	1.218569	
100.00	17.551045	4.418087	2.299240	1.594340	1.219639	
100.00	17.550846	4.413569	2.281860	1.571153	1.230527	
100.00	17.508636	4.419176	2.283957	1.566055	1.222611	
100.00	17.564386	4.401181	2.270678	1.568474	1.216378	

sift-big
100.00	59.127511	14.902043	7.711538	5.329751	4.176852	
100.00	59.098310	14.920708	7.718580	5.354470	4.176341	
100.00	59.181638	15.001572	7.748738	5.336692	4.192869	
100.00	59.411447	14.900579	7.683311	5.348430	4.158450	
100.00	59.182601	14.898724	7.737427	5.326186	4.179202	

madelon
100.00	1.258381	0.310356	0.164306	0.113452	0.085421	
100.00	1.266575	0.320087	0.164148	0.110762	0.087514	
100.00	1.258498	0.314047	0.159886	0.114100	0.093188	
100.00	1.257543	0.317820	0.160103	0.113392	0.086267	
100.00	1.258536	0.312930	0.160616	0.113530	0.085465	

gist
100.00	1.075354	0.270543	0.135497	0.094306	0.072925	
100.00	1.072937	0.263961	0.139887	0.094825	0.072904	
100.00	1.075319	0.270239	0.139985	0.097174	0.072927	
100.00	1.072742	0.270059	0.140021	0.094334	0.073453	
100.00	1.074316	0.268161	0.135694	0.094482	0.074766	

har
100.00	8.284518	2.093195	1.102715	0.761499	0.579160	
100.00	8.277874	2.076726	1.111066	0.763529	0.587555	
100.00	8.276494	2.080758	1.076010	0.761668	0.573919	
100.00	8.325390	2.091058	1.078598	0.742321	0.575687	
100.00	8.277023	2.100898	1.104082	0.761441	0.585441	
