=== Intel SCF digits

2	8	0.033069	0	0	98.455938	17.417917	0.035166	0.009058	0.004533	0.003038	0.002298	
2	16	0.060991	0	0	98.593174	30.217028	0.035754	0.009211	0.004620	0.003106	0.002336	
2	24	0.088695	0	0	98.718561	39.065109	0.036403	0.009275	0.004665	0.003121	0.002352	
2	32	0.126495	0	0	98.810046	44.240398	0.037183	0.009429	0.004741	0.003173	0.002387	
4	8	0.036306	0	0	98.998724	27.351141	0.042382	0.010806	0.005411	0.003633	0.002737	
4	16	0.067210	0	0	99.101534	44.462994	0.043468	0.011047	0.005540	0.003705	0.002804	
4	24	0.097097	0	0	99.164533	54.702282	0.044600	0.011287	0.005657	0.003794	0.002884	
4	32	0.126891	0	0	99.214999	59.042847	0.045572	0.011562	0.005792	0.003881	0.002930	
8	8	0.045767	0	0	99.296951	42.431831	0.059449	0.015153	0.007597	0.005074	0.003822	
8	16	0.084734	0	0	99.394608	58.514191	0.061086	0.015358	0.007696	0.005153	0.003883	
8	24	0.119679	0	0	99.419805	65.859764	0.062383	0.015817	0.007932	0.005309	0.004013	
8	32	0.155699	0	0	99.447083	70.061211	0.064090	0.016200	0.008136	0.005441	0.004101	
12	8	0.058494	0	0	99.229890	57.178627	0.079238	0.020400	0.010015	0.006690	0.005032	
12	16	0.104810	0	0	99.300444	73.594879	0.081016	0.020379	0.010266	0.006860	0.005169	
12	24	0.154221	0	0	99.321274	79.437950	0.083234	0.021279	0.010599	0.007089	0.005376	
12	32	0.202624	0	0	99.334739	82.387314	0.085399	0.021579	0.010796	0.007206	0.005468	
16	8	0.063708	0	0	99.485977	66.833611	0.099137	0.025057	0.012554	0.008374	0.006300	
16	16	0.110899	0	0	99.502149	78.658882	0.102094	0.025822	0.012888	0.008600	0.006479	
16	24	0.163669	0	0	98.132034	84.056763	0.110489	0.027920	0.013963	0.009341	0.007007	
16	32	0.210521	0	0	96.473371	86.894821	0.121623	0.030853	0.015387	0.010268	0.007707	
20	8	0.064084	0	0	8.265061	96.327209	0.480671	0.115144	0.057994	0.040759	0.031055	
20	16	0.112762	0	0	1.932377	99.666115	0.494004	0.119023	0.059933	0.041488	0.032080	
20	24	0.164459	0	0	0.130569	99.944351	0.502510	0.122250	0.061602	0.042556	0.032983	
20	32	0.192135	0	0	0.600763	99.944351	0.503663	0.124661	0.063222	0.043620	0.033032	
24	8	0.051664	0	0	0.000000	100.000000	0.505437	0.123151	0.062827	0.042678	0.033067	
24	16	0.095871	0	0	0.000000	100.000000	0.507389	0.123273	0.062870	0.042840	0.033091	
24	24	0.116547	0	0	0.000000	100.000000	0.512386	0.124705	0.062684	0.043004	0.033992	
24	32	0.141798	0	0	0.000000	100.000000	0.514957	0.127415	0.062539	0.043196	0.033585	
28	8	0.062215	0	0	0.000000	100.000000	0.529647	0.125092	0.065795	0.044352	0.034495	
28	16	0.110532	0	0	0.000000	100.000000	0.531597	0.128659	0.066188	0.045038	0.037200	
28	24	0.139095	0	0	0.000000	100.000000	0.536675	0.129441	0.065312	0.045290	0.034970	
28	32	0.171326	0	0	0.000000	100.000000	0.539525	0.130758	0.065753	0.045667	0.035290	
32	8	0.071610	0	0	0.000000	100.000000	0.554960	0.135376	0.067846	0.047140	0.036287	
32	16	0.122988	0	0	0.000000	100.000000	0.556086	0.136309	0.069724	0.048139	0.036582	
32	24	0.155246	0	0	0.000000	100.000000	0.564252	0.133352	0.069020	0.047472	0.036857	
32	32	0.196373	0	0	0.000000	100.000000	0.570377	0.138556	0.070739	0.049092	0.037151	
36	8	0.029910	0	0	0.000000	100.000000	0.585826	0.143107	0.071739	0.049575	0.038458	
36	16	0.036187	0	0	0.000000	100.000000	0.583075	0.140098	0.074008	0.050788	0.038841	
36	24	0.015389	0	0	8.136253	91.012802	0.570946	0.137254	0.070057	0.048359	0.037497	
36	32	0.015404	0	0	0.810882	99.360046	0.591637	0.144024	0.074027	0.051809	0.039967	
40	8	0.032840	0	0	0.000000	100.000000	0.606811	0.148802	0.074802	0.051683	0.056691	
40	16	0.042863	0	0	0.000000	100.000000	0.610437	0.147172	0.075132	0.052997	0.040190	
40	24	0.017212	0	0	8.180621	90.901497	0.596827	0.146222	0.073227	0.051543	0.039296	
40	32	0.017073	0	0	0.078472	99.972176	0.619564	0.151529	0.078092	0.052540	0.040787	
44	8	0.040446	0	0	0.000000	100.000000	0.635409	0.155828	0.079925	0.054245	0.041849	
44	16	0.043498	0	0	0.000000	100.000000	0.636782	0.153764	0.079365	0.054686	0.044789	
44	24	0.018806	0	0	8.605807	90.511963	0.627096	0.153570	0.078962	0.053861	0.041366	
44	32	0.018762	0	0	0.090991	99.972176	0.648666	0.158889	0.081318	0.056173	0.042961	
48	8	0.040799	0	0	0.000000	100.000000	0.659924	0.162001	0.081320	0.056577	0.043619	
48	16	0.047426	0	0	0.000000	100.000000	0.662755	0.162578	0.082057	0.056628	0.043907	
48	24	0.021474	0	0	8.605807	90.511963	0.653370	0.156553	0.080470	0.056016	0.044003	
48	32	0.020530	0	0	0.078472	99.972176	0.673415	0.165699	0.084998	0.057597	0.044695	
52	8	0.043953	0	0	0.000000	100.000000	0.690168	0.171378	0.086750	0.060383	0.046169	
52	16	0.051522	0	0	0.000000	100.000000	0.694072	0.172228	0.088752	0.061138	0.046272	
52	24	0.022729	0	0	8.605807	90.511963	0.682034	0.165269	0.086058	0.059335	0.047236	
52	32	0.022346	0	0	0.078472	99.972176	0.706365	0.178403	0.091796	0.061988	0.047441	
56	8	0.047648	0	0	0.000000	100.000000	0.715410	0.172597	0.088623	0.062245	0.047407	
56	16	0.055672	0	0	0.000000	100.000000	0.719040	0.173886	0.089071	0.061706	0.048196	
56	24	0.024210	0	0	8.605807	90.511963	0.708149	0.173073	0.089482	0.061632	0.046970	
56	32	0.024098	0	0	0.078472	99.972176	0.729848	0.177247	0.092474	0.062706	0.048737	
60	8	0.050419	0	0	0.000000	100.000000	0.743338	0.181095	0.092355	0.063726	0.049450	
60	16	0.060589	0	0	0.000000	100.000000	0.748333	0.183988	0.094648	0.065294	0.049756	
60	24	0.025703	0	0	0.000000	100.000000	0.754547	0.184061	0.094123	0.066081	0.050318	
60	32	0.025678	0	0	0.078472	99.972176	0.760767	0.183614	0.094500	0.066477	0.050661	
64	8	0.054603	0	0	0.000000	100.000000	0.768608	0.187079	0.097336	0.067127	0.053468	
64	16	0.063792	0	0	0.000000	100.000000	0.773967	0.191213	0.098212	0.067645	0.051528	
64	24	0.027671	0	0	0.000000	100.000000	0.780297	0.190807	0.099088	0.068374	0.052092	
64	32	0.027615	0	0	0.052315	99.972176	0.788004	0.194174	0.098477	0.068045	0.052609	
