=== Intel SCF gist

2	8	0.187013	0	0	88.491667	63.500000	0.155199	0.039059	0.019625	0.013149	0.009908	
2	16	0.351332	0	0	90.534167	70.150002	0.134374	0.033845	0.016983	0.011379	0.008575	
2	24	0.514834	0	0	91.682767	73.400002	0.123359	0.031092	0.015639	0.010511	0.007925	
2	32	0.677651	0	0	92.189300	75.050003	0.120294	0.030326	0.015247	0.010192	0.007694	
4	8	0.190669	0	0	90.013333	64.450005	0.141100	0.035507	0.017838	0.011934	0.008998	
4	16	0.353224	0	0	91.964133	72.649994	0.121147	0.030556	0.015355	0.010296	0.007774	
4	24	0.516212	0	0	93.146867	75.849998	0.110731	0.027867	0.014003	0.009367	0.007072	
4	32	0.679222	0	0	93.712000	75.250000	0.107974	0.027175	0.013654	0.009145	0.006898	
8	8	0.205234	0	0	92.424867	67.599998	0.120996	0.030591	0.015345	0.010280	0.007774	
8	16	0.378334	0	0	94.513533	72.949997	0.099107	0.024981	0.012539	0.008420	0.006350	
8	24	0.552454	0	0	95.391533	76.150002	0.092923	0.023348	0.011746	0.007867	0.005931	
8	32	0.725966	0	0	95.834567	80.349998	0.091697	0.023304	0.011693	0.007821	0.005892	
12	8	0.213868	0	0	93.138100	73.449997	0.120674	0.030395	0.015281	0.010242	0.007743	
12	16	0.384427	0	0	95.076267	79.799995	0.101689	0.025615	0.012872	0.008639	0.006519	
12	24	0.557034	0	0	95.843333	82.200005	0.097716	0.024594	0.012359	0.008279	0.006260	
12	32	0.728593	0	0	96.265033	84.500000	0.097244	0.024508	0.012326	0.008240	0.006223	
16	8	0.215972	0	0	94.901400	70.900002	0.108716	0.027390	0.013733	0.009189	0.006922	
16	16	0.390147	0	0	96.330500	78.250000	0.096089	0.024285	0.012185	0.008140	0.006143	
16	24	0.563166	0	0	96.891133	80.750000	0.095333	0.024061	0.012060	0.008065	0.006067	
16	32	0.736996	0	0	97.234267	81.500000	0.097123	0.024460	0.012278	0.008210	0.006179	
20	8	0.228781	0	0	94.368667	76.800003	0.127502	0.032030	0.016091	0.010796	0.008149	
20	16	0.411267	0	0	96.039333	83.099998	0.113565	0.028659	0.014398	0.009634	0.007268	
20	24	0.592997	0	0	96.641433	86.099998	0.112869	0.028435	0.014249	0.009540	0.007188	
20	32	0.774252	0	0	97.001900	86.799995	0.114310	0.028792	0.014422	0.009647	0.007264	
24	8	0.235892	0	0	95.197367	75.050003	0.128081	0.032240	0.016197	0.010849	0.008186	
24	16	0.428711	0	0	96.659067	81.800003	0.117228	0.029516	0.014789	0.009909	0.007477	
24	24	0.615656	0	0	97.168533	83.350006	0.118483	0.029835	0.014933	0.009996	0.007532	
24	32	0.803733	0	0	97.500033	84.699997	0.122020	0.030730	0.015389	0.010284	0.007744	
28	8	0.248699	0	0	95.605300	75.400002	0.132106	0.033420	0.016737	0.011202	0.008465	
28	16	0.443147	0	0	96.921967	81.800003	0.122737	0.030971	0.015489	0.010373	0.007819	
28	24	0.635442	0	0	97.433100	84.449997	0.123919	0.031184	0.015635	0.010450	0.007872	
28	32	0.827467	0	0	97.672267	85.500000	0.128625	0.032333	0.016221	0.010829	0.008152	
32	8	0.241578	0	0	96.224300	73.449997	0.135239	0.034058	0.017070	0.011400	0.008588	
32	16	0.439385	0	0	97.372633	78.500000	0.126990	0.032010	0.016030	0.010716	0.008062	
32	24	0.623541	0	0	97.767367	81.400002	0.129670	0.032628	0.016360	0.010927	0.008209	
32	32	0.812487	0	0	97.984767	82.000000	0.135605	0.034007	0.017084	0.011413	0.008598	
36	8	0.261593	0	0	96.178000	75.950005	0.146206	0.036788	0.018428	0.012322	0.009301	
36	16	0.472919	0	0	97.344867	79.900002	0.138054	0.034655	0.017439	0.011659	0.008786	
36	24	0.674344	0	0	97.730733	84.199997	0.141544	0.035647	0.017873	0.011941	0.008980	
36	32	0.878209	0	0	98.004633	86.150002	0.146842	0.036944	0.018531	0.012360	0.009306	
40	8	0.244400	0	0	93.736533	86.799995	0.186426	0.046907	0.023508	0.015717	0.011876	
40	16	0.436396	0	0	95.558600	89.950005	0.171893	0.043261	0.021968	0.014495	0.010930	
40	24	0.717439	0	0	96.239567	92.000000	0.171708	0.043103	0.021584	0.014430	0.010876	
40	32	0.803539	0	0	96.604733	92.599998	0.176055	0.044429	0.022264	0.014857	0.011199	
44	8	0.277609	0	0	94.694033	84.699997	0.183937	0.046278	0.023159	0.015504	0.011690	
44	16	0.501743	0	0	96.340000	88.750000	0.171883	0.043222	0.021669	0.014476	0.010900	
44	24	0.713165	0	0	96.898267	90.200005	0.174792	0.044016	0.022023	0.014728	0.011084	
44	32	0.927529	0	0	97.177800	92.449997	0.181367	0.045734	0.022883	0.015306	0.011507	
48	8	0.284622	0	0	94.651067	86.099998	0.195587	0.049078	0.024615	0.016467	0.012423	
48	16	0.511020	0	0	96.335000	89.950005	0.184467	0.046441	0.023242	0.015516	0.011699	
48	24	0.726984	0	0	96.933000	92.650002	0.187579	0.047099	0.023636	0.015758	0.011882	
48	32	0.942602	0	0	97.228600	93.750000	0.194568	0.048811	0.024454	0.016344	0.012317	
52	8	0.286380	0	0	93.049667	90.599998	0.226076	0.056840	0.028476	0.019039	0.014368	
52	16	0.516750	0	0	95.055000	94.450005	0.210591	0.052980	0.026560	0.017730	0.013332	
52	24	0.728710	0	0	95.832567	95.550003	0.212578	0.053531	0.026805	0.017887	0.013460	
52	32	0.952343	0	0	96.158000	96.200005	0.220460	0.055115	0.027694	0.018472	0.013905	
56	8	0.307727	0	0	97.566867	77.100006	0.180401	0.045374	0.022727	0.015178	0.011415	
56	16	0.553615	0	0	98.312933	82.250000	0.182320	0.045984	0.022980	0.015348	0.011542	
56	24	0.786832	0	0	98.592500	84.300003	0.191270	0.048073	0.024079	0.016102	0.012086	
56	32	1.018165	0	0	98.664833	85.399994	0.202624	0.050832	0.025469	0.017044	0.012797	
60	8	0.293654	0	0	95.498400	86.000000	0.219435	0.055147	0.027612	0.018451	0.013908	
60	16	0.513926	0	0	96.934667	90.550003	0.212101	0.053351	0.026698	0.017844	0.013428	
60	24	0.721931	0	0	97.430167	92.650002	0.218583	0.054780	0.027433	0.018354	0.013807	
60	32	0.934200	0	0	97.608267	94.050003	0.227296	0.057003	0.028573	0.019103	0.014349	
64	8	0.306707	0	0	98.101233	72.649994	0.198517	0.049961	0.025050	0.016729	0.012576	
64	16	0.548184	0	0	98.730267	78.250000	0.202635	0.050938	0.025498	0.017053	0.012801	
64	24	0.771372	0	0	98.938267	80.349998	0.213430	0.053545	0.026806	0.017958	0.013481	
64	32	1.011009	0	0	98.962767	83.050003	0.225353	0.056444	0.028306	0.018981	0.014239	
